year,eff_mom,eff_dad,nbabies,naliveadults,possible_mom,possible_dad,eff_mig,parameterset,replicate,project,group
1,9,9,12,599,304,295,0,1,1,p_1.30.24_LL3f_mi,1
2,86,76,113,869,417,452,0,1,1,p_1.30.24_LL3f_mi,1
3,123,107,163,795,376,419,0,1,1,p_1.30.24_LL3f_mi,1
4,161,138,206,709,331,378,0,1,1,p_1.30.24_LL3f_mi,1
5,175,143,230,640,284,356,0,1,1,p_1.30.24_LL3f_mi,1
6,179,138,230,640,297,343,0,1,1,p_1.30.24_LL3f_mi,1
7,177,144,226,653,308,345,0,1,1,p_1.30.24_LL3f_mi,1
8,174,134,230,642,302,340,0,1,1,p_1.30.24_LL3f_mi,1
9,172,132,222,675,305,370,0,1,1,p_1.30.24_LL3f_mi,1
10,170,143,218,678,316,362,0,1,1,p_1.30.24_LL3f_mi,1
11,171,134,227,653,305,348,0,1,1,p_1.30.24_LL3f_mi,1
12,180,140,229,650,298,352,0,1,1,p_1.30.24_LL3f_mi,1
13,177,146,223,661,298,363,0,1,1,p_1.30.24_LL3f_mi,1
14,171,139,222,668,294,374,0,1,1,p_1.30.24_LL3f_mi,1
15,177,140,227,660,311,349,0,1,1,p_1.30.24_LL3f_mi,1
16,176,139,227,655,305,350,0,1,1,p_1.30.24_LL3f_mi,1
17,177,136,228,649,309,340,0,1,1,p_1.30.24_LL3f_mi,1
18,180,141,227,653,311,342,0,1,1,p_1.30.24_LL3f_mi,1
19,163,130,216,685,310,375,0,1,1,p_1.30.24_LL3f_mi,1
20,177,133,227,653,308,345,0,1,1,p_1.30.24_LL3f_mi,1
21,184,143,232,643,304,339,0,1,1,p_1.30.24_LL3f_mi,1
22,182,132,226,666,327,339,0,1,1,p_1.30.24_LL3f_mi,1
23,173,133,230,647,315,332,0,1,1,p_1.30.24_LL3f_mi,1
24,177,136,227,656,318,338,0,1,1,p_1.30.24_LL3f_mi,1
25,176,134,227,654,324,330,0,1,1,p_1.30.24_LL3f_mi,1
26,159,127,209,703,341,362,0,1,1,p_1.30.24_LL3f_mi,1
27,164,135,214,688,336,352,0,1,1,p_1.30.24_LL3f_mi,1
28,169,133,223,670,324,346,0,1,1,p_1.30.24_LL3f_mi,1
29,166,131,223,666,321,345,0,1,1,p_1.30.24_LL3f_mi,1
30,177,141,222,665,323,342,0,1,1,p_1.30.24_LL3f_mi,1
31,182,136,226,653,310,343,0,1,1,p_1.30.24_LL3f_mi,1
32,174,141,215,695,330,365,0,1,1,p_1.30.24_LL3f_mi,1
33,171,130,225,665,312,353,0,1,1,p_1.30.24_LL3f_mi,1
34,180,140,230,642,294,348,0,1,1,p_1.30.24_LL3f_mi,1
35,178,142,223,665,303,362,0,1,1,p_1.30.24_LL3f_mi,1
36,175,143,217,681,315,366,0,1,1,p_1.30.24_LL3f_mi,1
37,174,144,222,671,320,351,0,1,1,p_1.30.24_LL3f_mi,1
38,180,147,222,672,314,358,0,1,1,p_1.30.24_LL3f_mi,1
39,173,125,226,663,332,331,0,1,1,p_1.30.24_LL3f_mi,1
40,171,133,226,660,328,332,0,1,1,p_1.30.24_LL3f_mi,1
41,179,130,229,655,349,306,0,1,1,p_1.30.24_LL3f_mi,1
42,175,138,226,661,344,317,0,1,1,p_1.30.24_LL3f_mi,1
43,173,125,225,657,332,325,0,1,1,p_1.30.24_LL3f_mi,1
44,174,133,227,655,326,329,0,1,1,p_1.30.24_LL3f_mi,1
45,170,134,221,674,319,355,0,1,1,p_1.30.24_LL3f_mi,1
46,173,136,226,660,333,327,0,1,1,p_1.30.24_LL3f_mi,1
47,165,130,216,681,340,341,0,1,1,p_1.30.24_LL3f_mi,1
48,175,129,224,661,327,334,0,1,1,p_1.30.24_LL3f_mi,1
49,177,140,225,656,315,341,0,1,1,p_1.30.24_LL3f_mi,1
50,180,140,230,645,310,335,0,1,1,p_1.30.24_LL3f_mi,1
51,169,133,217,685,342,343,0,1,1,p_1.30.24_LL3f_mi,1
52,180,139,225,661,334,327,0,1,1,p_1.30.24_LL3f_mi,1
53,175,139,224,669,338,331,0,1,1,p_1.30.24_LL3f_mi,1
54,173,137,224,665,347,318,0,1,1,p_1.30.24_LL3f_mi,1
55,178,139,222,671,332,339,0,1,1,p_1.30.24_LL3f_mi,1
56,161,136,212,692,321,371,0,1,1,p_1.30.24_LL3f_mi,1
57,178,140,223,662,324,338,0,1,1,p_1.30.24_LL3f_mi,1
58,179,140,227,651,321,330,0,1,1,p_1.30.24_LL3f_mi,1
59,173,145,222,668,307,361,0,1,1,p_1.30.24_LL3f_mi,1
60,180,137,224,667,312,355,0,1,1,p_1.30.24_LL3f_mi,1
61,175,132,224,660,320,340,0,1,1,p_1.30.24_LL3f_mi,1
62,178,136,224,664,344,320,0,1,1,p_1.30.24_LL3f_mi,1
63,172,136,218,679,349,330,0,1,1,p_1.30.24_LL3f_mi,1
64,181,141,228,656,330,326,0,1,1,p_1.30.24_LL3f_mi,1
65,178,138,225,659,332,327,0,1,1,p_1.30.24_LL3f_mi,1
66,170,131,224,664,349,315,0,1,1,p_1.30.24_LL3f_mi,1
67,166,131,216,686,358,328,0,1,1,p_1.30.24_LL3f_mi,1
68,174,139,217,686,358,328,0,1,1,p_1.30.24_LL3f_mi,1
69,175,139,224,667,332,335,0,1,1,p_1.30.24_LL3f_mi,1
70,181,129,222,672,341,331,0,1,1,p_1.30.24_LL3f_mi,1
71,177,140,223,668,324,344,0,1,1,p_1.30.24_LL3f_mi,1
72,167,131,215,690,329,361,0,1,1,p_1.30.24_LL3f_mi,1
73,175,142,222,671,337,334,0,1,1,p_1.30.24_LL3f_mi,1
74,167,129,223,675,328,347,0,1,1,p_1.30.24_LL3f_mi,1
75,189,139,232,637,322,315,0,1,1,p_1.30.24_LL3f_mi,1
76,169,130,220,682,352,330,0,1,1,p_1.30.24_LL3f_mi,1
77,170,138,218,678,359,319,0,1,1,p_1.30.24_LL3f_mi,1
78,184,140,227,654,335,319,0,1,1,p_1.30.24_LL3f_mi,1
79,175,138,218,678,334,344,0,1,1,p_1.30.24_LL3f_mi,1
80,164,129,216,684,342,342,0,1,1,p_1.30.24_LL3f_mi,1
81,174,139,225,666,338,328,0,1,1,p_1.30.24_LL3f_mi,1
82,178,133,229,645,327,318,0,1,1,p_1.30.24_LL3f_mi,1
83,167,132,214,688,352,336,0,1,1,p_1.30.24_LL3f_mi,1
84,176,132,217,686,351,335,0,1,1,p_1.30.24_LL3f_mi,1
85,171,133,225,652,317,335,0,1,1,p_1.30.24_LL3f_mi,1
86,182,135,236,621,320,301,0,1,1,p_1.30.24_LL3f_mi,1
87,176,142,229,647,307,340,0,1,1,p_1.30.24_LL3f_mi,1
88,186,144,231,643,303,340,0,1,1,p_1.30.24_LL3f_mi,1
89,165,129,216,688,341,347,0,1,1,p_1.30.24_LL3f_mi,1
90,180,144,231,647,325,322,0,1,1,p_1.30.24_LL3f_mi,1
91,173,149,221,671,321,350,0,1,1,p_1.30.24_LL3f_mi,1
92,175,124,222,669,343,326,0,1,1,p_1.30.24_LL3f_mi,1
93,173,138,220,674,332,342,0,1,1,p_1.30.24_LL3f_mi,1
94,180,147,230,644,320,324,0,1,1,p_1.30.24_LL3f_mi,1
95,172,137,224,667,330,337,0,1,1,p_1.30.24_LL3f_mi,1
96,178,142,221,671,339,332,0,1,1,p_1.30.24_LL3f_mi,1
97,185,146,230,643,330,313,0,1,1,p_1.30.24_LL3f_mi,1
98,179,147,227,659,339,320,0,1,1,p_1.30.24_LL3f_mi,1
99,172,138,223,671,329,342,0,1,1,p_1.30.24_LL3f_mi,1
100,154,119,204,628,304,324,0,1,1,p_1.30.24_LL3f_mi,1
101,115,99,151,667,328,339,0,1,1,p_1.30.24_LL3f_mi,1
102,131,107,163,562,277,285,0,1,1,p_1.30.24_LL3f_mi,1
103,106,90,140,533,260,273,0,1,1,p_1.30.24_LL3f_mi,1
104,88,77,112,508,249,259,0,1,1,p_1.30.24_LL3f_mi,1
105,84,72,106,441,221,220,0,1,1,p_1.30.24_LL3f_mi,1
106,83,66,103,369,189,180,0,1,1,p_1.30.24_LL3f_mi,1
107,63,50,81,336,176,160,0,1,1,p_1.30.24_LL3f_mi,1
108,37,30,47,315,168,147,0,1,1,p_1.30.24_LL3f_mi,1
109,32,26,38,256,138,118,0,1,1,p_1.30.24_LL3f_mi,1
110,27,21,34,193,104,89,0,1,1,p_1.30.24_LL3f_mi,1
111,28,22,37,155,86,69,0,1,1,p_1.30.24_LL3f_mi,1
112,31,25,36,132,77,55,0,1,1,p_1.30.24_LL3f_mi,1
113,26,18,34,115,73,42,0,1,1,p_1.30.24_LL3f_mi,1
114,28,18,35,102,58,44,0,1,1,p_1.30.24_LL3f_mi,1
115,28,19,33,105,62,43,0,1,1,p_1.30.24_LL3f_mi,1
116,27,22,35,112,65,47,0,1,1,p_1.30.24_LL3f_mi,1
117,25,19,33,111,58,53,0,1,1,p_1.30.24_LL3f_mi,1
118,28,22,33,104,60,44,0,1,1,p_1.30.24_LL3f_mi,1
119,27,23,34,102,53,49,0,1,1,p_1.30.24_LL3f_mi,1
120,26,22,34,97,49,48,0,1,1,p_1.30.24_LL3f_mi,1
121,25,22,33,99,47,52,0,1,1,p_1.30.24_LL3f_mi,1
122,24,23,31,98,44,54,0,1,1,p_1.30.24_LL3f_mi,1
123,27,21,34,110,51,59,0,1,1,p_1.30.24_LL3f_mi,1
124,25,18,33,105,54,51,0,1,1,p_1.30.24_LL3f_mi,1
125,29,24,38,123,59,64,17,1,1,p_1.30.24_LL3f_mi,1
126,29,23,37,125,61,64,8,1,1,p_1.30.24_LL3f_mi,1
127,26,21,35,114,60,54,8,1,1,p_1.30.24_LL3f_mi,1
128,29,25,37,117,62,55,4,1,1,p_1.30.24_LL3f_mi,1
129,27,22,37,116,63,53,1,1,1,p_1.30.24_LL3f_mi,1
130,29,23,37,115,60,55,0,1,1,p_1.30.24_LL3f_mi,1
131,31,24,36,118,58,60,0,1,1,p_1.30.24_LL3f_mi,1
132,28,20,34,110,52,58,0,1,1,p_1.30.24_LL3f_mi,1
133,27,22,34,101,50,51,0,1,1,p_1.30.24_LL3f_mi,1
134,25,19,33,99,51,48,0,1,1,p_1.30.24_LL3f_mi,1
135,25,19,32,98,54,44,0,1,1,p_1.30.24_LL3f_mi,1
136,24,18,30,80,40,40,0,1,1,p_1.30.24_LL3f_mi,1
137,27,18,32,90,45,45,0,1,1,p_1.30.24_LL3f_mi,1
138,23,20,31,93,48,45,0,1,1,p_1.30.24_LL3f_mi,1
139,25,17,33,98,50,48,0,1,1,p_1.30.24_LL3f_mi,1
140,26,20,36,123,69,54,19,1,1,p_1.30.24_LL3f_mi,1
141,24,17,36,119,64,55,14,1,1,p_1.30.24_LL3f_mi,1
142,25,19,34,110,58,52,10,1,1,p_1.30.24_LL3f_mi,1
143,26,18,33,98,49,49,1,1,1,p_1.30.24_LL3f_mi,1
144,27,20,33,93,41,52,0,1,1,p_1.30.24_LL3f_mi,1
145,23,21,32,94,45,49,0,1,1,p_1.30.24_LL3f_mi,1
146,27,23,32,98,52,46,0,1,1,p_1.30.24_LL3f_mi,1
147,26,22,33,99,56,43,0,1,1,p_1.30.24_LL3f_mi,1
148,29,21,33,102,56,46,0,1,1,p_1.30.24_LL3f_mi,1
149,25,20,33,98,43,55,0,1,1,p_1.30.24_LL3f_mi,1
150,25,18,32,95,39,56,0,1,1,p_1.30.24_LL3f_mi,1
151,43,31,70,106,44,62,0,1,1,p_1.30.24_LL3f_mi,1
152,61,42,89,132,62,70,0,1,1,p_1.30.24_LL3f_mi,1
153,75,51,107,179,76,103,0,1,1,p_1.30.24_LL3f_mi,1
154,97,64,135,226,107,119,0,1,1,p_1.30.24_LL3f_mi,1
155,121,84,162,321,160,161,18,1,1,p_1.30.24_LL3f_mi,1
156,136,102,177,395,187,208,9,1,1,p_1.30.24_LL3f_mi,1
157,153,114,195,461,228,233,4,1,1,p_1.30.24_LL3f_mi,1
158,162,123,211,497,244,253,2,1,1,p_1.30.24_LL3f_mi,1
159,173,119,228,527,261,266,0,1,1,p_1.30.24_LL3f_mi,1
160,187,131,249,549,284,265,1,1,1,p_1.30.24_LL3f_mi,1
161,190,141,236,614,312,302,0,1,1,p_1.30.24_LL3f_mi,1
162,172,133,221,670,348,322,0,1,1,p_1.30.24_LL3f_mi,1
163,169,133,215,691,364,327,0,1,1,p_1.30.24_LL3f_mi,1
164,176,129,225,662,340,322,0,1,1,p_1.30.24_LL3f_mi,1
165,182,139,228,655,337,318,0,1,1,p_1.30.24_LL3f_mi,1
166,173,131,222,668,346,322,0,1,1,p_1.30.24_LL3f_mi,1
167,178,138,222,666,343,323,0,1,1,p_1.30.24_LL3f_mi,1
168,185,132,232,634,322,312,0,1,1,p_1.30.24_LL3f_mi,1
169,170,136,222,675,337,338,0,1,1,p_1.30.24_LL3f_mi,1
170,177,135,225,652,335,317,20,1,1,p_1.30.24_LL3f_mi,1
171,171,139,220,673,320,353,10,1,1,p_1.30.24_LL3f_mi,1
172,171,136,216,689,337,352,7,1,1,p_1.30.24_LL3f_mi,1
173,169,128,220,677,338,339,0,1,1,p_1.30.24_LL3f_mi,1
174,178,135,225,657,333,324,0,1,1,p_1.30.24_LL3f_mi,1
175,177,134,227,656,307,349,0,1,1,p_1.30.24_LL3f_mi,1
176,161,134,217,680,332,348,0,1,1,p_1.30.24_LL3f_mi,1
177,180,138,222,664,308,356,0,1,1,p_1.30.24_LL3f_mi,1
178,174,133,225,667,311,356,0,1,1,p_1.30.24_LL3f_mi,1
179,181,147,228,646,308,338,0,1,1,p_1.30.24_LL3f_mi,1
180,179,132,227,652,326,326,0,1,1,p_1.30.24_LL3f_mi,1
181,174,139,222,669,335,334,0,1,1,p_1.30.24_LL3f_mi,1
182,168,133,217,686,331,355,0,1,1,p_1.30.24_LL3f_mi,1
183,169,128,213,693,334,359,0,1,1,p_1.30.24_LL3f_mi,1
184,169,133,225,660,312,348,0,1,1,p_1.30.24_LL3f_mi,1
185,170,134,225,662,340,322,0,1,1,p_1.30.24_LL3f_mi,1
186,176,138,220,671,341,330,0,1,1,p_1.30.24_LL3f_mi,1
187,173,132,219,676,335,341,0,1,1,p_1.30.24_LL3f_mi,1
188,167,133,217,684,360,324,0,1,1,p_1.30.24_LL3f_mi,1
189,180,140,225,655,331,324,0,1,1,p_1.30.24_LL3f_mi,1
190,171,136,221,673,341,332,0,1,1,p_1.30.24_LL3f_mi,1
191,181,138,230,645,334,311,0,1,1,p_1.30.24_LL3f_mi,1
192,181,141,225,664,334,330,0,1,1,p_1.30.24_LL3f_mi,1
193,173,128,225,661,338,323,0,1,1,p_1.30.24_LL3f_mi,1
194,177,139,223,669,329,340,0,1,1,p_1.30.24_LL3f_mi,1
195,174,134,227,652,327,325,0,1,1,p_1.30.24_LL3f_mi,1
196,170,136,224,666,319,347,0,1,1,p_1.30.24_LL3f_mi,1
197,176,135,221,671,329,342,0,1,1,p_1.30.24_LL3f_mi,1
198,171,135,224,662,334,328,0,1,1,p_1.30.24_LL3f_mi,1
199,180,133,229,649,322,327,0,1,1,p_1.30.24_LL3f_mi,1
200,173,139,222,670,343,327,0,1,1,p_1.30.24_LL3f_mi,1
201,167,136,210,707,351,356,0,1,1,p_1.30.24_LL3f_mi,1
202,181,132,226,653,330,323,0,1,1,p_1.30.24_LL3f_mi,1
203,182,142,228,649,340,309,0,1,1,p_1.30.24_LL3f_mi,1
204,174,129,229,643,332,311,0,1,1,p_1.30.24_LL3f_mi,1
205,178,120,228,646,344,302,0,1,1,p_1.30.24_LL3f_mi,1
206,162,131,214,692,358,334,0,1,1,p_1.30.24_LL3f_mi,1
207,175,138,226,652,355,297,0,1,1,p_1.30.24_LL3f_mi,1
208,171,137,223,661,351,310,0,1,1,p_1.30.24_LL3f_mi,1
209,167,128,218,677,357,320,0,1,1,p_1.30.24_LL3f_mi,1
210,169,138,217,676,345,331,0,1,1,p_1.30.24_LL3f_mi,1
211,177,131,229,646,336,310,0,1,1,p_1.30.24_LL3f_mi,1
212,171,136,221,669,356,313,0,1,1,p_1.30.24_LL3f_mi,1
213,181,138,226,659,316,343,0,1,1,p_1.30.24_LL3f_mi,1
214,178,133,227,656,310,346,0,1,1,p_1.30.24_LL3f_mi,1
215,173,136,224,661,299,362,0,1,1,p_1.30.24_LL3f_mi,1
216,175,147,224,662,310,352,0,1,1,p_1.30.24_LL3f_mi,1
217,176,137,231,637,300,337,0,1,1,p_1.30.24_LL3f_mi,1
218,178,140,231,648,293,355,0,1,1,p_1.30.24_LL3f_mi,1
219,170,138,218,681,321,360,0,1,1,p_1.30.24_LL3f_mi,1
220,173,127,222,665,324,341,0,1,1,p_1.30.24_LL3f_mi,1
221,165,132,214,691,348,343,0,1,1,p_1.30.24_LL3f_mi,1
222,174,137,229,651,315,336,0,1,1,p_1.30.24_LL3f_mi,1
223,174,135,225,660,328,332,0,1,1,p_1.30.24_LL3f_mi,1
224,175,139,224,664,316,348,0,1,1,p_1.30.24_LL3f_mi,1
225,172,126,219,677,329,348,0,1,1,p_1.30.24_LL3f_mi,1
226,161,133,204,718,349,369,0,1,1,p_1.30.24_LL3f_mi,1
227,169,136,218,683,345,338,0,1,1,p_1.30.24_LL3f_mi,1
228,180,141,225,664,326,338,0,1,1,p_1.30.24_LL3f_mi,1
229,176,135,226,656,319,337,0,1,1,p_1.30.24_LL3f_mi,1
230,178,145,227,657,330,327,0,1,1,p_1.30.24_LL3f_mi,1
231,171,136,225,662,339,323,0,1,1,p_1.30.24_LL3f_mi,1
232,173,134,223,660,345,315,0,1,1,p_1.30.24_LL3f_mi,1
233,171,137,221,673,339,334,0,1,1,p_1.30.24_LL3f_mi,1
234,167,137,219,673,319,354,0,1,1,p_1.30.24_LL3f_mi,1
235,181,136,230,643,294,349,0,1,1,p_1.30.24_LL3f_mi,1
236,169,134,226,655,299,356,0,1,1,p_1.30.24_LL3f_mi,1
237,174,131,225,660,309,351,0,1,1,p_1.30.24_LL3f_mi,1
238,177,139,226,661,319,342,0,1,1,p_1.30.24_LL3f_mi,1
239,182,141,228,661,338,323,0,1,1,p_1.30.24_LL3f_mi,1
240,170,134,230,647,319,328,0,1,1,p_1.30.24_LL3f_mi,1
241,174,140,230,642,304,338,0,1,1,p_1.30.24_LL3f_mi,1
242,174,141,219,675,322,353,0,1,1,p_1.30.24_LL3f_mi,1
243,170,131,224,666,323,343,0,1,1,p_1.30.24_LL3f_mi,1
244,172,139,221,679,332,347,0,1,1,p_1.30.24_LL3f_mi,1
245,177,141,227,652,316,336,0,1,1,p_1.30.24_LL3f_mi,1
246,184,140,231,643,318,325,0,1,1,p_1.30.24_LL3f_mi,1
247,173,134,228,650,324,326,0,1,1,p_1.30.24_LL3f_mi,1
248,176,144,229,654,326,328,0,1,1,p_1.30.24_LL3f_mi,1
249,182,138,228,653,325,328,0,1,1,p_1.30.24_LL3f_mi,1
250,171,131,222,678,333,345,0,1,1,p_1.30.24_LL3f_mi,1
251,161,126,210,707,348,359,0,1,1,p_1.30.24_LL3f_mi,1
252,176,145,226,649,291,358,0,1,1,p_1.30.24_LL3f_mi,1
253,169,133,217,685,315,370,0,1,1,p_1.30.24_LL3f_mi,1
254,171,147,223,666,308,358,0,1,1,p_1.30.24_LL3f_mi,1
255,177,131,231,637,308,329,0,1,1,p_1.30.24_LL3f_mi,1
256,172,137,227,655,318,337,0,1,1,p_1.30.24_LL3f_mi,1
257,179,140,226,663,312,351,0,1,1,p_1.30.24_LL3f_mi,1
258,173,145,222,668,329,339,0,1,1,p_1.30.24_LL3f_mi,1
259,185,145,234,621,314,307,0,1,1,p_1.30.24_LL3f_mi,1
260,177,135,225,659,333,326,0,1,1,p_1.30.24_LL3f_mi,1
261,178,141,223,672,339,333,0,1,1,p_1.30.24_LL3f_mi,1
262,164,122,217,686,345,341,0,1,1,p_1.30.24_LL3f_mi,1
263,175,131,227,655,327,328,0,1,1,p_1.30.24_LL3f_mi,1
264,168,137,216,691,352,339,0,1,1,p_1.30.24_LL3f_mi,1
265,169,131,222,671,333,338,0,1,1,p_1.30.24_LL3f_mi,1
266,173,135,217,683,338,345,0,1,1,p_1.30.24_LL3f_mi,1
267,171,136,217,682,355,327,0,1,1,p_1.30.24_LL3f_mi,1
268,180,142,229,647,335,312,0,1,1,p_1.30.24_LL3f_mi,1
269,179,138,226,656,337,319,0,1,1,p_1.30.24_LL3f_mi,1
270,180,140,225,662,354,308,0,1,1,p_1.30.24_LL3f_mi,1
271,169,136,221,674,347,327,0,1,1,p_1.30.24_LL3f_mi,1
272,172,133,220,674,345,329,0,1,1,p_1.30.24_LL3f_mi,1
273,182,143,230,648,305,343,0,1,1,p_1.30.24_LL3f_mi,1
274,180,138,227,655,305,350,0,1,1,p_1.30.24_LL3f_mi,1
275,164,128,216,684,310,374,0,1,1,p_1.30.24_LL3f_mi,1
276,165,132,209,711,338,373,0,1,1,p_1.30.24_LL3f_mi,1
277,185,147,232,637,304,333,0,1,1,p_1.30.24_LL3f_mi,1
278,180,139,229,654,336,318,0,1,1,p_1.30.24_LL3f_mi,1
279,173,130,217,686,340,346,0,1,1,p_1.30.24_LL3f_mi,1
280,179,145,226,656,320,336,0,1,1,p_1.30.24_LL3f_mi,1
281,174,127,226,659,333,326,0,1,1,p_1.30.24_LL3f_mi,1
282,179,138,234,640,314,326,0,1,1,p_1.30.24_LL3f_mi,1
283,170,133,221,671,340,331,0,1,1,p_1.30.24_LL3f_mi,1
284,169,137,215,688,350,338,0,1,1,p_1.30.24_LL3f_mi,1
285,180,139,226,661,330,331,0,1,1,p_1.30.24_LL3f_mi,1
286,167,127,219,681,354,327,0,1,1,p_1.30.24_LL3f_mi,1
287,175,140,223,667,330,337,0,1,1,p_1.30.24_LL3f_mi,1
288,182,146,226,665,322,343,0,1,1,p_1.30.24_LL3f_mi,1
289,177,140,229,639,312,327,0,1,1,p_1.30.24_LL3f_mi,1
290,181,142,231,648,323,325,0,1,1,p_1.30.24_LL3f_mi,1
291,179,148,228,651,318,333,0,1,1,p_1.30.24_LL3f_mi,1
292,184,144,228,657,315,342,0,1,1,p_1.30.24_LL3f_mi,1
293,180,139,227,658,323,335,0,1,1,p_1.30.24_LL3f_mi,1
294,166,125,216,685,335,350,0,1,1,p_1.30.24_LL3f_mi,1
295,178,149,228,649,316,333,0,1,1,p_1.30.24_LL3f_mi,1
296,173,140,221,669,327,342,0,1,1,p_1.30.24_LL3f_mi,1
297,166,127,219,674,335,339,0,1,1,p_1.30.24_LL3f_mi,1
298,172,123,220,672,337,335,0,1,1,p_1.30.24_LL3f_mi,1
299,179,136,223,663,316,347,0,1,1,p_1.30.24_LL3f_mi,1
300,176,134,224,660,315,345,0,1,1,p_1.30.24_LL3f_mi,1
301,162,129,202,715,339,376,0,1,1,p_1.30.24_LL3f_mi,1
302,167,145,222,672,303,369,0,1,1,p_1.30.24_LL3f_mi,1
303,178,145,231,650,302,348,0,1,1,p_1.30.24_LL3f_mi,1
304,173,133,226,663,322,341,0,1,1,p_1.30.24_LL3f_mi,1
305,183,153,227,661,324,337,0,1,1,p_1.30.24_LL3f_mi,1
306,167,133,216,690,329,361,0,1,1,p_1.30.24_LL3f_mi,1
307,177,139,228,653,310,343,0,1,1,p_1.30.24_LL3f_mi,1
308,182,139,232,642,321,321,0,1,1,p_1.30.24_LL3f_mi,1
309,175,133,224,661,339,322,0,1,1,p_1.30.24_LL3f_mi,1
310,167,133,212,699,360,339,0,1,1,p_1.30.24_LL3f_mi,1
311,179,143,223,668,324,344,0,1,1,p_1.30.24_LL3f_mi,1
312,177,137,226,657,312,345,0,1,1,p_1.30.24_LL3f_mi,1
313,182,140,232,647,331,316,0,1,1,p_1.30.24_LL3f_mi,1
314,180,130,232,639,318,321,0,1,1,p_1.30.24_LL3f_mi,1
315,175,129,227,644,313,331,0,1,1,p_1.30.24_LL3f_mi,1
316,182,146,233,635,309,326,0,1,1,p_1.30.24_LL3f_mi,1
317,175,137,224,666,335,331,0,1,1,p_1.30.24_LL3f_mi,1
318,182,147,228,651,324,327,0,1,1,p_1.30.24_LL3f_mi,1
319,178,146,228,657,309,348,0,1,1,p_1.30.24_LL3f_mi,1
320,169,143,219,677,316,361,0,1,1,p_1.30.24_LL3f_mi,1
321,170,142,214,690,334,356,0,1,1,p_1.30.24_LL3f_mi,1
322,178,139,227,654,333,321,0,1,1,p_1.30.24_LL3f_mi,1
323,165,131,213,691,347,344,0,1,1,p_1.30.24_LL3f_mi,1
324,182,134,223,666,341,325,0,1,1,p_1.30.24_LL3f_mi,1
325,172,135,220,676,349,327,0,1,1,p_1.30.24_LL3f_mi,1
326,161,129,210,700,367,333,0,1,1,p_1.30.24_LL3f_mi,1
327,177,136,227,651,354,297,0,1,1,p_1.30.24_LL3f_mi,1
328,168,125,222,667,349,318,0,1,1,p_1.30.24_LL3f_mi,1
329,163,130,225,664,351,313,0,1,1,p_1.30.24_LL3f_mi,1
330,178,130,229,648,334,314,0,1,1,p_1.30.24_LL3f_mi,1
331,176,139,229,655,332,323,0,1,1,p_1.30.24_LL3f_mi,1
332,183,132,233,636,327,309,0,1,1,p_1.30.24_LL3f_mi,1
333,184,130,233,638,336,302,0,1,1,p_1.30.24_LL3f_mi,1
334,175,137,227,658,330,328,0,1,1,p_1.30.24_LL3f_mi,1
335,170,132,217,683,329,354,0,1,1,p_1.30.24_LL3f_mi,1
336,174,134,221,673,324,349,0,1,1,p_1.30.24_LL3f_mi,1
337,165,132,221,670,350,320,0,1,1,p_1.30.24_LL3f_mi,1
338,165,127,220,678,350,328,0,1,1,p_1.30.24_LL3f_mi,1
339,186,136,230,642,322,320,0,1,1,p_1.30.24_LL3f_mi,1
340,179,148,221,672,313,359,0,1,1,p_1.30.24_LL3f_mi,1
341,177,145,226,658,312,346,0,1,1,p_1.30.24_LL3f_mi,1
342,186,139,227,660,309,351,0,1,1,p_1.30.24_LL3f_mi,1
343,175,140,225,655,310,345,0,1,1,p_1.30.24_LL3f_mi,1
344,181,144,227,665,308,357,0,1,1,p_1.30.24_LL3f_mi,1
345,183,143,225,662,315,347,0,1,1,p_1.30.24_LL3f_mi,1
346,170,138,222,668,333,335,0,1,1,p_1.30.24_LL3f_mi,1
347,182,143,229,647,312,335,0,1,1,p_1.30.24_LL3f_mi,1
348,171,135,210,702,341,361,0,1,1,p_1.30.24_LL3f_mi,1
349,173,140,220,673,314,359,0,1,1,p_1.30.24_LL3f_mi,1
350,180,152,228,659,297,362,0,1,1,p_1.30.24_LL3f_mi,1
1,4,4,6,639,328,311,0,1,2,p_1.30.24_LL3f_mi,1
2,106,94,142,828,431,397,0,1,2,p_1.30.24_LL3f_mi,1
3,134,113,173,781,426,355,0,1,2,p_1.30.24_LL3f_mi,1
4,159,119,207,713,398,315,0,1,2,p_1.30.24_LL3f_mi,1
5,169,135,220,676,370,306,0,1,2,p_1.30.24_LL3f_mi,1
6,174,129,222,668,355,313,0,1,2,p_1.30.24_LL3f_mi,1
7,177,134,222,671,354,317,0,1,2,p_1.30.24_LL3f_mi,1
8,181,133,226,655,325,330,0,1,2,p_1.30.24_LL3f_mi,1
9,178,137,226,659,321,338,0,1,2,p_1.30.24_LL3f_mi,1
10,177,138,223,666,309,357,0,1,2,p_1.30.24_LL3f_mi,1
11,176,145,220,677,321,356,0,1,2,p_1.30.24_LL3f_mi,1
12,167,139,223,666,318,348,0,1,2,p_1.30.24_LL3f_mi,1
13,173,139,216,681,334,347,0,1,2,p_1.30.24_LL3f_mi,1
14,177,139,223,670,327,343,0,1,2,p_1.30.24_LL3f_mi,1
15,175,131,227,660,316,344,0,1,2,p_1.30.24_LL3f_mi,1
16,163,127,227,659,331,328,0,1,2,p_1.30.24_LL3f_mi,1
17,179,142,230,645,324,321,0,1,2,p_1.30.24_LL3f_mi,1
18,175,143,221,672,326,346,0,1,2,p_1.30.24_LL3f_mi,1
19,167,128,213,697,347,350,0,1,2,p_1.30.24_LL3f_mi,1
20,176,145,221,678,336,342,0,1,2,p_1.30.24_LL3f_mi,1
21,177,138,230,640,327,313,0,1,2,p_1.30.24_LL3f_mi,1
22,169,127,218,681,343,338,0,1,2,p_1.30.24_LL3f_mi,1
23,173,138,221,675,342,333,0,1,2,p_1.30.24_LL3f_mi,1
24,169,131,214,695,349,346,0,1,2,p_1.30.24_LL3f_mi,1
25,174,137,227,657,330,327,0,1,2,p_1.30.24_LL3f_mi,1
26,162,128,212,700,358,342,0,1,2,p_1.30.24_LL3f_mi,1
27,170,135,221,670,339,331,0,1,2,p_1.30.24_LL3f_mi,1
28,181,144,227,650,326,324,0,1,2,p_1.30.24_LL3f_mi,1
29,172,138,222,668,335,333,0,1,2,p_1.30.24_LL3f_mi,1
30,179,134,234,630,322,308,0,1,2,p_1.30.24_LL3f_mi,1
31,173,138,228,657,320,337,0,1,2,p_1.30.24_LL3f_mi,1
32,169,139,211,698,355,343,0,1,2,p_1.30.24_LL3f_mi,1
33,172,136,218,681,356,325,0,1,2,p_1.30.24_LL3f_mi,1
34,178,138,229,646,328,318,0,1,2,p_1.30.24_LL3f_mi,1
35,168,134,220,672,337,335,0,1,2,p_1.30.24_LL3f_mi,1
36,173,139,222,666,327,339,0,1,2,p_1.30.24_LL3f_mi,1
37,172,129,221,672,350,322,0,1,2,p_1.30.24_LL3f_mi,1
38,169,123,217,684,355,329,0,1,2,p_1.30.24_LL3f_mi,1
39,173,130,225,661,355,306,0,1,2,p_1.30.24_LL3f_mi,1
40,176,131,223,663,351,312,0,1,2,p_1.30.24_LL3f_mi,1
41,171,136,222,674,349,325,0,1,2,p_1.30.24_LL3f_mi,1
42,174,141,226,657,345,312,0,1,2,p_1.30.24_LL3f_mi,1
43,177,143,229,656,340,316,0,1,2,p_1.30.24_LL3f_mi,1
44,171,133,222,673,332,341,0,1,2,p_1.30.24_LL3f_mi,1
45,163,131,224,666,311,355,0,1,2,p_1.30.24_LL3f_mi,1
46,159,138,217,685,309,376,0,1,2,p_1.30.24_LL3f_mi,1
47,170,132,222,672,326,346,0,1,2,p_1.30.24_LL3f_mi,1
48,181,135,228,661,328,333,0,1,2,p_1.30.24_LL3f_mi,1
49,175,135,223,674,330,344,0,1,2,p_1.30.24_LL3f_mi,1
50,171,139,220,674,344,330,0,1,2,p_1.30.24_LL3f_mi,1
51,149,125,200,727,366,361,0,1,2,p_1.30.24_LL3f_mi,1
52,188,145,234,640,308,332,0,1,2,p_1.30.24_LL3f_mi,1
53,176,145,229,650,335,315,0,1,2,p_1.30.24_LL3f_mi,1
54,175,126,225,664,343,321,0,1,2,p_1.30.24_LL3f_mi,1
55,184,137,228,659,326,333,0,1,2,p_1.30.24_LL3f_mi,1
56,165,129,213,693,352,341,0,1,2,p_1.30.24_LL3f_mi,1
57,174,135,217,685,361,324,0,1,2,p_1.30.24_LL3f_mi,1
58,174,134,223,663,354,309,0,1,2,p_1.30.24_LL3f_mi,1
59,183,144,232,635,324,311,0,1,2,p_1.30.24_LL3f_mi,1
60,177,134,229,646,324,322,0,1,2,p_1.30.24_LL3f_mi,1
61,184,138,236,624,308,316,0,1,2,p_1.30.24_LL3f_mi,1
62,166,125,216,686,343,343,0,1,2,p_1.30.24_LL3f_mi,1
63,172,131,219,676,345,331,0,1,2,p_1.30.24_LL3f_mi,1
64,163,137,217,681,355,326,0,1,2,p_1.30.24_LL3f_mi,1
65,177,132,229,652,350,302,0,1,2,p_1.30.24_LL3f_mi,1
66,173,126,227,653,335,318,0,1,2,p_1.30.24_LL3f_mi,1
67,172,133,224,668,339,329,0,1,2,p_1.30.24_LL3f_mi,1
68,174,139,227,658,340,318,0,1,2,p_1.30.24_LL3f_mi,1
69,178,134,225,663,352,311,0,1,2,p_1.30.24_LL3f_mi,1
70,168,130,215,685,361,324,0,1,2,p_1.30.24_LL3f_mi,1
71,167,121,219,677,345,332,0,1,2,p_1.30.24_LL3f_mi,1
72,174,137,225,658,331,327,0,1,2,p_1.30.24_LL3f_mi,1
73,172,142,220,667,336,331,0,1,2,p_1.30.24_LL3f_mi,1
74,168,134,222,678,341,337,0,1,2,p_1.30.24_LL3f_mi,1
75,180,138,227,656,336,320,0,1,2,p_1.30.24_LL3f_mi,1
76,155,124,205,716,366,350,0,1,2,p_1.30.24_LL3f_mi,1
77,169,137,223,673,339,334,0,1,2,p_1.30.24_LL3f_mi,1
78,187,134,229,647,328,319,0,1,2,p_1.30.24_LL3f_mi,1
79,172,134,220,673,322,351,0,1,2,p_1.30.24_LL3f_mi,1
80,175,140,224,665,318,347,0,1,2,p_1.30.24_LL3f_mi,1
81,177,143,222,669,318,351,0,1,2,p_1.30.24_LL3f_mi,1
82,170,133,222,673,330,343,0,1,2,p_1.30.24_LL3f_mi,1
83,167,131,214,690,343,347,0,1,2,p_1.30.24_LL3f_mi,1
84,173,142,220,674,336,338,0,1,2,p_1.30.24_LL3f_mi,1
85,171,126,224,661,325,336,0,1,2,p_1.30.24_LL3f_mi,1
86,175,141,226,657,318,339,0,1,2,p_1.30.24_LL3f_mi,1
87,181,142,230,648,308,340,0,1,2,p_1.30.24_LL3f_mi,1
88,172,139,226,658,318,340,0,1,2,p_1.30.24_LL3f_mi,1
89,167,128,220,681,333,348,0,1,2,p_1.30.24_LL3f_mi,1
90,169,134,217,682,344,338,0,1,2,p_1.30.24_LL3f_mi,1
91,170,129,222,665,325,340,0,1,2,p_1.30.24_LL3f_mi,1
92,180,145,230,645,316,329,0,1,2,p_1.30.24_LL3f_mi,1
93,182,139,232,642,338,304,0,1,2,p_1.30.24_LL3f_mi,1
94,170,135,213,692,355,337,0,1,2,p_1.30.24_LL3f_mi,1
95,178,135,225,657,344,313,0,1,2,p_1.30.24_LL3f_mi,1
96,170,130,220,674,349,325,0,1,2,p_1.30.24_LL3f_mi,1
97,172,137,228,642,335,307,0,1,2,p_1.30.24_LL3f_mi,1
98,181,141,226,656,351,305,0,1,2,p_1.30.24_LL3f_mi,1
99,172,133,220,671,340,331,0,1,2,p_1.30.24_LL3f_mi,1
100,147,125,187,673,330,343,0,1,2,p_1.30.24_LL3f_mi,1
101,112,91,142,681,355,326,0,1,2,p_1.30.24_LL3f_mi,1
102,130,95,166,552,307,245,0,1,2,p_1.30.24_LL3f_mi,1
103,119,90,149,513,283,230,0,1,2,p_1.30.24_LL3f_mi,1
104,99,80,125,484,252,232,0,1,2,p_1.30.24_LL3f_mi,1
105,81,63,105,443,232,211,0,1,2,p_1.30.24_LL3f_mi,1
106,62,52,77,412,221,191,0,1,2,p_1.30.24_LL3f_mi,1
107,71,56,88,322,170,152,0,1,2,p_1.30.24_LL3f_mi,1
108,35,30,51,308,157,151,0,1,2,p_1.30.24_LL3f_mi,1
109,30,26,39,256,129,127,0,1,2,p_1.30.24_LL3f_mi,1
110,29,25,37,182,93,89,0,1,2,p_1.30.24_LL3f_mi,1
111,28,23,38,148,75,73,0,1,2,p_1.30.24_LL3f_mi,1
112,29,24,38,133,70,63,0,1,2,p_1.30.24_LL3f_mi,1
113,28,21,35,120,65,55,0,1,2,p_1.30.24_LL3f_mi,1
114,29,24,37,120,64,56,0,1,2,p_1.30.24_LL3f_mi,1
115,32,26,37,118,65,53,0,1,2,p_1.30.24_LL3f_mi,1
116,26,22,34,111,64,47,0,1,2,p_1.30.24_LL3f_mi,1
117,27,20,35,104,48,56,0,1,2,p_1.30.24_LL3f_mi,1
118,26,21,34,104,46,58,0,1,2,p_1.30.24_LL3f_mi,1
119,28,21,36,102,51,51,0,1,2,p_1.30.24_LL3f_mi,1
120,29,19,35,102,57,45,0,1,2,p_1.30.24_LL3f_mi,1
121,25,18,32,95,45,50,0,1,2,p_1.30.24_LL3f_mi,1
122,24,21,32,97,49,48,0,1,2,p_1.30.24_LL3f_mi,1
123,27,24,34,101,53,48,0,1,2,p_1.30.24_LL3f_mi,1
124,25,20,34,95,48,47,0,1,2,p_1.30.24_LL3f_mi,1
125,27,19,37,127,62,65,20,1,2,p_1.30.24_LL3f_mi,1
126,28,20,39,129,68,61,11,1,2,p_1.30.24_LL3f_mi,1
127,26,21,37,121,60,61,6,1,2,p_1.30.24_LL3f_mi,1
128,26,23,34,109,47,62,1,1,2,p_1.30.24_LL3f_mi,1
129,30,22,34,108,43,65,1,1,2,p_1.30.24_LL3f_mi,1
130,25,21,33,106,45,61,0,1,2,p_1.30.24_LL3f_mi,1
131,28,20,34,98,38,60,0,1,2,p_1.30.24_LL3f_mi,1
132,27,21,32,91,33,58,0,1,2,p_1.30.24_LL3f_mi,1
133,28,25,34,101,37,64,0,1,2,p_1.30.24_LL3f_mi,1
134,27,26,34,104,40,64,0,1,2,p_1.30.24_LL3f_mi,1
135,24,19,33,97,48,49,0,1,2,p_1.30.24_LL3f_mi,1
136,26,22,33,97,48,49,0,1,2,p_1.30.24_LL3f_mi,1
137,29,24,34,100,53,47,0,1,2,p_1.30.24_LL3f_mi,1
138,26,21,34,100,55,45,0,1,2,p_1.30.24_LL3f_mi,1
139,26,19,34,104,57,47,0,1,2,p_1.30.24_LL3f_mi,1
140,27,22,37,123,67,56,15,1,2,p_1.30.24_LL3f_mi,1
141,26,20,33,116,61,55,9,1,2,p_1.30.24_LL3f_mi,1
142,25,19,34,110,55,55,5,1,2,p_1.30.24_LL3f_mi,1
143,26,23,36,119,61,58,5,1,2,p_1.30.24_LL3f_mi,1
144,28,23,36,109,56,53,0,1,2,p_1.30.24_LL3f_mi,1
145,27,21,35,115,61,54,0,1,2,p_1.30.24_LL3f_mi,1
146,26,21,33,106,58,48,0,1,2,p_1.30.24_LL3f_mi,1
147,28,20,32,96,51,45,0,1,2,p_1.30.24_LL3f_mi,1
148,25,19,34,100,59,41,0,1,2,p_1.30.24_LL3f_mi,1
149,28,20,33,108,63,45,0,1,2,p_1.30.24_LL3f_mi,1
150,26,23,34,107,55,52,0,1,2,p_1.30.24_LL3f_mi,1
151,61,36,80,122,65,57,0,1,2,p_1.30.24_LL3f_mi,1
152,73,50,102,163,82,81,0,1,2,p_1.30.24_LL3f_mi,1
153,90,58,121,203,102,101,0,1,2,p_1.30.24_LL3f_mi,1
154,112,74,142,261,135,126,0,1,2,p_1.30.24_LL3f_mi,1
155,123,87,161,343,184,159,22,1,2,p_1.30.24_LL3f_mi,1
156,142,101,180,399,211,188,8,1,2,p_1.30.24_LL3f_mi,1
157,150,109,193,444,229,215,2,1,2,p_1.30.24_LL3f_mi,1
158,172,127,212,475,235,240,0,1,2,p_1.30.24_LL3f_mi,1
159,180,130,227,545,271,274,0,1,2,p_1.30.24_LL3f_mi,1
160,181,136,241,600,296,304,0,1,2,p_1.30.24_LL3f_mi,1
161,177,138,224,660,319,341,0,1,2,p_1.30.24_LL3f_mi,1
162,171,131,224,667,350,317,0,1,2,p_1.30.24_LL3f_mi,1
163,179,132,224,665,342,323,0,1,2,p_1.30.24_LL3f_mi,1
164,175,140,222,669,321,348,0,1,2,p_1.30.24_LL3f_mi,1
165,173,137,225,660,311,349,0,1,2,p_1.30.24_LL3f_mi,1
166,182,141,229,653,310,343,0,1,2,p_1.30.24_LL3f_mi,1
167,180,138,226,651,308,343,0,1,2,p_1.30.24_LL3f_mi,1
168,166,132,212,695,336,359,0,1,2,p_1.30.24_LL3f_mi,1
169,164,130,207,710,348,362,0,1,2,p_1.30.24_LL3f_mi,1
170,167,123,216,687,357,330,20,1,2,p_1.30.24_LL3f_mi,1
171,177,139,227,655,350,305,8,1,2,p_1.30.24_LL3f_mi,1
172,182,135,230,645,344,301,5,1,2,p_1.30.24_LL3f_mi,1
173,182,144,228,657,346,311,1,1,2,p_1.30.24_LL3f_mi,1
174,188,135,232,645,330,315,0,1,2,p_1.30.24_LL3f_mi,1
175,184,143,229,649,313,336,0,1,2,p_1.30.24_LL3f_mi,1
176,161,127,204,720,344,376,0,1,2,p_1.30.24_LL3f_mi,1
177,176,140,223,669,322,347,0,1,2,p_1.30.24_LL3f_mi,1
178,172,137,222,670,328,342,0,1,2,p_1.30.24_LL3f_mi,1
179,184,134,230,651,297,354,0,1,2,p_1.30.24_LL3f_mi,1
180,178,133,227,653,322,331,0,1,2,p_1.30.24_LL3f_mi,1
181,178,137,225,657,321,336,0,1,2,p_1.30.24_LL3f_mi,1
182,174,132,221,672,341,331,0,1,2,p_1.30.24_LL3f_mi,1
183,172,135,217,686,354,332,0,1,2,p_1.30.24_LL3f_mi,1
184,175,134,220,678,346,332,0,1,2,p_1.30.24_LL3f_mi,1
185,179,135,226,655,335,320,0,1,2,p_1.30.24_LL3f_mi,1
186,172,127,218,681,343,338,0,1,2,p_1.30.24_LL3f_mi,1
187,173,132,221,675,338,337,0,1,2,p_1.30.24_LL3f_mi,1
188,180,140,228,650,326,324,0,1,2,p_1.30.24_LL3f_mi,1
189,172,130,226,654,325,329,0,1,2,p_1.30.24_LL3f_mi,1
190,173,131,226,660,324,336,0,1,2,p_1.30.24_LL3f_mi,1
191,168,124,220,679,330,349,0,1,2,p_1.30.24_LL3f_mi,1
192,173,145,217,688,328,360,0,1,2,p_1.30.24_LL3f_mi,1
193,183,145,230,645,310,335,0,1,2,p_1.30.24_LL3f_mi,1
194,179,145,227,655,315,340,0,1,2,p_1.30.24_LL3f_mi,1
195,178,143,225,657,324,333,0,1,2,p_1.30.24_LL3f_mi,1
196,173,136,223,666,330,336,0,1,2,p_1.30.24_LL3f_mi,1
197,171,139,223,664,317,347,0,1,2,p_1.30.24_LL3f_mi,1
198,176,136,226,656,313,343,0,1,2,p_1.30.24_LL3f_mi,1
199,183,135,230,638,326,312,0,1,2,p_1.30.24_LL3f_mi,1
200,170,132,225,667,345,322,0,1,2,p_1.30.24_LL3f_mi,1
201,159,131,209,709,344,365,0,1,2,p_1.30.24_LL3f_mi,1
202,175,132,221,672,321,351,0,1,2,p_1.30.24_LL3f_mi,1
203,179,141,228,648,325,323,0,1,2,p_1.30.24_LL3f_mi,1
204,181,137,234,641,320,321,0,1,2,p_1.30.24_LL3f_mi,1
205,172,131,228,649,334,315,0,1,2,p_1.30.24_LL3f_mi,1
206,171,134,221,676,340,336,0,1,2,p_1.30.24_LL3f_mi,1
207,168,134,222,667,347,320,0,1,2,p_1.30.24_LL3f_mi,1
208,175,147,223,669,327,342,0,1,2,p_1.30.24_LL3f_mi,1
209,180,143,228,650,330,320,0,1,2,p_1.30.24_LL3f_mi,1
210,174,138,222,666,316,350,0,1,2,p_1.30.24_LL3f_mi,1
211,181,147,227,656,310,346,0,1,2,p_1.30.24_LL3f_mi,1
212,174,145,215,692,316,376,0,1,2,p_1.30.24_LL3f_mi,1
213,174,135,223,668,327,341,0,1,2,p_1.30.24_LL3f_mi,1
214,171,139,221,674,334,340,0,1,2,p_1.30.24_LL3f_mi,1
215,170,135,223,668,332,336,0,1,2,p_1.30.24_LL3f_mi,1
216,181,142,230,653,330,323,0,1,2,p_1.30.24_LL3f_mi,1
217,174,131,227,654,330,324,0,1,2,p_1.30.24_LL3f_mi,1
218,174,141,225,659,330,329,0,1,2,p_1.30.24_LL3f_mi,1
219,172,129,221,675,340,335,0,1,2,p_1.30.24_LL3f_mi,1
220,177,137,222,671,332,339,0,1,2,p_1.30.24_LL3f_mi,1
221,177,141,225,657,314,343,0,1,2,p_1.30.24_LL3f_mi,1
222,170,136,227,658,319,339,0,1,2,p_1.30.24_LL3f_mi,1
223,170,129,223,662,326,336,0,1,2,p_1.30.24_LL3f_mi,1
224,170,127,218,687,328,359,0,1,2,p_1.30.24_LL3f_mi,1
225,180,137,227,652,330,322,0,1,2,p_1.30.24_LL3f_mi,1
226,174,138,215,695,353,342,0,1,2,p_1.30.24_LL3f_mi,1
227,170,136,228,654,315,339,0,1,2,p_1.30.24_LL3f_mi,1
228,172,138,221,678,326,352,0,1,2,p_1.30.24_LL3f_mi,1
229,166,128,218,683,336,347,0,1,2,p_1.30.24_LL3f_mi,1
230,171,139,222,671,331,340,0,1,2,p_1.30.24_LL3f_mi,1
231,167,131,210,696,354,342,0,1,2,p_1.30.24_LL3f_mi,1
232,181,130,229,643,336,307,0,1,2,p_1.30.24_LL3f_mi,1
233,179,139,229,654,329,325,0,1,2,p_1.30.24_LL3f_mi,1
234,173,142,221,678,335,343,0,1,2,p_1.30.24_LL3f_mi,1
235,178,136,218,683,349,334,0,1,2,p_1.30.24_LL3f_mi,1
236,176,133,226,658,353,305,0,1,2,p_1.30.24_LL3f_mi,1
237,178,136,225,670,370,300,0,1,2,p_1.30.24_LL3f_mi,1
238,172,134,225,666,354,312,0,1,2,p_1.30.24_LL3f_mi,1
239,176,130,227,661,353,308,0,1,2,p_1.30.24_LL3f_mi,1
240,178,133,225,662,333,329,0,1,2,p_1.30.24_LL3f_mi,1
241,165,139,219,678,321,357,0,1,2,p_1.30.24_LL3f_mi,1
242,167,128,217,681,322,359,0,1,2,p_1.30.24_LL3f_mi,1
243,169,130,217,686,330,356,0,1,2,p_1.30.24_LL3f_mi,1
244,175,129,221,679,318,361,0,1,2,p_1.30.24_LL3f_mi,1
245,171,140,227,654,309,345,0,1,2,p_1.30.24_LL3f_mi,1
246,176,139,220,676,338,338,0,1,2,p_1.30.24_LL3f_mi,1
247,170,129,222,665,313,352,0,1,2,p_1.30.24_LL3f_mi,1
248,173,139,223,671,309,362,0,1,2,p_1.30.24_LL3f_mi,1
249,171,139,223,666,309,357,0,1,2,p_1.30.24_LL3f_mi,1
250,173,140,221,674,327,347,0,1,2,p_1.30.24_LL3f_mi,1
251,162,127,204,712,354,358,0,1,2,p_1.30.24_LL3f_mi,1
252,168,133,222,673,335,338,0,1,2,p_1.30.24_LL3f_mi,1
253,174,131,223,664,327,337,0,1,2,p_1.30.24_LL3f_mi,1
254,168,125,221,663,337,326,0,1,2,p_1.30.24_LL3f_mi,1
255,179,141,229,647,327,320,0,1,2,p_1.30.24_LL3f_mi,1
256,165,130,219,674,345,329,0,1,2,p_1.30.24_LL3f_mi,1
257,177,135,221,672,360,312,0,1,2,p_1.30.24_LL3f_mi,1
258,175,142,230,642,335,307,0,1,2,p_1.30.24_LL3f_mi,1
259,176,138,223,664,341,323,0,1,2,p_1.30.24_LL3f_mi,1
260,174,149,219,679,339,340,0,1,2,p_1.30.24_LL3f_mi,1
261,177,144,226,663,339,324,0,1,2,p_1.30.24_LL3f_mi,1
262,169,134,222,666,347,319,0,1,2,p_1.30.24_LL3f_mi,1
263,170,135,222,663,353,310,0,1,2,p_1.30.24_LL3f_mi,1
264,178,138,225,654,345,309,0,1,2,p_1.30.24_LL3f_mi,1
265,173,129,227,653,330,323,0,1,2,p_1.30.24_LL3f_mi,1
266,172,137,222,672,333,339,0,1,2,p_1.30.24_LL3f_mi,1
267,175,136,219,678,330,348,0,1,2,p_1.30.24_LL3f_mi,1
268,174,142,222,672,334,338,0,1,2,p_1.30.24_LL3f_mi,1
269,174,143,213,691,333,358,0,1,2,p_1.30.24_LL3f_mi,1
270,173,133,222,673,310,363,0,1,2,p_1.30.24_LL3f_mi,1
271,174,137,227,661,312,349,0,1,2,p_1.30.24_LL3f_mi,1
272,180,147,224,664,326,338,0,1,2,p_1.30.24_LL3f_mi,1
273,183,135,230,647,323,324,0,1,2,p_1.30.24_LL3f_mi,1
274,174,130,228,650,337,313,0,1,2,p_1.30.24_LL3f_mi,1
275,175,127,224,665,327,338,0,1,2,p_1.30.24_LL3f_mi,1
276,154,121,203,720,357,363,0,1,2,p_1.30.24_LL3f_mi,1
277,173,138,225,658,329,329,0,1,2,p_1.30.24_LL3f_mi,1
278,173,137,226,665,334,331,0,1,2,p_1.30.24_LL3f_mi,1
279,175,134,218,681,335,346,0,1,2,p_1.30.24_LL3f_mi,1
280,188,145,227,653,317,336,0,1,2,p_1.30.24_LL3f_mi,1
281,181,134,222,670,322,348,0,1,2,p_1.30.24_LL3f_mi,1
282,178,145,224,665,327,338,0,1,2,p_1.30.24_LL3f_mi,1
283,180,139,230,645,313,332,0,1,2,p_1.30.24_LL3f_mi,1
284,174,132,221,675,329,346,0,1,2,p_1.30.24_LL3f_mi,1
285,181,148,225,660,312,348,0,1,2,p_1.30.24_LL3f_mi,1
286,173,137,221,669,311,358,0,1,2,p_1.30.24_LL3f_mi,1
287,184,147,229,662,317,345,0,1,2,p_1.30.24_LL3f_mi,1
288,178,132,231,642,319,323,0,1,2,p_1.30.24_LL3f_mi,1
289,178,139,232,645,319,326,0,1,2,p_1.30.24_LL3f_mi,1
290,180,132,225,658,329,329,0,1,2,p_1.30.24_LL3f_mi,1
291,173,140,224,671,333,338,0,1,2,p_1.30.24_LL3f_mi,1
292,172,134,217,682,339,343,0,1,2,p_1.30.24_LL3f_mi,1
293,172,133,226,663,334,329,0,1,2,p_1.30.24_LL3f_mi,1
294,179,148,226,658,336,322,0,1,2,p_1.30.24_LL3f_mi,1
295,170,137,222,666,332,334,0,1,2,p_1.30.24_LL3f_mi,1
296,172,132,220,678,336,342,0,1,2,p_1.30.24_LL3f_mi,1
297,169,135,217,682,337,345,0,1,2,p_1.30.24_LL3f_mi,1
298,180,142,227,655,322,333,0,1,2,p_1.30.24_LL3f_mi,1
299,165,130,221,670,339,331,0,1,2,p_1.30.24_LL3f_mi,1
300,179,144,230,649,329,320,0,1,2,p_1.30.24_LL3f_mi,1
301,160,135,208,709,371,338,0,1,2,p_1.30.24_LL3f_mi,1
302,170,136,218,679,358,321,0,1,2,p_1.30.24_LL3f_mi,1
303,173,139,219,677,352,325,0,1,2,p_1.30.24_LL3f_mi,1
304,181,139,227,653,329,324,0,1,2,p_1.30.24_LL3f_mi,1
305,179,142,230,653,332,321,0,1,2,p_1.30.24_LL3f_mi,1
306,175,137,234,625,324,301,0,1,2,p_1.30.24_LL3f_mi,1
307,163,124,216,690,339,351,0,1,2,p_1.30.24_LL3f_mi,1
308,170,131,218,689,332,357,0,1,2,p_1.30.24_LL3f_mi,1
309,174,145,222,676,329,347,0,1,2,p_1.30.24_LL3f_mi,1
310,172,128,226,655,318,337,0,1,2,p_1.30.24_LL3f_mi,1
311,174,130,226,658,334,324,0,1,2,p_1.30.24_LL3f_mi,1
312,182,136,229,649,327,322,0,1,2,p_1.30.24_LL3f_mi,1
313,166,124,223,670,337,333,0,1,2,p_1.30.24_LL3f_mi,1
314,180,146,233,639,306,333,0,1,2,p_1.30.24_LL3f_mi,1
315,180,135,227,662,314,348,0,1,2,p_1.30.24_LL3f_mi,1
316,176,146,222,673,304,369,0,1,2,p_1.30.24_LL3f_mi,1
317,170,142,220,683,296,387,0,1,2,p_1.30.24_LL3f_mi,1
318,170,134,223,671,296,375,0,1,2,p_1.30.24_LL3f_mi,1
319,174,134,227,653,315,338,0,1,2,p_1.30.24_LL3f_mi,1
320,184,144,238,616,301,315,0,1,2,p_1.30.24_LL3f_mi,1
321,171,133,219,677,325,352,0,1,2,p_1.30.24_LL3f_mi,1
322,163,133,216,687,344,343,0,1,2,p_1.30.24_LL3f_mi,1
323,178,138,227,654,306,348,0,1,2,p_1.30.24_LL3f_mi,1
324,180,144,233,637,328,309,0,1,2,p_1.30.24_LL3f_mi,1
325,181,142,223,665,338,327,0,1,2,p_1.30.24_LL3f_mi,1
326,160,128,205,719,355,364,0,1,2,p_1.30.24_LL3f_mi,1
327,174,142,221,673,347,326,0,1,2,p_1.30.24_LL3f_mi,1
328,170,131,218,686,375,311,0,1,2,p_1.30.24_LL3f_mi,1
329,164,123,211,700,393,307,0,1,2,p_1.30.24_LL3f_mi,1
330,172,131,224,661,362,299,0,1,2,p_1.30.24_LL3f_mi,1
331,179,132,228,650,342,308,0,1,2,p_1.30.24_LL3f_mi,1
332,172,138,222,677,344,333,0,1,2,p_1.30.24_LL3f_mi,1
333,174,136,227,648,342,306,0,1,2,p_1.30.24_LL3f_mi,1
334,180,139,231,647,321,326,0,1,2,p_1.30.24_LL3f_mi,1
335,171,125,226,662,343,319,0,1,2,p_1.30.24_LL3f_mi,1
336,167,132,223,667,343,324,0,1,2,p_1.30.24_LL3f_mi,1
337,171,135,222,675,350,325,0,1,2,p_1.30.24_LL3f_mi,1
338,169,142,222,674,334,340,0,1,2,p_1.30.24_LL3f_mi,1
339,176,140,220,677,312,365,0,1,2,p_1.30.24_LL3f_mi,1
340,176,144,224,672,304,368,0,1,2,p_1.30.24_LL3f_mi,1
341,170,134,225,661,302,359,0,1,2,p_1.30.24_LL3f_mi,1
342,174,138,226,651,316,335,0,1,2,p_1.30.24_LL3f_mi,1
343,178,133,229,653,323,330,0,1,2,p_1.30.24_LL3f_mi,1
344,184,146,227,657,335,322,0,1,2,p_1.30.24_LL3f_mi,1
345,178,139,224,663,349,314,0,1,2,p_1.30.24_LL3f_mi,1
346,176,140,220,675,334,341,0,1,2,p_1.30.24_LL3f_mi,1
347,170,136,215,688,337,351,0,1,2,p_1.30.24_LL3f_mi,1
348,173,137,230,644,318,326,0,1,2,p_1.30.24_LL3f_mi,1
349,182,136,234,635,328,307,0,1,2,p_1.30.24_LL3f_mi,1
350,172,133,216,690,346,344,0,1,2,p_1.30.24_LL3f_mi,1
1,4,3,6,648,306,342,0,1,3,p_1.30.24_LL3f_mi,1
2,106,94,132,844,404,440,0,1,3,p_1.30.24_LL3f_mi,1
3,132,117,176,771,366,405,0,1,3,p_1.30.24_LL3f_mi,1
4,166,130,218,681,317,364,0,1,3,p_1.30.24_LL3f_mi,1
5,168,135,218,682,333,349,0,1,3,p_1.30.24_LL3f_mi,1
6,180,143,226,658,337,321,0,1,3,p_1.30.24_LL3f_mi,1
7,171,138,222,664,349,315,0,1,3,p_1.30.24_LL3f_mi,1
8,173,137,224,667,339,328,0,1,3,p_1.30.24_LL3f_mi,1
9,177,142,230,646,326,320,0,1,3,p_1.30.24_LL3f_mi,1
10,180,137,231,652,329,323,0,1,3,p_1.30.24_LL3f_mi,1
11,164,132,217,685,352,333,0,1,3,p_1.30.24_LL3f_mi,1
12,177,138,228,659,340,319,0,1,3,p_1.30.24_LL3f_mi,1
13,170,134,219,679,350,329,0,1,3,p_1.30.24_LL3f_mi,1
14,173,134,219,676,343,333,0,1,3,p_1.30.24_LL3f_mi,1
15,169,129,225,656,320,336,0,1,3,p_1.30.24_LL3f_mi,1
16,172,133,227,649,321,328,0,1,3,p_1.30.24_LL3f_mi,1
17,170,133,217,682,335,347,0,1,3,p_1.30.24_LL3f_mi,1
18,183,136,232,641,309,332,0,1,3,p_1.30.24_LL3f_mi,1
19,180,140,224,662,323,339,0,1,3,p_1.30.24_LL3f_mi,1
20,170,135,219,680,331,349,0,1,3,p_1.30.24_LL3f_mi,1
21,176,142,226,656,326,330,0,1,3,p_1.30.24_LL3f_mi,1
22,178,139,221,672,333,339,0,1,3,p_1.30.24_LL3f_mi,1
23,174,142,225,662,317,345,0,1,3,p_1.30.24_LL3f_mi,1
24,177,137,222,674,320,354,0,1,3,p_1.30.24_LL3f_mi,1
25,183,138,231,637,309,328,0,1,3,p_1.30.24_LL3f_mi,1
26,167,133,209,707,364,343,0,1,3,p_1.30.24_LL3f_mi,1
27,180,138,226,660,328,332,0,1,3,p_1.30.24_LL3f_mi,1
28,173,135,222,666,326,340,0,1,3,p_1.30.24_LL3f_mi,1
29,178,147,229,649,328,321,0,1,3,p_1.30.24_LL3f_mi,1
30,172,137,226,648,308,340,0,1,3,p_1.30.24_LL3f_mi,1
31,181,136,227,656,318,338,0,1,3,p_1.30.24_LL3f_mi,1
32,181,145,227,658,308,350,0,1,3,p_1.30.24_LL3f_mi,1
33,174,139,215,684,322,362,0,1,3,p_1.30.24_LL3f_mi,1
34,171,140,223,664,311,353,0,1,3,p_1.30.24_LL3f_mi,1
35,174,139,219,685,321,364,0,1,3,p_1.30.24_LL3f_mi,1
36,178,141,229,655,303,352,0,1,3,p_1.30.24_LL3f_mi,1
37,176,135,226,658,311,347,0,1,3,p_1.30.24_LL3f_mi,1
38,178,145,226,662,323,339,0,1,3,p_1.30.24_LL3f_mi,1
39,174,138,223,667,313,354,0,1,3,p_1.30.24_LL3f_mi,1
40,175,139,226,663,302,361,0,1,3,p_1.30.24_LL3f_mi,1
41,180,136,225,658,321,337,0,1,3,p_1.30.24_LL3f_mi,1
42,173,141,221,672,320,352,0,1,3,p_1.30.24_LL3f_mi,1
43,169,132,218,683,323,360,0,1,3,p_1.30.24_LL3f_mi,1
44,173,142,221,670,320,350,0,1,3,p_1.30.24_LL3f_mi,1
45,171,132,214,694,330,364,0,1,3,p_1.30.24_LL3f_mi,1
46,181,135,228,652,315,337,0,1,3,p_1.30.24_LL3f_mi,1
47,171,138,228,649,311,338,0,1,3,p_1.30.24_LL3f_mi,1
48,179,135,229,642,301,341,0,1,3,p_1.30.24_LL3f_mi,1
49,179,142,218,683,323,360,0,1,3,p_1.30.24_LL3f_mi,1
50,178,146,222,671,327,344,0,1,3,p_1.30.24_LL3f_mi,1
51,158,127,207,712,359,353,0,1,3,p_1.30.24_LL3f_mi,1
52,179,140,225,659,321,338,0,1,3,p_1.30.24_LL3f_mi,1
53,169,134,221,666,334,332,0,1,3,p_1.30.24_LL3f_mi,1
54,187,141,234,637,311,326,0,1,3,p_1.30.24_LL3f_mi,1
55,169,132,218,680,334,346,0,1,3,p_1.30.24_LL3f_mi,1
56,173,141,219,678,325,353,0,1,3,p_1.30.24_LL3f_mi,1
57,178,139,223,665,332,333,0,1,3,p_1.30.24_LL3f_mi,1
58,166,132,217,682,354,328,0,1,3,p_1.30.24_LL3f_mi,1
59,174,126,222,672,359,313,0,1,3,p_1.30.24_LL3f_mi,1
60,174,128,222,673,358,315,0,1,3,p_1.30.24_LL3f_mi,1
61,167,137,216,683,351,332,0,1,3,p_1.30.24_LL3f_mi,1
62,178,135,222,664,334,330,0,1,3,p_1.30.24_LL3f_mi,1
63,178,143,226,660,327,333,0,1,3,p_1.30.24_LL3f_mi,1
64,170,125,219,675,337,338,0,1,3,p_1.30.24_LL3f_mi,1
65,168,140,221,675,333,342,0,1,3,p_1.30.24_LL3f_mi,1
66,181,139,231,653,332,321,0,1,3,p_1.30.24_LL3f_mi,1
67,176,134,229,645,335,310,0,1,3,p_1.30.24_LL3f_mi,1
68,183,135,233,639,327,312,0,1,3,p_1.30.24_LL3f_mi,1
69,166,128,216,684,352,332,0,1,3,p_1.30.24_LL3f_mi,1
70,177,133,222,677,353,324,0,1,3,p_1.30.24_LL3f_mi,1
71,173,136,224,673,338,335,0,1,3,p_1.30.24_LL3f_mi,1
72,171,140,218,686,348,338,0,1,3,p_1.30.24_LL3f_mi,1
73,179,137,224,666,328,338,0,1,3,p_1.30.24_LL3f_mi,1
74,177,136,229,646,319,327,0,1,3,p_1.30.24_LL3f_mi,1
75,176,131,225,662,320,342,0,1,3,p_1.30.24_LL3f_mi,1
76,161,125,205,712,340,372,0,1,3,p_1.30.24_LL3f_mi,1
77,170,132,222,673,340,333,0,1,3,p_1.30.24_LL3f_mi,1
78,167,140,213,691,356,335,0,1,3,p_1.30.24_LL3f_mi,1
79,174,142,228,657,335,322,0,1,3,p_1.30.24_LL3f_mi,1
80,177,143,220,676,346,330,0,1,3,p_1.30.24_LL3f_mi,1
81,169,133,223,670,348,322,0,1,3,p_1.30.24_LL3f_mi,1
82,169,135,222,675,344,331,0,1,3,p_1.30.24_LL3f_mi,1
83,178,134,225,666,343,323,0,1,3,p_1.30.24_LL3f_mi,1
84,173,144,227,656,334,322,0,1,3,p_1.30.24_LL3f_mi,1
85,176,137,226,657,321,336,0,1,3,p_1.30.24_LL3f_mi,1
86,168,136,220,681,339,342,0,1,3,p_1.30.24_LL3f_mi,1
87,168,132,220,672,328,344,0,1,3,p_1.30.24_LL3f_mi,1
88,173,134,218,684,350,334,0,1,3,p_1.30.24_LL3f_mi,1
89,175,138,226,661,338,323,0,1,3,p_1.30.24_LL3f_mi,1
90,174,126,229,646,329,317,0,1,3,p_1.30.24_LL3f_mi,1
91,171,141,226,658,310,348,0,1,3,p_1.30.24_LL3f_mi,1
92,176,134,228,645,310,335,0,1,3,p_1.30.24_LL3f_mi,1
93,176,136,228,652,322,330,0,1,3,p_1.30.24_LL3f_mi,1
94,178,134,225,667,337,330,0,1,3,p_1.30.24_LL3f_mi,1
95,171,134,221,677,337,340,0,1,3,p_1.30.24_LL3f_mi,1
96,169,133,218,683,330,353,0,1,3,p_1.30.24_LL3f_mi,1
97,170,138,218,680,314,366,0,1,3,p_1.30.24_LL3f_mi,1
98,176,140,222,665,318,347,0,1,3,p_1.30.24_LL3f_mi,1
99,175,129,229,646,331,315,0,1,3,p_1.30.24_LL3f_mi,1
100,155,123,193,661,344,317,0,1,3,p_1.30.24_LL3f_mi,1
101,115,96,144,682,352,330,0,1,3,p_1.30.24_LL3f_mi,1
102,118,101,149,591,304,287,0,1,3,p_1.30.24_LL3f_mi,1
103,115,92,145,522,267,255,0,1,3,p_1.30.24_LL3f_mi,1
104,96,81,125,488,241,247,0,1,3,p_1.30.24_LL3f_mi,1
105,70,57,89,469,242,227,0,1,3,p_1.30.24_LL3f_mi,1
106,70,56,91,393,198,195,0,1,3,p_1.30.24_LL3f_mi,1
107,65,52,80,334,165,169,0,1,3,p_1.30.24_LL3f_mi,1
108,35,30,47,316,154,162,0,1,3,p_1.30.24_LL3f_mi,1
109,30,28,37,257,121,136,0,1,3,p_1.30.24_LL3f_mi,1
110,26,22,31,208,94,114,0,1,3,p_1.30.24_LL3f_mi,1
111,26,21,37,147,69,78,0,1,3,p_1.30.24_LL3f_mi,1
112,26,22,38,129,59,70,0,1,3,p_1.30.24_LL3f_mi,1
113,27,19,34,102,54,48,0,1,3,p_1.30.24_LL3f_mi,1
114,28,23,34,105,47,58,0,1,3,p_1.30.24_LL3f_mi,1
115,28,20,34,100,47,53,0,1,3,p_1.30.24_LL3f_mi,1
116,28,21,34,112,54,58,0,1,3,p_1.30.24_LL3f_mi,1
117,25,21,33,103,53,50,0,1,3,p_1.30.24_LL3f_mi,1
118,25,18,33,101,52,49,0,1,3,p_1.30.24_LL3f_mi,1
119,25,18,31,101,54,47,0,1,3,p_1.30.24_LL3f_mi,1
120,25,21,33,100,50,50,0,1,3,p_1.30.24_LL3f_mi,1
121,26,20,35,104,53,51,0,1,3,p_1.30.24_LL3f_mi,1
122,25,24,32,101,42,59,0,1,3,p_1.30.24_LL3f_mi,1
123,25,20,34,94,43,51,0,1,3,p_1.30.24_LL3f_mi,1
124,25,23,32,100,43,57,0,1,3,p_1.30.24_LL3f_mi,1
125,28,22,36,123,60,63,18,1,3,p_1.30.24_LL3f_mi,1
126,28,23,38,129,63,66,7,1,3,p_1.30.24_LL3f_mi,1
127,32,28,37,126,62,64,7,1,3,p_1.30.24_LL3f_mi,1
128,30,24,36,121,57,64,1,1,3,p_1.30.24_LL3f_mi,1
129,25,22,33,111,56,55,1,1,3,p_1.30.24_LL3f_mi,1
130,28,25,34,109,61,48,0,1,3,p_1.30.24_LL3f_mi,1
131,27,21,32,102,50,52,0,1,3,p_1.30.24_LL3f_mi,1
132,27,21,31,96,51,45,0,1,3,p_1.30.24_LL3f_mi,1
133,23,19,31,94,52,42,0,1,3,p_1.30.24_LL3f_mi,1
134,24,18,34,101,61,40,0,1,3,p_1.30.24_LL3f_mi,1
135,26,20,33,95,49,46,0,1,3,p_1.30.24_LL3f_mi,1
136,26,24,35,92,42,50,0,1,3,p_1.30.24_LL3f_mi,1
137,24,19,31,93,43,50,0,1,3,p_1.30.24_LL3f_mi,1
138,20,14,31,92,42,50,0,1,3,p_1.30.24_LL3f_mi,1
139,23,15,31,88,43,45,0,1,3,p_1.30.24_LL3f_mi,1
140,28,21,37,118,61,57,19,1,3,p_1.30.24_LL3f_mi,1
141,25,19,33,101,53,48,9,1,3,p_1.30.24_LL3f_mi,1
142,26,19,36,108,54,54,9,1,3,p_1.30.24_LL3f_mi,1
143,29,24,36,104,58,46,2,1,3,p_1.30.24_LL3f_mi,1
144,27,22,36,108,57,51,0,1,3,p_1.30.24_LL3f_mi,1
145,25,21,34,111,67,44,0,1,3,p_1.30.24_LL3f_mi,1
146,28,20,36,117,68,49,0,1,3,p_1.30.24_LL3f_mi,1
147,28,22,35,113,63,50,0,1,3,p_1.30.24_LL3f_mi,1
148,26,22,35,118,60,58,0,1,3,p_1.30.24_LL3f_mi,1
149,30,22,37,116,56,60,0,1,3,p_1.30.24_LL3f_mi,1
150,31,26,37,116,47,69,0,1,3,p_1.30.24_LL3f_mi,1
151,49,31,72,127,50,77,0,1,3,p_1.30.24_LL3f_mi,1
152,70,46,101,154,72,82,0,1,3,p_1.30.24_LL3f_mi,1
153,88,57,123,203,103,100,0,1,3,p_1.30.24_LL3f_mi,1
154,113,69,145,265,145,120,0,1,3,p_1.30.24_LL3f_mi,1
155,129,98,161,352,172,180,18,1,3,p_1.30.24_LL3f_mi,1
156,138,98,176,413,205,208,10,1,3,p_1.30.24_LL3f_mi,1
157,153,116,193,450,232,218,7,1,3,p_1.30.24_LL3f_mi,1
158,157,113,212,496,257,239,4,1,3,p_1.30.24_LL3f_mi,1
159,177,129,221,571,295,276,1,1,3,p_1.30.24_LL3f_mi,1
160,188,141,239,613,305,308,0,1,3,p_1.30.24_LL3f_mi,1
161,186,154,233,626,296,330,0,1,3,p_1.30.24_LL3f_mi,1
162,171,129,228,659,319,340,0,1,3,p_1.30.24_LL3f_mi,1
163,174,141,220,679,322,357,0,1,3,p_1.30.24_LL3f_mi,1
164,173,137,217,684,330,354,0,1,3,p_1.30.24_LL3f_mi,1
165,179,142,223,667,327,340,0,1,3,p_1.30.24_LL3f_mi,1
166,174,142,229,644,321,323,0,1,3,p_1.30.24_LL3f_mi,1
167,177,135,228,653,316,337,0,1,3,p_1.30.24_LL3f_mi,1
168,178,133,227,660,313,347,0,1,3,p_1.30.24_LL3f_mi,1
169,184,136,233,644,321,323,0,1,3,p_1.30.24_LL3f_mi,1
170,163,132,214,685,330,355,17,1,3,p_1.30.24_LL3f_mi,1
171,172,139,224,662,325,337,13,1,3,p_1.30.24_LL3f_mi,1
172,171,131,219,679,325,354,9,1,3,p_1.30.24_LL3f_mi,1
173,179,139,229,653,318,335,4,1,3,p_1.30.24_LL3f_mi,1
174,181,136,227,653,301,352,3,1,3,p_1.30.24_LL3f_mi,1
175,165,132,215,686,309,377,0,1,3,p_1.30.24_LL3f_mi,1
176,152,121,196,734,342,392,0,1,3,p_1.30.24_LL3f_mi,1
177,169,132,224,664,322,342,0,1,3,p_1.30.24_LL3f_mi,1
178,169,141,224,660,333,327,0,1,3,p_1.30.24_LL3f_mi,1
179,178,142,229,645,312,333,0,1,3,p_1.30.24_LL3f_mi,1
180,176,130,233,634,304,330,0,1,3,p_1.30.24_LL3f_mi,1
181,184,136,222,665,324,341,0,1,3,p_1.30.24_LL3f_mi,1
182,180,139,234,630,295,335,0,1,3,p_1.30.24_LL3f_mi,1
183,173,135,227,658,319,339,0,1,3,p_1.30.24_LL3f_mi,1
184,178,135,223,665,315,350,0,1,3,p_1.30.24_LL3f_mi,1
185,174,133,226,657,326,331,0,1,3,p_1.30.24_LL3f_mi,1
186,173,134,221,680,333,347,0,1,3,p_1.30.24_LL3f_mi,1
187,180,137,224,659,317,342,0,1,3,p_1.30.24_LL3f_mi,1
188,174,132,224,663,342,321,0,1,3,p_1.30.24_LL3f_mi,1
189,168,133,223,667,331,336,0,1,3,p_1.30.24_LL3f_mi,1
190,156,121,214,694,341,353,0,1,3,p_1.30.24_LL3f_mi,1
191,191,144,233,632,303,329,0,1,3,p_1.30.24_LL3f_mi,1
192,171,139,220,674,304,370,0,1,3,p_1.30.24_LL3f_mi,1
193,177,142,226,661,305,356,0,1,3,p_1.30.24_LL3f_mi,1
194,186,139,232,638,304,334,0,1,3,p_1.30.24_LL3f_mi,1
195,177,133,227,655,330,325,0,1,3,p_1.30.24_LL3f_mi,1
196,175,140,217,688,347,341,0,1,3,p_1.30.24_LL3f_mi,1
197,173,134,223,669,329,340,0,1,3,p_1.30.24_LL3f_mi,1
198,168,130,224,659,326,333,0,1,3,p_1.30.24_LL3f_mi,1
199,170,140,221,675,321,354,0,1,3,p_1.30.24_LL3f_mi,1
200,171,137,222,672,322,350,0,1,3,p_1.30.24_LL3f_mi,1
201,163,142,211,705,355,350,0,1,3,p_1.30.24_LL3f_mi,1
202,170,125,223,671,342,329,0,1,3,p_1.30.24_LL3f_mi,1
203,173,137,226,660,320,340,0,1,3,p_1.30.24_LL3f_mi,1
204,176,137,224,665,321,344,0,1,3,p_1.30.24_LL3f_mi,1
205,183,148,228,649,329,320,0,1,3,p_1.30.24_LL3f_mi,1
206,161,133,218,680,331,349,0,1,3,p_1.30.24_LL3f_mi,1
207,181,139,224,662,320,342,0,1,3,p_1.30.24_LL3f_mi,1
208,171,139,225,663,330,333,0,1,3,p_1.30.24_LL3f_mi,1
209,173,137,223,664,342,322,0,1,3,p_1.30.24_LL3f_mi,1
210,177,140,227,658,337,321,0,1,3,p_1.30.24_LL3f_mi,1
211,171,128,222,668,338,330,0,1,3,p_1.30.24_LL3f_mi,1
212,172,135,222,671,330,341,0,1,3,p_1.30.24_LL3f_mi,1
213,170,133,225,662,327,335,0,1,3,p_1.30.24_LL3f_mi,1
214,176,131,221,669,328,341,0,1,3,p_1.30.24_LL3f_mi,1
215,188,147,228,654,321,333,0,1,3,p_1.30.24_LL3f_mi,1
216,170,122,220,676,342,334,0,1,3,p_1.30.24_LL3f_mi,1
217,170,143,223,665,318,347,0,1,3,p_1.30.24_LL3f_mi,1
218,174,141,222,668,315,353,0,1,3,p_1.30.24_LL3f_mi,1
219,170,137,220,678,327,351,0,1,3,p_1.30.24_LL3f_mi,1
220,175,139,230,647,320,327,0,1,3,p_1.30.24_LL3f_mi,1
221,182,134,231,643,316,327,0,1,3,p_1.30.24_LL3f_mi,1
222,178,136,226,656,328,328,0,1,3,p_1.30.24_LL3f_mi,1
223,174,147,215,688,338,350,0,1,3,p_1.30.24_LL3f_mi,1
224,170,136,217,687,345,342,0,1,3,p_1.30.24_LL3f_mi,1
225,172,132,222,669,363,306,0,1,3,p_1.30.24_LL3f_mi,1
226,158,132,206,712,392,320,0,1,3,p_1.30.24_LL3f_mi,1
227,176,135,225,659,352,307,0,1,3,p_1.30.24_LL3f_mi,1
228,179,134,228,649,345,304,0,1,3,p_1.30.24_LL3f_mi,1
229,181,141,222,667,336,331,0,1,3,p_1.30.24_LL3f_mi,1
230,168,135,210,705,365,340,0,1,3,p_1.30.24_LL3f_mi,1
231,169,130,216,688,355,333,0,1,3,p_1.30.24_LL3f_mi,1
232,179,134,230,645,330,315,0,1,3,p_1.30.24_LL3f_mi,1
233,182,134,226,659,328,331,0,1,3,p_1.30.24_LL3f_mi,1
234,177,132,222,672,334,338,0,1,3,p_1.30.24_LL3f_mi,1
235,173,128,223,669,353,316,0,1,3,p_1.30.24_LL3f_mi,1
236,169,136,214,690,355,335,0,1,3,p_1.30.24_LL3f_mi,1
237,180,146,224,672,326,346,0,1,3,p_1.30.24_LL3f_mi,1
238,176,140,226,656,320,336,0,1,3,p_1.30.24_LL3f_mi,1
239,168,131,219,680,334,346,0,1,3,p_1.30.24_LL3f_mi,1
240,174,130,227,650,330,320,0,1,3,p_1.30.24_LL3f_mi,1
241,177,139,224,665,335,330,0,1,3,p_1.30.24_LL3f_mi,1
242,183,135,233,640,307,333,0,1,3,p_1.30.24_LL3f_mi,1
243,178,142,224,662,317,345,0,1,3,p_1.30.24_LL3f_mi,1
244,175,145,221,675,346,329,0,1,3,p_1.30.24_LL3f_mi,1
245,181,147,227,658,337,321,0,1,3,p_1.30.24_LL3f_mi,1
246,177,140,230,645,321,324,0,1,3,p_1.30.24_LL3f_mi,1
247,174,140,227,659,330,329,0,1,3,p_1.30.24_LL3f_mi,1
248,182,146,227,649,311,338,0,1,3,p_1.30.24_LL3f_mi,1
249,175,146,220,673,320,353,0,1,3,p_1.30.24_LL3f_mi,1
250,172,145,225,658,306,352,0,1,3,p_1.30.24_LL3f_mi,1
251,163,136,209,708,326,382,0,1,3,p_1.30.24_LL3f_mi,1
252,169,132,216,690,322,368,0,1,3,p_1.30.24_LL3f_mi,1
253,174,140,223,668,330,338,0,1,3,p_1.30.24_LL3f_mi,1
254,173,135,220,677,348,329,0,1,3,p_1.30.24_LL3f_mi,1
255,174,137,226,658,334,324,0,1,3,p_1.30.24_LL3f_mi,1
256,171,126,227,662,330,332,0,1,3,p_1.30.24_LL3f_mi,1
257,173,135,225,655,332,323,0,1,3,p_1.30.24_LL3f_mi,1
258,184,134,227,668,337,331,0,1,3,p_1.30.24_LL3f_mi,1
259,169,138,219,678,328,350,0,1,3,p_1.30.24_LL3f_mi,1
260,168,134,221,671,331,340,0,1,3,p_1.30.24_LL3f_mi,1
261,175,141,223,663,341,322,0,1,3,p_1.30.24_LL3f_mi,1
262,168,129,216,685,363,322,0,1,3,p_1.30.24_LL3f_mi,1
263,178,132,222,669,344,325,0,1,3,p_1.30.24_LL3f_mi,1
264,176,142,229,648,338,310,0,1,3,p_1.30.24_LL3f_mi,1
265,175,135,228,649,338,311,0,1,3,p_1.30.24_LL3f_mi,1
266,175,127,219,678,351,327,0,1,3,p_1.30.24_LL3f_mi,1
267,173,135,223,665,345,320,0,1,3,p_1.30.24_LL3f_mi,1
268,171,128,231,642,337,305,0,1,3,p_1.30.24_LL3f_mi,1
269,186,144,228,656,334,322,0,1,3,p_1.30.24_LL3f_mi,1
270,171,133,230,643,331,312,0,1,3,p_1.30.24_LL3f_mi,1
271,173,133,229,652,334,318,0,1,3,p_1.30.24_LL3f_mi,1
272,167,133,219,675,337,338,0,1,3,p_1.30.24_LL3f_mi,1
273,182,141,232,646,329,317,0,1,3,p_1.30.24_LL3f_mi,1
274,180,140,228,657,332,325,0,1,3,p_1.30.24_LL3f_mi,1
275,174,130,223,673,326,347,0,1,3,p_1.30.24_LL3f_mi,1
276,159,128,204,717,349,368,0,1,3,p_1.30.24_LL3f_mi,1
277,174,135,223,668,317,351,0,1,3,p_1.30.24_LL3f_mi,1
278,187,142,237,620,286,334,0,1,3,p_1.30.24_LL3f_mi,1
279,170,131,223,669,321,348,0,1,3,p_1.30.24_LL3f_mi,1
280,172,136,225,660,322,338,0,1,3,p_1.30.24_LL3f_mi,1
281,170,133,217,678,345,333,0,1,3,p_1.30.24_LL3f_mi,1
282,175,133,225,662,339,323,0,1,3,p_1.30.24_LL3f_mi,1
283,182,141,233,636,341,295,0,1,3,p_1.30.24_LL3f_mi,1
284,174,131,217,680,361,319,0,1,3,p_1.30.24_LL3f_mi,1
285,175,131,227,659,333,326,0,1,3,p_1.30.24_LL3f_mi,1
286,168,128,220,675,324,351,0,1,3,p_1.30.24_LL3f_mi,1
287,179,146,230,643,310,333,0,1,3,p_1.30.24_LL3f_mi,1
288,175,138,220,677,333,344,0,1,3,p_1.30.24_LL3f_mi,1
289,168,135,216,676,328,348,0,1,3,p_1.30.24_LL3f_mi,1
290,182,137,232,633,323,310,0,1,3,p_1.30.24_LL3f_mi,1
291,176,137,226,653,318,335,0,1,3,p_1.30.24_LL3f_mi,1
292,176,137,227,655,320,335,0,1,3,p_1.30.24_LL3f_mi,1
293,171,133,223,670,322,348,0,1,3,p_1.30.24_LL3f_mi,1
294,189,139,232,639,311,328,0,1,3,p_1.30.24_LL3f_mi,1
295,183,141,232,634,303,331,0,1,3,p_1.30.24_LL3f_mi,1
296,181,136,233,637,317,320,0,1,3,p_1.30.24_LL3f_mi,1
297,167,130,222,670,335,335,0,1,3,p_1.30.24_LL3f_mi,1
298,181,133,229,643,333,310,0,1,3,p_1.30.24_LL3f_mi,1
299,180,135,230,651,337,314,0,1,3,p_1.30.24_LL3f_mi,1
300,186,137,236,628,322,306,0,1,3,p_1.30.24_LL3f_mi,1
301,169,131,213,692,344,348,0,1,3,p_1.30.24_LL3f_mi,1
302,180,150,223,665,313,352,0,1,3,p_1.30.24_LL3f_mi,1
303,175,138,231,650,301,349,0,1,3,p_1.30.24_LL3f_mi,1
304,171,133,224,672,326,346,0,1,3,p_1.30.24_LL3f_mi,1
305,167,136,221,663,328,335,0,1,3,p_1.30.24_LL3f_mi,1
306,180,141,222,675,322,353,0,1,3,p_1.30.24_LL3f_mi,1
307,169,137,222,672,338,334,0,1,3,p_1.30.24_LL3f_mi,1
308,172,127,219,674,348,326,0,1,3,p_1.30.24_LL3f_mi,1
309,172,132,226,656,329,327,0,1,3,p_1.30.24_LL3f_mi,1
310,172,138,218,676,331,345,0,1,3,p_1.30.24_LL3f_mi,1
311,176,136,220,672,345,327,0,1,3,p_1.30.24_LL3f_mi,1
312,174,130,224,656,341,315,0,1,3,p_1.30.24_LL3f_mi,1
313,178,135,229,653,343,310,0,1,3,p_1.30.24_LL3f_mi,1
314,183,141,233,646,344,302,0,1,3,p_1.30.24_LL3f_mi,1
315,174,131,221,666,356,310,0,1,3,p_1.30.24_LL3f_mi,1
316,178,130,230,648,342,306,0,1,3,p_1.30.24_LL3f_mi,1
317,177,139,226,659,352,307,0,1,3,p_1.30.24_LL3f_mi,1
318,167,128,220,679,354,325,0,1,3,p_1.30.24_LL3f_mi,1
319,164,139,221,662,324,338,0,1,3,p_1.30.24_LL3f_mi,1
320,168,134,218,684,344,340,0,1,3,p_1.30.24_LL3f_mi,1
321,173,136,226,658,342,316,0,1,3,p_1.30.24_LL3f_mi,1
322,170,134,222,669,352,317,0,1,3,p_1.30.24_LL3f_mi,1
323,178,133,221,683,369,314,0,1,3,p_1.30.24_LL3f_mi,1
324,172,137,227,654,358,296,0,1,3,p_1.30.24_LL3f_mi,1
325,174,129,221,668,355,313,0,1,3,p_1.30.24_LL3f_mi,1
326,162,124,211,705,366,339,0,1,3,p_1.30.24_LL3f_mi,1
327,164,128,218,684,350,334,0,1,3,p_1.30.24_LL3f_mi,1
328,170,136,228,652,317,335,0,1,3,p_1.30.24_LL3f_mi,1
329,174,135,233,632,307,325,0,1,3,p_1.30.24_LL3f_mi,1
330,176,137,226,661,329,332,0,1,3,p_1.30.24_LL3f_mi,1
331,169,136,215,696,347,349,0,1,3,p_1.30.24_LL3f_mi,1
332,178,150,219,681,358,323,0,1,3,p_1.30.24_LL3f_mi,1
333,174,130,225,662,363,299,0,1,3,p_1.30.24_LL3f_mi,1
334,171,136,225,665,361,304,0,1,3,p_1.30.24_LL3f_mi,1
335,165,126,226,647,343,304,0,1,3,p_1.30.24_LL3f_mi,1
336,172,138,225,659,357,302,0,1,3,p_1.30.24_LL3f_mi,1
337,181,126,230,652,347,305,0,1,3,p_1.30.24_LL3f_mi,1
338,170,132,230,657,336,321,0,1,3,p_1.30.24_LL3f_mi,1
339,170,130,216,689,353,336,0,1,3,p_1.30.24_LL3f_mi,1
340,176,136,223,661,338,323,0,1,3,p_1.30.24_LL3f_mi,1
341,175,144,222,671,338,333,0,1,3,p_1.30.24_LL3f_mi,1
342,169,133,213,692,344,348,0,1,3,p_1.30.24_LL3f_mi,1
343,171,141,220,673,327,346,0,1,3,p_1.30.24_LL3f_mi,1
344,174,135,225,662,327,335,0,1,3,p_1.30.24_LL3f_mi,1
345,184,133,234,643,317,326,0,1,3,p_1.30.24_LL3f_mi,1
346,167,134,224,665,332,333,0,1,3,p_1.30.24_LL3f_mi,1
347,179,131,228,654,339,315,0,1,3,p_1.30.24_LL3f_mi,1
348,179,136,231,645,329,316,0,1,3,p_1.30.24_LL3f_mi,1
349,180,136,222,669,334,335,0,1,3,p_1.30.24_LL3f_mi,1
350,174,134,224,669,338,331,0,1,3,p_1.30.24_LL3f_mi,1
1,13,13,17,650,331,319,0,1,4,p_1.30.24_LL3f_mi,1
2,103,93,136,838,404,434,0,1,4,p_1.30.24_LL3f_mi,1
3,141,115,187,756,376,380,0,1,4,p_1.30.24_LL3f_mi,1
4,174,129,220,671,355,316,0,1,4,p_1.30.24_LL3f_mi,1
5,172,130,224,662,322,340,0,1,4,p_1.30.24_LL3f_mi,1
6,167,132,218,681,348,333,0,1,4,p_1.30.24_LL3f_mi,1
7,177,138,225,663,344,319,0,1,4,p_1.30.24_LL3f_mi,1
8,171,133,232,645,308,337,0,1,4,p_1.30.24_LL3f_mi,1
9,170,132,223,673,319,354,0,1,4,p_1.30.24_LL3f_mi,1
10,177,142,226,653,301,352,0,1,4,p_1.30.24_LL3f_mi,1
11,181,140,229,649,312,337,0,1,4,p_1.30.24_LL3f_mi,1
12,177,138,229,651,336,315,0,1,4,p_1.30.24_LL3f_mi,1
13,176,138,227,660,350,310,0,1,4,p_1.30.24_LL3f_mi,1
14,170,137,223,663,332,331,0,1,4,p_1.30.24_LL3f_mi,1
15,166,123,218,679,359,320,0,1,4,p_1.30.24_LL3f_mi,1
16,172,130,213,695,360,335,0,1,4,p_1.30.24_LL3f_mi,1
17,170,131,225,662,330,332,0,1,4,p_1.30.24_LL3f_mi,1
18,184,138,228,650,322,328,0,1,4,p_1.30.24_LL3f_mi,1
19,172,143,232,639,310,329,0,1,4,p_1.30.24_LL3f_mi,1
20,169,125,223,675,330,345,0,1,4,p_1.30.24_LL3f_mi,1
21,168,133,219,677,347,330,0,1,4,p_1.30.24_LL3f_mi,1
22,177,136,226,657,337,320,0,1,4,p_1.30.24_LL3f_mi,1
23,182,143,227,654,327,327,0,1,4,p_1.30.24_LL3f_mi,1
24,175,140,223,672,337,335,0,1,4,p_1.30.24_LL3f_mi,1
25,166,128,218,683,347,336,0,1,4,p_1.30.24_LL3f_mi,1
26,144,118,192,745,385,360,0,1,4,p_1.30.24_LL3f_mi,1
27,179,137,223,674,357,317,0,1,4,p_1.30.24_LL3f_mi,1
28,180,135,226,656,345,311,0,1,4,p_1.30.24_LL3f_mi,1
29,176,135,230,642,332,310,0,1,4,p_1.30.24_LL3f_mi,1
30,174,148,225,660,331,329,0,1,4,p_1.30.24_LL3f_mi,1
31,175,133,221,669,329,340,0,1,4,p_1.30.24_LL3f_mi,1
32,178,139,221,675,348,327,0,1,4,p_1.30.24_LL3f_mi,1
33,183,137,232,637,343,294,0,1,4,p_1.30.24_LL3f_mi,1
34,183,138,231,635,328,307,0,1,4,p_1.30.24_LL3f_mi,1
35,175,134,224,666,344,322,0,1,4,p_1.30.24_LL3f_mi,1
36,174,136,228,647,329,318,0,1,4,p_1.30.24_LL3f_mi,1
37,177,137,223,661,315,346,0,1,4,p_1.30.24_LL3f_mi,1
38,172,138,222,669,317,352,0,1,4,p_1.30.24_LL3f_mi,1
39,181,136,229,645,314,331,0,1,4,p_1.30.24_LL3f_mi,1
40,178,138,224,665,317,348,0,1,4,p_1.30.24_LL3f_mi,1
41,187,147,228,651,334,317,0,1,4,p_1.30.24_LL3f_mi,1
42,171,132,226,656,320,336,0,1,4,p_1.30.24_LL3f_mi,1
43,177,133,220,674,332,342,0,1,4,p_1.30.24_LL3f_mi,1
44,173,138,227,650,323,327,0,1,4,p_1.30.24_LL3f_mi,1
45,171,136,221,667,320,347,0,1,4,p_1.30.24_LL3f_mi,1
46,178,135,225,663,327,336,0,1,4,p_1.30.24_LL3f_mi,1
47,168,133,225,656,333,323,0,1,4,p_1.30.24_LL3f_mi,1
48,177,142,226,660,310,350,0,1,4,p_1.30.24_LL3f_mi,1
49,179,138,224,664,309,355,0,1,4,p_1.30.24_LL3f_mi,1
50,170,143,217,686,322,364,0,1,4,p_1.30.24_LL3f_mi,1
51,150,127,192,740,344,396,0,1,4,p_1.30.24_LL3f_mi,1
52,175,142,227,657,297,360,0,1,4,p_1.30.24_LL3f_mi,1
53,186,149,234,627,293,334,0,1,4,p_1.30.24_LL3f_mi,1
54,167,131,220,680,321,359,0,1,4,p_1.30.24_LL3f_mi,1
55,171,136,218,681,320,361,0,1,4,p_1.30.24_LL3f_mi,1
56,176,145,223,664,316,348,0,1,4,p_1.30.24_LL3f_mi,1
57,180,139,227,659,311,348,0,1,4,p_1.30.24_LL3f_mi,1
58,164,130,211,698,331,367,0,1,4,p_1.30.24_LL3f_mi,1
59,175,137,232,643,323,320,0,1,4,p_1.30.24_LL3f_mi,1
60,171,131,226,664,338,326,0,1,4,p_1.30.24_LL3f_mi,1
61,166,122,214,691,365,326,0,1,4,p_1.30.24_LL3f_mi,1
62,183,137,233,642,331,311,0,1,4,p_1.30.24_LL3f_mi,1
63,182,138,232,643,325,318,0,1,4,p_1.30.24_LL3f_mi,1
64,171,132,219,674,337,337,0,1,4,p_1.30.24_LL3f_mi,1
65,175,138,227,655,331,324,0,1,4,p_1.30.24_LL3f_mi,1
66,166,135,215,685,355,330,0,1,4,p_1.30.24_LL3f_mi,1
67,171,133,227,654,347,307,0,1,4,p_1.30.24_LL3f_mi,1
68,172,127,216,686,350,336,0,1,4,p_1.30.24_LL3f_mi,1
69,182,136,234,631,316,315,0,1,4,p_1.30.24_LL3f_mi,1
70,179,147,228,651,311,340,0,1,4,p_1.30.24_LL3f_mi,1
71,170,140,223,671,319,352,0,1,4,p_1.30.24_LL3f_mi,1
72,173,136,215,692,319,373,0,1,4,p_1.30.24_LL3f_mi,1
73,173,143,225,661,277,384,0,1,4,p_1.30.24_LL3f_mi,1
74,180,138,229,653,289,364,0,1,4,p_1.30.24_LL3f_mi,1
75,180,144,227,656,309,347,0,1,4,p_1.30.24_LL3f_mi,1
76,161,132,211,701,331,370,0,1,4,p_1.30.24_LL3f_mi,1
77,168,139,221,669,310,359,0,1,4,p_1.30.24_LL3f_mi,1
78,172,141,216,690,314,376,0,1,4,p_1.30.24_LL3f_mi,1
79,168,129,219,672,325,347,0,1,4,p_1.30.24_LL3f_mi,1
80,167,131,219,674,331,343,0,1,4,p_1.30.24_LL3f_mi,1
81,162,132,218,681,330,351,0,1,4,p_1.30.24_LL3f_mi,1
82,176,138,225,666,325,341,0,1,4,p_1.30.24_LL3f_mi,1
83,175,134,228,653,321,332,0,1,4,p_1.30.24_LL3f_mi,1
84,166,128,218,682,330,352,0,1,4,p_1.30.24_LL3f_mi,1
85,164,138,214,684,334,350,0,1,4,p_1.30.24_LL3f_mi,1
86,176,140,222,674,332,342,0,1,4,p_1.30.24_LL3f_mi,1
87,179,143,226,660,335,325,0,1,4,p_1.30.24_LL3f_mi,1
88,172,141,218,678,346,332,0,1,4,p_1.30.24_LL3f_mi,1
89,165,130,221,674,349,325,0,1,4,p_1.30.24_LL3f_mi,1
90,171,132,222,670,369,301,0,1,4,p_1.30.24_LL3f_mi,1
91,175,134,223,670,360,310,0,1,4,p_1.30.24_LL3f_mi,1
92,166,131,221,670,348,322,0,1,4,p_1.30.24_LL3f_mi,1
93,181,132,226,652,333,319,0,1,4,p_1.30.24_LL3f_mi,1
94,181,141,225,660,339,321,0,1,4,p_1.30.24_LL3f_mi,1
95,176,142,227,658,328,330,0,1,4,p_1.30.24_LL3f_mi,1
96,170,138,223,671,319,352,0,1,4,p_1.30.24_LL3f_mi,1
97,170,136,218,681,327,354,0,1,4,p_1.30.24_LL3f_mi,1
98,166,128,213,691,335,356,0,1,4,p_1.30.24_LL3f_mi,1
99,172,139,224,665,322,343,0,1,4,p_1.30.24_LL3f_mi,1
100,141,108,184,678,335,343,0,1,4,p_1.30.24_LL3f_mi,1
101,101,91,132,697,347,350,0,1,4,p_1.30.24_LL3f_mi,1
102,112,94,151,588,290,298,0,1,4,p_1.30.24_LL3f_mi,1
103,116,95,148,509,257,252,0,1,4,p_1.30.24_LL3f_mi,1
104,100,83,130,474,248,226,0,1,4,p_1.30.24_LL3f_mi,1
105,82,64,104,446,230,216,0,1,4,p_1.30.24_LL3f_mi,1
106,66,55,84,400,205,195,0,1,4,p_1.30.24_LL3f_mi,1
107,67,54,85,326,169,157,0,1,4,p_1.30.24_LL3f_mi,1
108,48,41,62,291,137,154,0,1,4,p_1.30.24_LL3f_mi,1
109,27,25,34,260,123,137,0,1,4,p_1.30.24_LL3f_mi,1
110,25,22,32,201,91,110,0,1,4,p_1.30.24_LL3f_mi,1
111,30,22,37,163,68,95,0,1,4,p_1.30.24_LL3f_mi,1
112,28,25,38,135,55,80,0,1,4,p_1.30.24_LL3f_mi,1
113,26,21,37,122,53,69,0,1,4,p_1.30.24_LL3f_mi,1
114,27,20,34,105,48,57,0,1,4,p_1.30.24_LL3f_mi,1
115,27,23,33,100,44,56,0,1,4,p_1.30.24_LL3f_mi,1
116,26,23,32,97,51,46,0,1,4,p_1.30.24_LL3f_mi,1
117,23,18,31,98,57,41,0,1,4,p_1.30.24_LL3f_mi,1
118,26,16,33,94,55,39,0,1,4,p_1.30.24_LL3f_mi,1
119,25,20,33,100,58,42,0,1,4,p_1.30.24_LL3f_mi,1
120,26,20,32,100,57,43,0,1,4,p_1.30.24_LL3f_mi,1
121,29,22,36,106,62,44,0,1,4,p_1.30.24_LL3f_mi,1
122,26,20,35,109,57,52,0,1,4,p_1.30.24_LL3f_mi,1
123,26,21,35,112,57,55,0,1,4,p_1.30.24_LL3f_mi,1
124,27,21,35,117,62,55,0,1,4,p_1.30.24_LL3f_mi,1
125,26,20,37,138,68,70,19,1,4,p_1.30.24_LL3f_mi,1
126,28,23,37,126,65,61,10,1,4,p_1.30.24_LL3f_mi,1
127,29,19,37,122,67,55,3,1,4,p_1.30.24_LL3f_mi,1
128,28,23,35,118,67,51,1,1,4,p_1.30.24_LL3f_mi,1
129,25,19,34,104,56,48,0,1,4,p_1.30.24_LL3f_mi,1
130,25,20,33,107,53,54,0,1,4,p_1.30.24_LL3f_mi,1
131,27,20,34,101,49,52,0,1,4,p_1.30.24_LL3f_mi,1
132,24,19,32,97,46,51,0,1,4,p_1.30.24_LL3f_mi,1
133,23,16,32,93,43,50,0,1,4,p_1.30.24_LL3f_mi,1
134,27,19,35,102,47,55,0,1,4,p_1.30.24_LL3f_mi,1
135,26,17,33,98,44,54,0,1,4,p_1.30.24_LL3f_mi,1
136,24,18,32,90,40,50,0,1,4,p_1.30.24_LL3f_mi,1
137,28,23,33,98,34,64,0,1,4,p_1.30.24_LL3f_mi,1
138,25,20,34,95,40,55,0,1,4,p_1.30.24_LL3f_mi,1
139,28,20,34,103,45,58,0,1,4,p_1.30.24_LL3f_mi,1
140,26,20,37,125,51,74,16,1,4,p_1.30.24_LL3f_mi,1
141,29,26,37,116,45,71,7,1,4,p_1.30.24_LL3f_mi,1
142,26,23,34,120,46,74,5,1,4,p_1.30.24_LL3f_mi,1
143,29,26,35,117,42,75,2,1,4,p_1.30.24_LL3f_mi,1
144,27,21,36,118,46,72,0,1,4,p_1.30.24_LL3f_mi,1
145,29,25,35,110,41,69,0,1,4,p_1.30.24_LL3f_mi,1
146,26,23,33,94,40,54,0,1,4,p_1.30.24_LL3f_mi,1
147,25,22,34,103,50,53,0,1,4,p_1.30.24_LL3f_mi,1
148,27,20,34,106,48,58,0,1,4,p_1.30.24_LL3f_mi,1
149,25,21,32,94,40,54,0,1,4,p_1.30.24_LL3f_mi,1
150,24,22,31,95,33,62,0,1,4,p_1.30.24_LL3f_mi,1
151,39,30,61,102,40,62,0,1,4,p_1.30.24_LL3f_mi,1
152,63,36,92,130,63,67,0,1,4,p_1.30.24_LL3f_mi,1
153,84,54,118,180,91,89,0,1,4,p_1.30.24_LL3f_mi,1
154,102,69,141,248,125,123,0,1,4,p_1.30.24_LL3f_mi,1
155,123,89,163,330,169,161,19,1,4,p_1.30.24_LL3f_mi,1
156,140,105,178,390,189,201,9,1,4,p_1.30.24_LL3f_mi,1
157,153,99,197,429,213,216,2,1,4,p_1.30.24_LL3f_mi,1
158,160,112,212,488,244,244,2,1,4,p_1.30.24_LL3f_mi,1
159,174,133,227,542,269,273,0,1,4,p_1.30.24_LL3f_mi,1
160,188,132,242,600,304,296,0,1,4,p_1.30.24_LL3f_mi,1
161,171,134,230,643,313,330,0,1,4,p_1.30.24_LL3f_mi,1
162,186,139,226,649,328,321,0,1,4,p_1.30.24_LL3f_mi,1
163,179,141,226,662,327,335,0,1,4,p_1.30.24_LL3f_mi,1
164,170,129,225,661,342,319,0,1,4,p_1.30.24_LL3f_mi,1
165,173,144,216,684,356,328,0,1,4,p_1.30.24_LL3f_mi,1
166,182,138,227,654,332,322,0,1,4,p_1.30.24_LL3f_mi,1
167,172,121,217,685,347,338,0,1,4,p_1.30.24_LL3f_mi,1
168,171,128,220,669,321,348,0,1,4,p_1.30.24_LL3f_mi,1
169,171,137,227,671,329,342,0,1,4,p_1.30.24_LL3f_mi,1
170,165,133,209,702,343,359,20,1,4,p_1.30.24_LL3f_mi,1
171,166,130,218,679,344,335,10,1,4,p_1.30.24_LL3f_mi,1
172,177,140,227,656,349,307,4,1,4,p_1.30.24_LL3f_mi,1
173,171,133,222,671,353,318,2,1,4,p_1.30.24_LL3f_mi,1
174,183,131,234,628,321,307,0,1,4,p_1.30.24_LL3f_mi,1
175,171,134,225,658,324,334,0,1,4,p_1.30.24_LL3f_mi,1
176,171,133,209,704,338,366,0,1,4,p_1.30.24_LL3f_mi,1
177,165,134,219,680,313,367,0,1,4,p_1.30.24_LL3f_mi,1
178,178,141,221,670,329,341,0,1,4,p_1.30.24_LL3f_mi,1
179,173,142,218,678,332,346,0,1,4,p_1.30.24_LL3f_mi,1
180,166,134,222,666,335,331,0,1,4,p_1.30.24_LL3f_mi,1
181,179,129,231,645,310,335,0,1,4,p_1.30.24_LL3f_mi,1
182,173,143,228,648,324,324,0,1,4,p_1.30.24_LL3f_mi,1
183,166,126,217,681,343,338,0,1,4,p_1.30.24_LL3f_mi,1
184,173,132,221,671,337,334,0,1,4,p_1.30.24_LL3f_mi,1
185,161,128,213,695,352,343,0,1,4,p_1.30.24_LL3f_mi,1
186,170,131,224,664,340,324,0,1,4,p_1.30.24_LL3f_mi,1
187,172,129,221,669,327,342,0,1,4,p_1.30.24_LL3f_mi,1
188,174,131,224,663,333,330,0,1,4,p_1.30.24_LL3f_mi,1
189,171,131,228,657,340,317,0,1,4,p_1.30.24_LL3f_mi,1
190,174,137,225,655,340,315,0,1,4,p_1.30.24_LL3f_mi,1
191,180,142,233,637,319,318,0,1,4,p_1.30.24_LL3f_mi,1
192,173,130,223,663,329,334,0,1,4,p_1.30.24_LL3f_mi,1
193,173,132,214,690,350,340,0,1,4,p_1.30.24_LL3f_mi,1
194,181,137,227,660,338,322,0,1,4,p_1.30.24_LL3f_mi,1
195,177,134,227,650,321,329,0,1,4,p_1.30.24_LL3f_mi,1
196,174,135,222,674,324,350,0,1,4,p_1.30.24_LL3f_mi,1
197,165,135,210,697,333,364,0,1,4,p_1.30.24_LL3f_mi,1
198,165,133,218,683,336,347,0,1,4,p_1.30.24_LL3f_mi,1
199,179,143,224,658,334,324,0,1,4,p_1.30.24_LL3f_mi,1
200,178,125,228,651,345,306,0,1,4,p_1.30.24_LL3f_mi,1
201,163,126,214,692,356,336,0,1,4,p_1.30.24_LL3f_mi,1
202,178,136,223,670,326,344,0,1,4,p_1.30.24_LL3f_mi,1
203,169,134,222,663,315,348,0,1,4,p_1.30.24_LL3f_mi,1
204,169,133,223,665,317,348,0,1,4,p_1.30.24_LL3f_mi,1
205,169,132,225,661,314,347,0,1,4,p_1.30.24_LL3f_mi,1
206,169,142,223,667,314,353,0,1,4,p_1.30.24_LL3f_mi,1
207,169,136,218,678,318,360,0,1,4,p_1.30.24_LL3f_mi,1
208,166,125,213,692,321,371,0,1,4,p_1.30.24_LL3f_mi,1
209,180,139,227,656,318,338,0,1,4,p_1.30.24_LL3f_mi,1
210,172,131,224,659,329,330,0,1,4,p_1.30.24_LL3f_mi,1
211,170,132,220,676,334,342,0,1,4,p_1.30.24_LL3f_mi,1
212,176,135,223,664,335,329,0,1,4,p_1.30.24_LL3f_mi,1
213,175,132,219,678,336,342,0,1,4,p_1.30.24_LL3f_mi,1
214,166,132,219,682,345,337,0,1,4,p_1.30.24_LL3f_mi,1
215,173,131,224,670,361,309,0,1,4,p_1.30.24_LL3f_mi,1
216,171,134,221,666,337,329,0,1,4,p_1.30.24_LL3f_mi,1
217,180,135,231,641,309,332,0,1,4,p_1.30.24_LL3f_mi,1
218,180,141,226,658,305,353,0,1,4,p_1.30.24_LL3f_mi,1
219,165,133,211,695,309,386,0,1,4,p_1.30.24_LL3f_mi,1
220,175,133,225,664,296,368,0,1,4,p_1.30.24_LL3f_mi,1
221,172,143,225,659,311,348,0,1,4,p_1.30.24_LL3f_mi,1
222,171,139,226,654,318,336,0,1,4,p_1.30.24_LL3f_mi,1
223,172,137,218,677,343,334,0,1,4,p_1.30.24_LL3f_mi,1
224,176,133,215,685,354,331,0,1,4,p_1.30.24_LL3f_mi,1
225,168,122,216,684,360,324,0,1,4,p_1.30.24_LL3f_mi,1
226,154,121,208,705,363,342,0,1,4,p_1.30.24_LL3f_mi,1
227,178,136,227,660,331,329,0,1,4,p_1.30.24_LL3f_mi,1
228,171,139,226,655,320,335,0,1,4,p_1.30.24_LL3f_mi,1
229,178,141,228,661,327,334,0,1,4,p_1.30.24_LL3f_mi,1
230,177,143,225,661,332,329,0,1,4,p_1.30.24_LL3f_mi,1
231,177,136,224,658,324,334,0,1,4,p_1.30.24_LL3f_mi,1
232,176,137,224,669,333,336,0,1,4,p_1.30.24_LL3f_mi,1
233,170,135,220,675,343,332,0,1,4,p_1.30.24_LL3f_mi,1
234,170,136,216,686,345,341,0,1,4,p_1.30.24_LL3f_mi,1
235,175,132,226,659,331,328,0,1,4,p_1.30.24_LL3f_mi,1
236,183,137,228,649,319,330,0,1,4,p_1.30.24_LL3f_mi,1
237,169,132,220,677,326,351,0,1,4,p_1.30.24_LL3f_mi,1
238,185,146,231,640,309,331,0,1,4,p_1.30.24_LL3f_mi,1
239,170,134,222,666,329,337,0,1,4,p_1.30.24_LL3f_mi,1
240,180,148,231,656,319,337,0,1,4,p_1.30.24_LL3f_mi,1
241,187,135,234,640,317,323,0,1,4,p_1.30.24_LL3f_mi,1
242,171,146,224,667,336,331,0,1,4,p_1.30.24_LL3f_mi,1
243,168,131,221,670,334,336,0,1,4,p_1.30.24_LL3f_mi,1
244,180,128,226,661,332,329,0,1,4,p_1.30.24_LL3f_mi,1
245,173,134,220,671,331,340,0,1,4,p_1.30.24_LL3f_mi,1
246,175,132,224,669,339,330,0,1,4,p_1.30.24_LL3f_mi,1
247,168,132,216,694,359,335,0,1,4,p_1.30.24_LL3f_mi,1
248,171,135,224,670,350,320,0,1,4,p_1.30.24_LL3f_mi,1
249,176,142,227,653,325,328,0,1,4,p_1.30.24_LL3f_mi,1
250,167,129,220,675,333,342,0,1,4,p_1.30.24_LL3f_mi,1
251,153,126,203,723,374,349,0,1,4,p_1.30.24_LL3f_mi,1
252,170,129,222,671,354,317,0,1,4,p_1.30.24_LL3f_mi,1
253,169,135,222,674,356,318,0,1,4,p_1.30.24_LL3f_mi,1
254,172,134,224,660,351,309,0,1,4,p_1.30.24_LL3f_mi,1
255,167,121,214,692,367,325,0,1,4,p_1.30.24_LL3f_mi,1
256,166,126,221,677,330,347,0,1,4,p_1.30.24_LL3f_mi,1
257,165,132,219,678,331,347,0,1,4,p_1.30.24_LL3f_mi,1
258,182,135,225,662,314,348,0,1,4,p_1.30.24_LL3f_mi,1
259,171,133,221,667,345,322,0,1,4,p_1.30.24_LL3f_mi,1
260,176,141,228,651,341,310,0,1,4,p_1.30.24_LL3f_mi,1
261,177,135,227,658,331,327,0,1,4,p_1.30.24_LL3f_mi,1
262,175,128,222,672,352,320,0,1,4,p_1.30.24_LL3f_mi,1
263,164,132,215,689,347,342,0,1,4,p_1.30.24_LL3f_mi,1
264,175,145,222,673,329,344,0,1,4,p_1.30.24_LL3f_mi,1
265,177,138,225,657,330,327,0,1,4,p_1.30.24_LL3f_mi,1
266,169,133,228,655,327,328,0,1,4,p_1.30.24_LL3f_mi,1
267,186,143,230,649,327,322,0,1,4,p_1.30.24_LL3f_mi,1
268,178,140,228,655,335,320,0,1,4,p_1.30.24_LL3f_mi,1
269,187,140,232,641,318,323,0,1,4,p_1.30.24_LL3f_mi,1
270,173,138,227,657,308,349,0,1,4,p_1.30.24_LL3f_mi,1
271,173,133,224,660,327,333,0,1,4,p_1.30.24_LL3f_mi,1
272,183,139,232,637,319,318,0,1,4,p_1.30.24_LL3f_mi,1
273,178,136,220,675,340,335,0,1,4,p_1.30.24_LL3f_mi,1
274,184,136,229,647,313,334,0,1,4,p_1.30.24_LL3f_mi,1
275,171,133,228,653,302,351,0,1,4,p_1.30.24_LL3f_mi,1
276,158,132,205,715,344,371,0,1,4,p_1.30.24_LL3f_mi,1
277,173,138,220,673,323,350,0,1,4,p_1.30.24_LL3f_mi,1
278,166,140,218,682,319,363,0,1,4,p_1.30.24_LL3f_mi,1
279,172,133,226,651,313,338,0,1,4,p_1.30.24_LL3f_mi,1
280,181,148,225,661,328,333,0,1,4,p_1.30.24_LL3f_mi,1
281,180,138,226,662,326,336,0,1,4,p_1.30.24_LL3f_mi,1
282,176,138,228,651,316,335,0,1,4,p_1.30.24_LL3f_mi,1
283,174,138,219,678,327,351,0,1,4,p_1.30.24_LL3f_mi,1
284,167,126,211,703,321,382,0,1,4,p_1.30.24_LL3f_mi,1
285,173,138,226,653,309,344,0,1,4,p_1.30.24_LL3f_mi,1
286,179,141,225,669,307,362,0,1,4,p_1.30.24_LL3f_mi,1
287,166,133,220,676,323,353,0,1,4,p_1.30.24_LL3f_mi,1
288,179,134,219,682,338,344,0,1,4,p_1.30.24_LL3f_mi,1
289,168,129,221,673,346,327,0,1,4,p_1.30.24_LL3f_mi,1
290,161,128,215,686,354,332,0,1,4,p_1.30.24_LL3f_mi,1
291,175,137,227,652,340,312,0,1,4,p_1.30.24_LL3f_mi,1
292,172,133,228,654,331,323,0,1,4,p_1.30.24_LL3f_mi,1
293,178,132,228,646,326,320,0,1,4,p_1.30.24_LL3f_mi,1
294,167,134,214,689,334,355,0,1,4,p_1.30.24_LL3f_mi,1
295,168,128,223,668,319,349,0,1,4,p_1.30.24_LL3f_mi,1
296,167,130,219,680,332,348,0,1,4,p_1.30.24_LL3f_mi,1
297,176,143,224,667,334,333,0,1,4,p_1.30.24_LL3f_mi,1
298,171,139,218,675,347,328,0,1,4,p_1.30.24_LL3f_mi,1
299,171,131,222,667,339,328,0,1,4,p_1.30.24_LL3f_mi,1
300,180,141,228,650,319,331,0,1,4,p_1.30.24_LL3f_mi,1
301,164,129,210,704,340,364,0,1,4,p_1.30.24_LL3f_mi,1
302,179,143,228,652,330,322,0,1,4,p_1.30.24_LL3f_mi,1
303,169,132,222,666,325,341,0,1,4,p_1.30.24_LL3f_mi,1
304,167,135,219,677,330,347,0,1,4,p_1.30.24_LL3f_mi,1
305,172,142,216,690,328,362,0,1,4,p_1.30.24_LL3f_mi,1
306,180,144,227,657,295,362,0,1,4,p_1.30.24_LL3f_mi,1
307,175,128,222,669,314,355,0,1,4,p_1.30.24_LL3f_mi,1
308,182,138,227,657,306,351,0,1,4,p_1.30.24_LL3f_mi,1
309,174,135,219,680,328,352,0,1,4,p_1.30.24_LL3f_mi,1
310,175,128,225,662,314,348,0,1,4,p_1.30.24_LL3f_mi,1
311,170,136,219,679,332,347,0,1,4,p_1.30.24_LL3f_mi,1
312,172,136,221,670,333,337,0,1,4,p_1.30.24_LL3f_mi,1
313,172,135,225,664,323,341,0,1,4,p_1.30.24_LL3f_mi,1
314,173,133,232,644,311,333,0,1,4,p_1.30.24_LL3f_mi,1
315,173,136,227,649,311,338,0,1,4,p_1.30.24_LL3f_mi,1
316,173,137,221,672,320,352,0,1,4,p_1.30.24_LL3f_mi,1
317,173,136,227,658,318,340,0,1,4,p_1.30.24_LL3f_mi,1
318,173,139,222,673,331,342,0,1,4,p_1.30.24_LL3f_mi,1
319,179,138,226,664,324,340,0,1,4,p_1.30.24_LL3f_mi,1
320,177,135,226,660,345,315,0,1,4,p_1.30.24_LL3f_mi,1
321,175,138,218,680,364,316,0,1,4,p_1.30.24_LL3f_mi,1
322,178,133,227,653,334,319,0,1,4,p_1.30.24_LL3f_mi,1
323,173,140,229,652,339,313,0,1,4,p_1.30.24_LL3f_mi,1
324,183,142,225,664,331,333,0,1,4,p_1.30.24_LL3f_mi,1
325,183,142,232,635,307,328,0,1,4,p_1.30.24_LL3f_mi,1
326,152,127,204,719,359,360,0,1,4,p_1.30.24_LL3f_mi,1
327,172,140,221,673,332,341,0,1,4,p_1.30.24_LL3f_mi,1
328,183,133,230,643,319,324,0,1,4,p_1.30.24_LL3f_mi,1
329,166,136,223,664,340,324,0,1,4,p_1.30.24_LL3f_mi,1
330,177,135,221,675,339,336,0,1,4,p_1.30.24_LL3f_mi,1
331,176,131,226,661,350,311,0,1,4,p_1.30.24_LL3f_mi,1
332,168,139,217,683,358,325,0,1,4,p_1.30.24_LL3f_mi,1
333,174,142,221,670,342,328,0,1,4,p_1.30.24_LL3f_mi,1
334,170,128,223,661,326,335,0,1,4,p_1.30.24_LL3f_mi,1
335,176,136,226,657,330,327,0,1,4,p_1.30.24_LL3f_mi,1
336,179,134,233,640,312,328,0,1,4,p_1.30.24_LL3f_mi,1
337,179,138,224,664,323,341,0,1,4,p_1.30.24_LL3f_mi,1
338,176,134,224,669,323,346,0,1,4,p_1.30.24_LL3f_mi,1
339,177,144,221,671,330,341,0,1,4,p_1.30.24_LL3f_mi,1
340,169,131,217,686,334,352,0,1,4,p_1.30.24_LL3f_mi,1
341,166,134,212,693,331,362,0,1,4,p_1.30.24_LL3f_mi,1
342,186,145,235,638,299,339,0,1,4,p_1.30.24_LL3f_mi,1
343,170,140,230,642,310,332,0,1,4,p_1.30.24_LL3f_mi,1
344,176,135,221,671,328,343,0,1,4,p_1.30.24_LL3f_mi,1
345,174,131,225,658,319,339,0,1,4,p_1.30.24_LL3f_mi,1
346,173,135,226,655,325,330,0,1,4,p_1.30.24_LL3f_mi,1
347,182,141,228,649,312,337,0,1,4,p_1.30.24_LL3f_mi,1
348,175,128,223,666,337,329,0,1,4,p_1.30.24_LL3f_mi,1
349,183,135,231,638,324,314,0,1,4,p_1.30.24_LL3f_mi,1
350,177,137,228,643,325,318,0,1,4,p_1.30.24_LL3f_mi,1
1,10,10,11,616,319,297,0,1,5,p_1.30.24_LL3f_mi,1
2,100,90,127,850,441,409,0,1,5,p_1.30.24_LL3f_mi,1
3,131,100,166,797,401,396,0,1,5,p_1.30.24_LL3f_mi,1
4,148,121,203,715,360,355,0,1,5,p_1.30.24_LL3f_mi,1
5,178,136,226,656,321,335,0,1,5,p_1.30.24_LL3f_mi,1
6,179,138,231,635,302,333,0,1,5,p_1.30.24_LL3f_mi,1
7,179,137,229,653,323,330,0,1,5,p_1.30.24_LL3f_mi,1
8,169,141,219,682,342,340,0,1,5,p_1.30.24_LL3f_mi,1
9,164,127,214,697,360,337,0,1,5,p_1.30.24_LL3f_mi,1
10,170,129,222,663,345,318,0,1,5,p_1.30.24_LL3f_mi,1
11,173,133,218,685,350,335,0,1,5,p_1.30.24_LL3f_mi,1
12,170,129,214,693,342,351,0,1,5,p_1.30.24_LL3f_mi,1
13,175,131,220,678,350,328,0,1,5,p_1.30.24_LL3f_mi,1
14,180,128,232,634,330,304,0,1,5,p_1.30.24_LL3f_mi,1
15,180,138,230,641,335,306,0,1,5,p_1.30.24_LL3f_mi,1
16,171,138,221,674,331,343,0,1,5,p_1.30.24_LL3f_mi,1
17,176,136,226,659,330,329,0,1,5,p_1.30.24_LL3f_mi,1
18,169,136,219,673,333,340,0,1,5,p_1.30.24_LL3f_mi,1
19,174,135,220,673,329,344,0,1,5,p_1.30.24_LL3f_mi,1
20,175,136,214,693,339,354,0,1,5,p_1.30.24_LL3f_mi,1
21,170,143,221,670,320,350,0,1,5,p_1.30.24_LL3f_mi,1
22,183,136,236,632,309,323,0,1,5,p_1.30.24_LL3f_mi,1
23,177,137,229,654,327,327,0,1,5,p_1.30.24_LL3f_mi,1
24,176,140,223,663,324,339,0,1,5,p_1.30.24_LL3f_mi,1
25,170,137,215,691,343,348,0,1,5,p_1.30.24_LL3f_mi,1
26,157,118,201,721,365,356,0,1,5,p_1.30.24_LL3f_mi,1
27,170,127,215,687,353,334,0,1,5,p_1.30.24_LL3f_mi,1
28,178,131,230,645,350,295,0,1,5,p_1.30.24_LL3f_mi,1
29,179,132,225,660,367,293,0,1,5,p_1.30.24_LL3f_mi,1
30,177,133,225,663,347,316,0,1,5,p_1.30.24_LL3f_mi,1
31,175,133,221,674,344,330,0,1,5,p_1.30.24_LL3f_mi,1
32,170,131,222,669,344,325,0,1,5,p_1.30.24_LL3f_mi,1
33,173,127,222,667,351,316,0,1,5,p_1.30.24_LL3f_mi,1
34,179,141,229,652,316,336,0,1,5,p_1.30.24_LL3f_mi,1
35,169,139,220,676,305,371,0,1,5,p_1.30.24_LL3f_mi,1
36,179,145,226,664,304,360,0,1,5,p_1.30.24_LL3f_mi,1
37,175,137,221,675,320,355,0,1,5,p_1.30.24_LL3f_mi,1
38,169,125,218,674,348,326,0,1,5,p_1.30.24_LL3f_mi,1
39,177,132,226,666,342,324,0,1,5,p_1.30.24_LL3f_mi,1
40,171,138,224,666,341,325,0,1,5,p_1.30.24_LL3f_mi,1
41,167,131,215,686,347,339,0,1,5,p_1.30.24_LL3f_mi,1
42,172,136,225,661,337,324,0,1,5,p_1.30.24_LL3f_mi,1
43,182,138,229,646,325,321,0,1,5,p_1.30.24_LL3f_mi,1
44,170,130,225,661,323,338,0,1,5,p_1.30.24_LL3f_mi,1
45,179,136,230,645,340,305,0,1,5,p_1.30.24_LL3f_mi,1
46,171,137,221,675,356,319,0,1,5,p_1.30.24_LL3f_mi,1
47,177,134,228,655,344,311,0,1,5,p_1.30.24_LL3f_mi,1
48,175,124,225,661,343,318,0,1,5,p_1.30.24_LL3f_mi,1
49,184,152,224,661,326,335,0,1,5,p_1.30.24_LL3f_mi,1
50,177,137,224,658,320,338,0,1,5,p_1.30.24_LL3f_mi,1
51,161,123,206,712,342,370,0,1,5,p_1.30.24_LL3f_mi,1
52,178,149,229,652,300,352,0,1,5,p_1.30.24_LL3f_mi,1
53,173,125,223,672,314,358,0,1,5,p_1.30.24_LL3f_mi,1
54,172,137,222,665,311,354,0,1,5,p_1.30.24_LL3f_mi,1
55,173,140,226,657,305,352,0,1,5,p_1.30.24_LL3f_mi,1
56,172,131,221,667,322,345,0,1,5,p_1.30.24_LL3f_mi,1
57,171,123,218,688,337,351,0,1,5,p_1.30.24_LL3f_mi,1
58,168,134,217,686,337,349,0,1,5,p_1.30.24_LL3f_mi,1
59,172,131,221,669,328,341,0,1,5,p_1.30.24_LL3f_mi,1
60,179,138,226,658,322,336,0,1,5,p_1.30.24_LL3f_mi,1
61,176,136,227,655,316,339,0,1,5,p_1.30.24_LL3f_mi,1
62,178,140,225,660,329,331,0,1,5,p_1.30.24_LL3f_mi,1
63,168,133,224,671,323,348,0,1,5,p_1.30.24_LL3f_mi,1
64,182,140,225,661,317,344,0,1,5,p_1.30.24_LL3f_mi,1
65,164,129,218,677,337,340,0,1,5,p_1.30.24_LL3f_mi,1
66,171,131,224,666,338,328,0,1,5,p_1.30.24_LL3f_mi,1
67,172,140,227,655,317,338,0,1,5,p_1.30.24_LL3f_mi,1
68,168,136,221,670,317,353,0,1,5,p_1.30.24_LL3f_mi,1
69,182,144,231,636,296,340,0,1,5,p_1.30.24_LL3f_mi,1
70,176,135,232,629,294,335,0,1,5,p_1.30.24_LL3f_mi,1
71,186,143,227,651,307,344,0,1,5,p_1.30.24_LL3f_mi,1
72,180,140,225,666,324,342,0,1,5,p_1.30.24_LL3f_mi,1
73,178,134,222,667,336,331,0,1,5,p_1.30.24_LL3f_mi,1
74,167,124,222,668,338,330,0,1,5,p_1.30.24_LL3f_mi,1
75,175,135,225,658,320,338,0,1,5,p_1.30.24_LL3f_mi,1
76,166,127,206,712,346,366,0,1,5,p_1.30.24_LL3f_mi,1
77,180,143,224,661,317,344,0,1,5,p_1.30.24_LL3f_mi,1
78,184,138,229,654,319,335,0,1,5,p_1.30.24_LL3f_mi,1
79,179,137,232,636,317,319,0,1,5,p_1.30.24_LL3f_mi,1
80,172,128,225,660,335,325,0,1,5,p_1.30.24_LL3f_mi,1
81,177,136,228,658,343,315,0,1,5,p_1.30.24_LL3f_mi,1
82,169,129,220,680,349,331,0,1,5,p_1.30.24_LL3f_mi,1
83,181,142,229,649,331,318,0,1,5,p_1.30.24_LL3f_mi,1
84,171,139,221,679,336,343,0,1,5,p_1.30.24_LL3f_mi,1
85,166,135,220,675,337,338,0,1,5,p_1.30.24_LL3f_mi,1
86,180,137,228,652,310,342,0,1,5,p_1.30.24_LL3f_mi,1
87,174,137,223,671,334,337,0,1,5,p_1.30.24_LL3f_mi,1
88,179,140,226,666,336,330,0,1,5,p_1.30.24_LL3f_mi,1
89,173,132,221,673,319,354,0,1,5,p_1.30.24_LL3f_mi,1
90,177,139,217,684,328,356,0,1,5,p_1.30.24_LL3f_mi,1
91,166,125,220,681,347,334,0,1,5,p_1.30.24_LL3f_mi,1
92,170,133,219,681,379,302,0,1,5,p_1.30.24_LL3f_mi,1
93,167,138,222,672,364,308,0,1,5,p_1.30.24_LL3f_mi,1
94,166,123,221,673,358,315,0,1,5,p_1.30.24_LL3f_mi,1
95,171,138,218,681,365,316,0,1,5,p_1.30.24_LL3f_mi,1
96,171,138,219,683,360,323,0,1,5,p_1.30.24_LL3f_mi,1
97,170,131,220,674,340,334,0,1,5,p_1.30.24_LL3f_mi,1
98,177,136,227,649,310,339,0,1,5,p_1.30.24_LL3f_mi,1
99,170,128,220,670,328,342,0,1,5,p_1.30.24_LL3f_mi,1
100,152,121,192,667,339,328,0,1,5,p_1.30.24_LL3f_mi,1
101,108,88,140,689,364,325,0,1,5,p_1.30.24_LL3f_mi,1
102,129,98,166,552,282,270,0,1,5,p_1.30.24_LL3f_mi,1
103,110,88,136,540,287,253,0,1,5,p_1.30.24_LL3f_mi,1
104,95,79,121,493,244,249,0,1,5,p_1.30.24_LL3f_mi,1
105,90,78,115,421,205,216,0,1,5,p_1.30.24_LL3f_mi,1
106,78,69,100,375,173,202,0,1,5,p_1.30.24_LL3f_mi,1
107,53,45,68,358,164,194,0,1,5,p_1.30.24_LL3f_mi,1
108,47,41,62,292,133,159,0,1,5,p_1.30.24_LL3f_mi,1
109,30,23,40,252,118,134,0,1,5,p_1.30.24_LL3f_mi,1
110,24,23,33,199,92,107,0,1,5,p_1.30.24_LL3f_mi,1
111,31,26,38,152,68,84,0,1,5,p_1.30.24_LL3f_mi,1
112,27,20,38,138,67,71,0,1,5,p_1.30.24_LL3f_mi,1
113,27,23,36,130,68,62,0,1,5,p_1.30.24_LL3f_mi,1
114,29,21,36,123,68,55,0,1,5,p_1.30.24_LL3f_mi,1
115,26,25,35,119,67,52,0,1,5,p_1.30.24_LL3f_mi,1
116,27,24,36,121,69,52,0,1,5,p_1.30.24_LL3f_mi,1
117,25,21,34,106,49,57,0,1,5,p_1.30.24_LL3f_mi,1
118,29,23,36,108,53,55,0,1,5,p_1.30.24_LL3f_mi,1
119,26,17,34,108,50,58,0,1,5,p_1.30.24_LL3f_mi,1
120,28,22,34,100,49,51,0,1,5,p_1.30.24_LL3f_mi,1
121,22,20,33,103,52,51,0,1,5,p_1.30.24_LL3f_mi,1
122,25,18,34,102,54,48,0,1,5,p_1.30.24_LL3f_mi,1
123,22,15,31,98,51,47,0,1,5,p_1.30.24_LL3f_mi,1
124,24,19,32,97,48,49,0,1,5,p_1.30.24_LL3f_mi,1
125,28,23,35,119,56,63,15,1,5,p_1.30.24_LL3f_mi,1
126,30,25,36,130,57,73,12,1,5,p_1.30.24_LL3f_mi,1
127,25,19,37,128,55,73,9,1,5,p_1.30.24_LL3f_mi,1
128,29,22,38,119,45,74,4,1,5,p_1.30.24_LL3f_mi,1
129,32,28,36,119,50,69,1,1,5,p_1.30.24_LL3f_mi,1
130,30,20,35,129,64,65,1,1,5,p_1.30.24_LL3f_mi,1
131,29,23,37,124,63,61,0,1,5,p_1.30.24_LL3f_mi,1
132,28,22,35,110,56,54,0,1,5,p_1.30.24_LL3f_mi,1
133,28,23,36,115,50,65,0,1,5,p_1.30.24_LL3f_mi,1
134,24,21,32,101,44,57,0,1,5,p_1.30.24_LL3f_mi,1
135,27,23,34,100,53,47,0,1,5,p_1.30.24_LL3f_mi,1
136,24,20,31,98,53,45,0,1,5,p_1.30.24_LL3f_mi,1
137,24,19,31,95,50,45,0,1,5,p_1.30.24_LL3f_mi,1
138,28,20,33,94,49,45,0,1,5,p_1.30.24_LL3f_mi,1
139,26,19,34,106,57,49,0,1,5,p_1.30.24_LL3f_mi,1
140,25,19,35,121,68,53,20,1,5,p_1.30.24_LL3f_mi,1
141,23,17,33,106,57,49,12,1,5,p_1.30.24_LL3f_mi,1
142,26,18,34,104,62,42,9,1,5,p_1.30.24_LL3f_mi,1
143,27,19,35,98,54,44,4,1,5,p_1.30.24_LL3f_mi,1
144,29,19,35,103,54,49,0,1,5,p_1.30.24_LL3f_mi,1
145,28,23,35,108,59,49,0,1,5,p_1.30.24_LL3f_mi,1
146,27,18,36,110,59,51,0,1,5,p_1.30.24_LL3f_mi,1
147,28,23,34,104,53,51,0,1,5,p_1.30.24_LL3f_mi,1
148,27,21,33,105,52,53,0,1,5,p_1.30.24_LL3f_mi,1
149,24,21,32,95,49,46,0,1,5,p_1.30.24_LL3f_mi,1
150,27,23,35,104,54,50,0,1,5,p_1.30.24_LL3f_mi,1
151,52,38,73,112,54,58,0,1,5,p_1.30.24_LL3f_mi,1
152,65,44,95,143,68,75,0,1,5,p_1.30.24_LL3f_mi,1
153,84,58,115,184,87,97,0,1,5,p_1.30.24_LL3f_mi,1
154,96,72,141,238,105,133,0,1,5,p_1.30.24_LL3f_mi,1
155,125,92,162,326,153,173,14,1,5,p_1.30.24_LL3f_mi,1
156,139,100,180,371,188,183,9,1,5,p_1.30.24_LL3f_mi,1
157,151,107,195,447,225,222,3,1,5,p_1.30.24_LL3f_mi,1
158,160,108,208,498,276,222,4,1,5,p_1.30.24_LL3f_mi,1
159,173,117,226,542,305,237,0,1,5,p_1.30.24_LL3f_mi,1
160,185,135,243,592,308,284,0,1,5,p_1.30.24_LL3f_mi,1
161,174,136,229,646,323,323,0,1,5,p_1.30.24_LL3f_mi,1
162,178,136,223,667,321,346,0,1,5,p_1.30.24_LL3f_mi,1
163,179,138,226,660,315,345,0,1,5,p_1.30.24_LL3f_mi,1
164,169,136,215,687,325,362,0,1,5,p_1.30.24_LL3f_mi,1
165,163,122,221,674,333,341,0,1,5,p_1.30.24_LL3f_mi,1
166,172,126,221,670,337,333,0,1,5,p_1.30.24_LL3f_mi,1
167,176,133,228,652,316,336,0,1,5,p_1.30.24_LL3f_mi,1
168,183,142,226,657,332,325,0,1,5,p_1.30.24_LL3f_mi,1
169,171,133,219,681,329,352,0,1,5,p_1.30.24_LL3f_mi,1
170,170,140,214,690,336,354,19,1,5,p_1.30.24_LL3f_mi,1
171,174,136,221,674,341,333,7,1,5,p_1.30.24_LL3f_mi,1
172,174,130,227,652,331,321,5,1,5,p_1.30.24_LL3f_mi,1
173,179,145,220,680,356,324,3,1,5,p_1.30.24_LL3f_mi,1
174,170,137,223,665,352,313,0,1,5,p_1.30.24_LL3f_mi,1
175,176,132,225,659,352,307,0,1,5,p_1.30.24_LL3f_mi,1
176,164,125,205,714,389,325,0,1,5,p_1.30.24_LL3f_mi,1
177,171,131,217,687,390,297,0,1,5,p_1.30.24_LL3f_mi,1
178,171,135,223,665,367,298,0,1,5,p_1.30.24_LL3f_mi,1
179,170,132,223,672,361,311,0,1,5,p_1.30.24_LL3f_mi,1
180,176,137,221,676,341,335,0,1,5,p_1.30.24_LL3f_mi,1
181,182,136,230,644,320,324,0,1,5,p_1.30.24_LL3f_mi,1
182,168,136,215,688,339,349,0,1,5,p_1.30.24_LL3f_mi,1
183,172,136,223,669,319,350,0,1,5,p_1.30.24_LL3f_mi,1
184,176,145,223,663,315,348,0,1,5,p_1.30.24_LL3f_mi,1
185,172,141,224,668,328,340,0,1,5,p_1.30.24_LL3f_mi,1
186,172,127,221,670,351,319,0,1,5,p_1.30.24_LL3f_mi,1
187,172,131,219,675,338,337,0,1,5,p_1.30.24_LL3f_mi,1
188,180,148,226,658,334,324,0,1,5,p_1.30.24_LL3f_mi,1
189,173,134,221,673,335,338,0,1,5,p_1.30.24_LL3f_mi,1
190,177,136,228,658,320,338,0,1,5,p_1.30.24_LL3f_mi,1
191,174,130,224,662,331,331,0,1,5,p_1.30.24_LL3f_mi,1
192,184,136,227,649,338,311,0,1,5,p_1.30.24_LL3f_mi,1
193,174,133,227,661,338,323,0,1,5,p_1.30.24_LL3f_mi,1
194,183,141,228,651,318,333,0,1,5,p_1.30.24_LL3f_mi,1
195,165,136,211,705,342,363,0,1,5,p_1.30.24_LL3f_mi,1
196,180,144,230,651,305,346,0,1,5,p_1.30.24_LL3f_mi,1
197,167,131,221,671,300,371,0,1,5,p_1.30.24_LL3f_mi,1
198,171,135,215,693,331,362,0,1,5,p_1.30.24_LL3f_mi,1
199,169,143,221,678,322,356,0,1,5,p_1.30.24_LL3f_mi,1
200,170,141,229,647,312,335,0,1,5,p_1.30.24_LL3f_mi,1
201,158,128,211,700,336,364,0,1,5,p_1.30.24_LL3f_mi,1
202,171,137,219,680,329,351,0,1,5,p_1.30.24_LL3f_mi,1
203,172,141,222,680,337,343,0,1,5,p_1.30.24_LL3f_mi,1
204,170,134,221,674,333,341,0,1,5,p_1.30.24_LL3f_mi,1
205,176,138,229,652,323,329,0,1,5,p_1.30.24_LL3f_mi,1
206,166,127,211,700,335,365,0,1,5,p_1.30.24_LL3f_mi,1
207,177,132,228,654,318,336,0,1,5,p_1.30.24_LL3f_mi,1
208,168,136,224,665,310,355,0,1,5,p_1.30.24_LL3f_mi,1
209,164,138,218,684,326,358,0,1,5,p_1.30.24_LL3f_mi,1
210,170,128,219,682,345,337,0,1,5,p_1.30.24_LL3f_mi,1
211,173,138,225,660,333,327,0,1,5,p_1.30.24_LL3f_mi,1
212,176,140,227,653,336,317,0,1,5,p_1.30.24_LL3f_mi,1
213,173,135,221,673,364,309,0,1,5,p_1.30.24_LL3f_mi,1
214,174,132,211,699,372,327,0,1,5,p_1.30.24_LL3f_mi,1
215,174,126,219,675,351,324,0,1,5,p_1.30.24_LL3f_mi,1
216,167,126,218,688,334,354,0,1,5,p_1.30.24_LL3f_mi,1
217,174,137,216,685,360,325,0,1,5,p_1.30.24_LL3f_mi,1
218,171,133,217,685,361,324,0,1,5,p_1.30.24_LL3f_mi,1
219,181,131,230,641,329,312,0,1,5,p_1.30.24_LL3f_mi,1
220,177,131,225,659,339,320,0,1,5,p_1.30.24_LL3f_mi,1
221,185,139,230,646,324,322,0,1,5,p_1.30.24_LL3f_mi,1
222,177,139,228,652,321,331,0,1,5,p_1.30.24_LL3f_mi,1
223,179,144,220,678,333,345,0,1,5,p_1.30.24_LL3f_mi,1
224,164,125,218,679,347,332,0,1,5,p_1.30.24_LL3f_mi,1
225,164,131,215,687,349,338,0,1,5,p_1.30.24_LL3f_mi,1
226,159,132,208,711,351,360,0,1,5,p_1.30.24_LL3f_mi,1
227,173,135,231,647,321,326,0,1,5,p_1.30.24_LL3f_mi,1
228,178,145,227,654,313,341,0,1,5,p_1.30.24_LL3f_mi,1
229,181,143,229,648,308,340,0,1,5,p_1.30.24_LL3f_mi,1
230,177,140,225,661,313,348,0,1,5,p_1.30.24_LL3f_mi,1
231,180,144,224,658,329,329,0,1,5,p_1.30.24_LL3f_mi,1
232,174,139,229,656,339,317,0,1,5,p_1.30.24_LL3f_mi,1
233,178,136,226,669,344,325,0,1,5,p_1.30.24_LL3f_mi,1
234,178,137,228,652,323,329,0,1,5,p_1.30.24_LL3f_mi,1
235,173,123,227,665,322,343,0,1,5,p_1.30.24_LL3f_mi,1
236,177,144,230,656,305,351,0,1,5,p_1.30.24_LL3f_mi,1
237,176,147,225,660,297,363,0,1,5,p_1.30.24_LL3f_mi,1
238,179,137,225,671,306,365,0,1,5,p_1.30.24_LL3f_mi,1
239,171,132,222,667,302,365,0,1,5,p_1.30.24_LL3f_mi,1
240,180,134,228,644,304,340,0,1,5,p_1.30.24_LL3f_mi,1
241,177,135,228,657,308,349,0,1,5,p_1.30.24_LL3f_mi,1
242,174,137,223,673,329,344,0,1,5,p_1.30.24_LL3f_mi,1
243,176,140,225,662,314,348,0,1,5,p_1.30.24_LL3f_mi,1
244,178,136,230,644,315,329,0,1,5,p_1.30.24_LL3f_mi,1
245,170,133,222,668,326,342,0,1,5,p_1.30.24_LL3f_mi,1
246,175,138,221,669,349,320,0,1,5,p_1.30.24_LL3f_mi,1
247,170,130,224,671,331,340,0,1,5,p_1.30.24_LL3f_mi,1
248,165,133,217,682,333,349,0,1,5,p_1.30.24_LL3f_mi,1
249,179,131,230,644,321,323,0,1,5,p_1.30.24_LL3f_mi,1
250,168,130,221,674,326,348,0,1,5,p_1.30.24_LL3f_mi,1
251,166,131,212,703,359,344,0,1,5,p_1.30.24_LL3f_mi,1
252,169,134,227,656,333,323,0,1,5,p_1.30.24_LL3f_mi,1
253,180,137,234,628,314,314,0,1,5,p_1.30.24_LL3f_mi,1
254,178,136,228,649,337,312,0,1,5,p_1.30.24_LL3f_mi,1
255,169,133,223,665,320,345,0,1,5,p_1.30.24_LL3f_mi,1
256,165,137,215,689,326,363,0,1,5,p_1.30.24_LL3f_mi,1
257,167,131,221,670,315,355,0,1,5,p_1.30.24_LL3f_mi,1
258,162,130,213,695,328,367,0,1,5,p_1.30.24_LL3f_mi,1
259,172,140,224,659,313,346,0,1,5,p_1.30.24_LL3f_mi,1
260,175,135,217,682,334,348,0,1,5,p_1.30.24_LL3f_mi,1
261,176,130,225,658,349,309,0,1,5,p_1.30.24_LL3f_mi,1
262,169,126,215,689,374,315,0,1,5,p_1.30.24_LL3f_mi,1
263,172,135,218,679,355,324,0,1,5,p_1.30.24_LL3f_mi,1
264,167,124,224,657,342,315,0,1,5,p_1.30.24_LL3f_mi,1
265,179,139,231,646,333,313,0,1,5,p_1.30.24_LL3f_mi,1
266,165,135,214,691,349,342,0,1,5,p_1.30.24_LL3f_mi,1
267,173,140,219,673,343,330,0,1,5,p_1.30.24_LL3f_mi,1
268,179,140,231,645,340,305,0,1,5,p_1.30.24_LL3f_mi,1
269,175,136,221,674,351,323,0,1,5,p_1.30.24_LL3f_mi,1
270,164,130,216,689,348,341,0,1,5,p_1.30.24_LL3f_mi,1
271,172,137,225,664,346,318,0,1,5,p_1.30.24_LL3f_mi,1
272,180,145,229,652,312,340,0,1,5,p_1.30.24_LL3f_mi,1
273,175,135,225,658,326,332,0,1,5,p_1.30.24_LL3f_mi,1
274,172,137,220,676,335,341,0,1,5,p_1.30.24_LL3f_mi,1
275,171,134,219,676,334,342,0,1,5,p_1.30.24_LL3f_mi,1
276,159,126,203,720,359,361,0,1,5,p_1.30.24_LL3f_mi,1
277,178,138,228,649,312,337,0,1,5,p_1.30.24_LL3f_mi,1
278,175,136,227,648,325,323,0,1,5,p_1.30.24_LL3f_mi,1
279,174,141,223,667,337,330,0,1,5,p_1.30.24_LL3f_mi,1
280,173,144,225,660,331,329,0,1,5,p_1.30.24_LL3f_mi,1
281,170,129,223,671,352,319,0,1,5,p_1.30.24_LL3f_mi,1
282,180,139,226,658,328,330,0,1,5,p_1.30.24_LL3f_mi,1
283,175,140,224,667,303,364,0,1,5,p_1.30.24_LL3f_mi,1
284,183,152,230,652,294,358,0,1,5,p_1.30.24_LL3f_mi,1
285,174,140,227,650,308,342,0,1,5,p_1.30.24_LL3f_mi,1
286,174,131,222,673,325,348,0,1,5,p_1.30.24_LL3f_mi,1
287,173,128,215,688,336,352,0,1,5,p_1.30.24_LL3f_mi,1
288,170,132,223,669,323,346,0,1,5,p_1.30.24_LL3f_mi,1
289,176,139,224,661,315,346,0,1,5,p_1.30.24_LL3f_mi,1
290,181,144,228,660,328,332,0,1,5,p_1.30.24_LL3f_mi,1
291,170,135,221,672,337,335,0,1,5,p_1.30.24_LL3f_mi,1
292,167,134,217,682,339,343,0,1,5,p_1.30.24_LL3f_mi,1
293,177,137,221,677,345,332,0,1,5,p_1.30.24_LL3f_mi,1
294,168,137,227,656,345,311,0,1,5,p_1.30.24_LL3f_mi,1
295,180,131,232,642,345,297,0,1,5,p_1.30.24_LL3f_mi,1
296,173,135,229,653,335,318,0,1,5,p_1.30.24_LL3f_mi,1
297,176,132,221,677,362,315,0,1,5,p_1.30.24_LL3f_mi,1
298,177,138,226,658,346,312,0,1,5,p_1.30.24_LL3f_mi,1
299,173,130,221,675,338,337,0,1,5,p_1.30.24_LL3f_mi,1
300,179,140,231,646,320,326,0,1,5,p_1.30.24_LL3f_mi,1
301,165,141,213,691,324,367,0,1,5,p_1.30.24_LL3f_mi,1
302,175,141,221,671,327,344,0,1,5,p_1.30.24_LL3f_mi,1
303,172,136,222,668,323,345,0,1,5,p_1.30.24_LL3f_mi,1
304,179,141,229,644,319,325,0,1,5,p_1.30.24_LL3f_mi,1
305,177,143,222,672,334,338,0,1,5,p_1.30.24_LL3f_mi,1
306,162,124,216,686,348,338,0,1,5,p_1.30.24_LL3f_mi,1
307,166,135,220,674,335,339,0,1,5,p_1.30.24_LL3f_mi,1
308,174,126,223,665,332,333,0,1,5,p_1.30.24_LL3f_mi,1
309,173,141,218,686,331,355,0,1,5,p_1.30.24_LL3f_mi,1
310,171,136,225,662,304,358,0,1,5,p_1.30.24_LL3f_mi,1
311,174,140,229,647,315,332,0,1,5,p_1.30.24_LL3f_mi,1
312,172,123,226,660,334,326,0,1,5,p_1.30.24_LL3f_mi,1
313,172,132,221,673,350,323,0,1,5,p_1.30.24_LL3f_mi,1
314,181,145,228,650,340,310,0,1,5,p_1.30.24_LL3f_mi,1
315,175,132,229,651,337,314,0,1,5,p_1.30.24_LL3f_mi,1
316,181,133,221,672,335,337,0,1,5,p_1.30.24_LL3f_mi,1
317,161,137,217,680,333,347,0,1,5,p_1.30.24_LL3f_mi,1
318,172,127,218,678,351,327,0,1,5,p_1.30.24_LL3f_mi,1
319,178,142,228,651,331,320,0,1,5,p_1.30.24_LL3f_mi,1
320,167,134,220,672,320,352,0,1,5,p_1.30.24_LL3f_mi,1
321,176,131,224,662,327,335,0,1,5,p_1.30.24_LL3f_mi,1
322,178,138,230,646,322,324,0,1,5,p_1.30.24_LL3f_mi,1
323,176,141,229,645,315,330,0,1,5,p_1.30.24_LL3f_mi,1
324,167,122,220,670,338,332,0,1,5,p_1.30.24_LL3f_mi,1
325,178,141,223,665,338,327,0,1,5,p_1.30.24_LL3f_mi,1
326,161,132,208,713,349,364,0,1,5,p_1.30.24_LL3f_mi,1
327,177,136,225,661,325,336,0,1,5,p_1.30.24_LL3f_mi,1
328,168,136,220,674,325,349,0,1,5,p_1.30.24_LL3f_mi,1
329,168,133,220,671,319,352,0,1,5,p_1.30.24_LL3f_mi,1
330,178,139,225,659,336,323,0,1,5,p_1.30.24_LL3f_mi,1
331,167,132,222,671,342,329,0,1,5,p_1.30.24_LL3f_mi,1
332,171,129,217,681,342,339,0,1,5,p_1.30.24_LL3f_mi,1
333,173,137,223,666,329,337,0,1,5,p_1.30.24_LL3f_mi,1
334,168,126,224,658,328,330,0,1,5,p_1.30.24_LL3f_mi,1
335,174,143,224,660,328,332,0,1,5,p_1.30.24_LL3f_mi,1
336,170,134,218,679,333,346,0,1,5,p_1.30.24_LL3f_mi,1
337,168,137,217,685,349,336,0,1,5,p_1.30.24_LL3f_mi,1
338,177,136,228,655,327,328,0,1,5,p_1.30.24_LL3f_mi,1
339,169,130,221,670,333,337,0,1,5,p_1.30.24_LL3f_mi,1
340,172,144,228,649,312,337,0,1,5,p_1.30.24_LL3f_mi,1
341,179,141,228,651,328,323,0,1,5,p_1.30.24_LL3f_mi,1
342,174,135,224,668,322,346,0,1,5,p_1.30.24_LL3f_mi,1
343,175,126,229,650,313,337,0,1,5,p_1.30.24_LL3f_mi,1
344,171,129,215,689,359,330,0,1,5,p_1.30.24_LL3f_mi,1
345,174,131,227,647,342,305,0,1,5,p_1.30.24_LL3f_mi,1
346,182,134,229,646,337,309,0,1,5,p_1.30.24_LL3f_mi,1
347,175,138,222,671,341,330,0,1,5,p_1.30.24_LL3f_mi,1
348,187,145,229,656,338,318,0,1,5,p_1.30.24_LL3f_mi,1
349,182,135,226,661,341,320,0,1,5,p_1.30.24_LL3f_mi,1
350,169,134,218,677,357,320,0,1,5,p_1.30.24_LL3f_mi,1
1,6,6,8,633,337,296,0,1,1,p_1.30.24_LL3f_mi,2
2,98,88,127,850,439,411,0,1,1,p_1.30.24_LL3f_mi,2
3,135,111,173,779,405,374,0,1,1,p_1.30.24_LL3f_mi,2
4,162,127,206,715,383,332,0,1,1,p_1.30.24_LL3f_mi,2
5,171,132,222,670,341,329,0,1,1,p_1.30.24_LL3f_mi,2
6,183,137,232,644,335,309,0,1,1,p_1.30.24_LL3f_mi,2
7,175,137,219,675,352,323,0,1,1,p_1.30.24_LL3f_mi,2
8,168,129,214,690,369,321,0,1,1,p_1.30.24_LL3f_mi,2
9,178,135,229,654,343,311,0,1,1,p_1.30.24_LL3f_mi,2
10,174,133,224,655,331,324,0,1,1,p_1.30.24_LL3f_mi,2
11,169,140,222,673,324,349,0,1,1,p_1.30.24_LL3f_mi,2
12,166,128,213,692,334,358,0,1,1,p_1.30.24_LL3f_mi,2
13,180,143,226,659,321,338,0,1,1,p_1.30.24_LL3f_mi,2
14,178,141,230,647,316,331,0,1,1,p_1.30.24_LL3f_mi,2
15,163,128,217,687,337,350,0,1,1,p_1.30.24_LL3f_mi,2
16,174,136,226,659,316,343,0,1,1,p_1.30.24_LL3f_mi,2
17,171,130,225,662,325,337,0,1,1,p_1.30.24_LL3f_mi,2
18,171,139,217,679,327,352,0,1,1,p_1.30.24_LL3f_mi,2
19,176,130,228,651,309,342,0,1,1,p_1.30.24_LL3f_mi,2
20,175,142,226,656,315,341,0,1,1,p_1.30.24_LL3f_mi,2
21,169,135,222,669,334,335,0,1,1,p_1.30.24_LL3f_mi,2
22,179,133,223,671,337,334,0,1,1,p_1.30.24_LL3f_mi,2
23,177,135,219,680,316,364,0,1,1,p_1.30.24_LL3f_mi,2
24,173,144,218,676,314,362,0,1,1,p_1.30.24_LL3f_mi,2
25,173,143,224,655,317,338,0,1,1,p_1.30.24_LL3f_mi,2
26,166,129,208,707,338,369,0,1,1,p_1.30.24_LL3f_mi,2
27,174,137,224,664,314,350,0,1,1,p_1.30.24_LL3f_mi,2
28,164,129,217,680,334,346,0,1,1,p_1.30.24_LL3f_mi,2
29,177,141,225,667,330,337,0,1,1,p_1.30.24_LL3f_mi,2
30,183,135,231,643,331,312,0,1,1,p_1.30.24_LL3f_mi,2
31,185,138,226,652,337,315,0,1,1,p_1.30.24_LL3f_mi,2
32,165,130,220,678,362,316,0,1,1,p_1.30.24_LL3f_mi,2
33,175,136,226,655,338,317,0,1,1,p_1.30.24_LL3f_mi,2
34,173,136,227,651,332,319,0,1,1,p_1.30.24_LL3f_mi,2
35,169,133,221,675,344,331,0,1,1,p_1.30.24_LL3f_mi,2
36,174,140,225,659,332,327,0,1,1,p_1.30.24_LL3f_mi,2
37,180,138,227,655,323,332,0,1,1,p_1.30.24_LL3f_mi,2
38,178,138,229,648,311,337,0,1,1,p_1.30.24_LL3f_mi,2
39,182,140,229,648,305,343,0,1,1,p_1.30.24_LL3f_mi,2
40,175,140,225,664,297,367,0,1,1,p_1.30.24_LL3f_mi,2
41,168,125,220,672,317,355,0,1,1,p_1.30.24_LL3f_mi,2
42,181,138,226,659,313,346,0,1,1,p_1.30.24_LL3f_mi,2
43,173,140,219,673,327,346,0,1,1,p_1.30.24_LL3f_mi,2
44,163,131,211,696,338,358,0,1,1,p_1.30.24_LL3f_mi,2
45,178,137,224,664,323,341,0,1,1,p_1.30.24_LL3f_mi,2
46,179,136,229,653,323,330,0,1,1,p_1.30.24_LL3f_mi,2
47,174,141,227,655,323,332,0,1,1,p_1.30.24_LL3f_mi,2
48,166,132,221,668,320,348,0,1,1,p_1.30.24_LL3f_mi,2
49,166,130,222,674,336,338,0,1,1,p_1.30.24_LL3f_mi,2
50,174,138,224,671,342,329,0,1,1,p_1.30.24_LL3f_mi,2
51,153,124,202,724,378,346,0,1,1,p_1.30.24_LL3f_mi,2
52,172,135,222,670,338,332,0,1,1,p_1.30.24_LL3f_mi,2
53,168,130,225,656,322,334,0,1,1,p_1.30.24_LL3f_mi,2
54,178,146,232,639,316,323,0,1,1,p_1.30.24_LL3f_mi,2
55,182,138,222,667,332,335,0,1,1,p_1.30.24_LL3f_mi,2
56,169,139,220,674,333,341,0,1,1,p_1.30.24_LL3f_mi,2
57,178,138,222,665,335,330,0,1,1,p_1.30.24_LL3f_mi,2
58,167,129,224,660,336,324,0,1,1,p_1.30.24_LL3f_mi,2
59,168,136,218,676,352,324,0,1,1,p_1.30.24_LL3f_mi,2
60,175,139,225,658,317,341,0,1,1,p_1.30.24_LL3f_mi,2
61,172,132,226,662,315,347,0,1,1,p_1.30.24_LL3f_mi,2
62,180,134,232,638,311,327,0,1,1,p_1.30.24_LL3f_mi,2
63,183,142,224,662,317,345,0,1,1,p_1.30.24_LL3f_mi,2
64,167,132,220,674,327,347,0,1,1,p_1.30.24_LL3f_mi,2
65,180,144,228,643,334,309,0,1,1,p_1.30.24_LL3f_mi,2
66,175,128,223,665,349,316,0,1,1,p_1.30.24_LL3f_mi,2
67,171,129,225,659,334,325,0,1,1,p_1.30.24_LL3f_mi,2
68,166,129,217,679,331,348,0,1,1,p_1.30.24_LL3f_mi,2
69,170,142,219,674,331,343,0,1,1,p_1.30.24_LL3f_mi,2
70,175,134,230,642,308,334,0,1,1,p_1.30.24_LL3f_mi,2
71,183,129,232,644,323,321,0,1,1,p_1.30.24_LL3f_mi,2
72,170,138,226,656,337,319,0,1,1,p_1.30.24_LL3f_mi,2
73,166,134,216,687,364,323,0,1,1,p_1.30.24_LL3f_mi,2
74,180,138,226,655,337,318,0,1,1,p_1.30.24_LL3f_mi,2
75,170,126,223,668,350,318,0,1,1,p_1.30.24_LL3f_mi,2
76,168,133,214,697,356,341,0,1,1,p_1.30.24_LL3f_mi,2
77,169,131,220,678,355,323,0,1,1,p_1.30.24_LL3f_mi,2
78,177,139,225,661,344,317,0,1,1,p_1.30.24_LL3f_mi,2
79,175,138,229,646,326,320,0,1,1,p_1.30.24_LL3f_mi,2
80,177,141,227,653,320,333,0,1,1,p_1.30.24_LL3f_mi,2
81,174,131,215,688,339,349,0,1,1,p_1.30.24_LL3f_mi,2
82,169,132,215,691,340,351,0,1,1,p_1.30.24_LL3f_mi,2
83,174,133,221,678,327,351,0,1,1,p_1.30.24_LL3f_mi,2
84,177,135,228,653,333,320,0,1,1,p_1.30.24_LL3f_mi,2
85,180,138,227,662,326,336,0,1,1,p_1.30.24_LL3f_mi,2
86,186,149,230,647,316,331,0,1,1,p_1.30.24_LL3f_mi,2
87,169,137,220,674,328,346,0,1,1,p_1.30.24_LL3f_mi,2
88,174,128,228,661,312,349,0,1,1,p_1.30.24_LL3f_mi,2
89,163,130,219,678,317,361,0,1,1,p_1.30.24_LL3f_mi,2
90,179,131,229,647,315,332,0,1,1,p_1.30.24_LL3f_mi,2
91,176,139,228,659,318,341,0,1,1,p_1.30.24_LL3f_mi,2
92,165,133,215,686,334,352,0,1,1,p_1.30.24_LL3f_mi,2
93,171,134,219,671,328,343,0,1,1,p_1.30.24_LL3f_mi,2
94,179,138,227,652,328,324,0,1,1,p_1.30.24_LL3f_mi,2
95,177,140,227,651,325,326,0,1,1,p_1.30.24_LL3f_mi,2
96,171,143,219,678,333,345,0,1,1,p_1.30.24_LL3f_mi,2
97,170,132,219,671,327,344,0,1,1,p_1.30.24_LL3f_mi,2
98,169,133,219,679,329,350,0,1,1,p_1.30.24_LL3f_mi,2
99,186,144,230,655,313,342,0,1,1,p_1.30.24_LL3f_mi,2
100,154,122,195,664,341,323,0,1,1,p_1.30.24_LL3f_mi,2
101,114,95,154,660,339,321,0,1,1,p_1.30.24_LL3f_mi,2
102,120,102,151,588,290,298,0,1,1,p_1.30.24_LL3f_mi,2
103,115,93,147,517,236,281,0,1,1,p_1.30.24_LL3f_mi,2
104,99,83,128,480,213,267,0,1,1,p_1.30.24_LL3f_mi,2
105,80,71,106,442,199,243,0,1,1,p_1.30.24_LL3f_mi,2
106,79,68,97,386,168,218,0,1,1,p_1.30.24_LL3f_mi,2
107,51,45,69,354,175,179,0,1,1,p_1.30.24_LL3f_mi,2
108,50,41,64,288,138,150,0,1,1,p_1.30.24_LL3f_mi,2
109,34,29,47,242,120,122,0,1,1,p_1.30.24_LL3f_mi,2
110,25,22,32,200,104,96,0,1,1,p_1.30.24_LL3f_mi,2
111,27,21,36,151,87,64,0,1,1,p_1.30.24_LL3f_mi,2
112,29,26,36,119,67,52,0,1,1,p_1.30.24_LL3f_mi,2
113,26,21,33,111,56,55,0,1,1,p_1.30.24_LL3f_mi,2
114,27,21,36,106,58,48,0,1,1,p_1.30.24_LL3f_mi,2
115,27,20,35,106,56,50,0,1,1,p_1.30.24_LL3f_mi,2
116,25,18,32,97,49,48,0,1,1,p_1.30.24_LL3f_mi,2
117,23,17,32,97,50,47,0,1,1,p_1.30.24_LL3f_mi,2
118,27,21,34,95,48,47,0,1,1,p_1.30.24_LL3f_mi,2
119,26,17,33,106,57,49,0,1,1,p_1.30.24_LL3f_mi,2
120,28,21,32,103,56,47,0,1,1,p_1.30.24_LL3f_mi,2
121,23,18,33,106,60,46,0,1,1,p_1.30.24_LL3f_mi,2
122,29,26,35,105,53,52,0,1,1,p_1.30.24_LL3f_mi,2
123,26,20,33,106,52,54,0,1,1,p_1.30.24_LL3f_mi,2
124,25,21,33,97,50,47,0,1,1,p_1.30.24_LL3f_mi,2
125,28,20,36,111,56,55,18,1,1,p_1.30.24_LL3f_mi,2
126,22,17,34,114,57,57,13,1,1,p_1.30.24_LL3f_mi,2
127,27,23,34,106,54,52,3,1,1,p_1.30.24_LL3f_mi,2
128,26,21,37,111,55,56,1,1,1,p_1.30.24_LL3f_mi,2
129,26,22,35,106,55,51,1,1,1,p_1.30.24_LL3f_mi,2
130,27,22,34,108,43,65,0,1,1,p_1.30.24_LL3f_mi,2
131,29,24,34,102,44,58,0,1,1,p_1.30.24_LL3f_mi,2
132,26,19,34,104,45,59,0,1,1,p_1.30.24_LL3f_mi,2
133,28,21,35,109,50,59,0,1,1,p_1.30.24_LL3f_mi,2
134,29,21,35,109,49,60,0,1,1,p_1.30.24_LL3f_mi,2
135,25,18,34,102,50,52,0,1,1,p_1.30.24_LL3f_mi,2
136,26,22,35,111,51,60,0,1,1,p_1.30.24_LL3f_mi,2
137,29,23,35,114,52,62,0,1,1,p_1.30.24_LL3f_mi,2
138,29,25,33,108,47,61,0,1,1,p_1.30.24_LL3f_mi,2
139,27,19,34,104,47,57,0,1,1,p_1.30.24_LL3f_mi,2
140,25,16,35,118,60,58,18,1,1,p_1.30.24_LL3f_mi,2
141,31,25,37,115,57,58,11,1,1,p_1.30.24_LL3f_mi,2
142,26,22,34,122,64,58,5,1,1,p_1.30.24_LL3f_mi,2
143,29,24,36,113,53,60,3,1,1,p_1.30.24_LL3f_mi,2
144,26,20,35,116,53,63,1,1,1,p_1.30.24_LL3f_mi,2
145,27,21,34,101,51,50,0,1,1,p_1.30.24_LL3f_mi,2
146,27,22,35,103,46,57,0,1,1,p_1.30.24_LL3f_mi,2
147,29,26,35,103,45,58,0,1,1,p_1.30.24_LL3f_mi,2
148,28,21,35,104,43,61,0,1,1,p_1.30.24_LL3f_mi,2
149,25,21,32,99,39,60,0,1,1,p_1.30.24_LL3f_mi,2
150,23,19,32,92,41,51,0,1,1,p_1.30.24_LL3f_mi,2
151,44,33,67,101,44,57,0,1,1,p_1.30.24_LL3f_mi,2
152,61,40,87,135,63,72,0,1,1,p_1.30.24_LL3f_mi,2
153,84,52,119,184,92,92,0,1,1,p_1.30.24_LL3f_mi,2
154,104,74,142,243,120,123,0,1,1,p_1.30.24_LL3f_mi,2
155,120,85,161,346,176,170,20,1,1,p_1.30.24_LL3f_mi,2
156,138,97,176,406,222,184,6,1,1,p_1.30.24_LL3f_mi,2
157,151,112,193,445,226,219,4,1,1,p_1.30.24_LL3f_mi,2
158,161,116,210,499,241,258,1,1,1,p_1.30.24_LL3f_mi,2
159,170,121,223,558,280,278,0,1,1,p_1.30.24_LL3f_mi,2
160,184,139,242,603,309,294,0,1,1,p_1.30.24_LL3f_mi,2
161,178,134,233,639,343,296,0,1,1,p_1.30.24_LL3f_mi,2
162,179,145,229,657,347,310,0,1,1,p_1.30.24_LL3f_mi,2
163,169,128,220,674,345,329,0,1,1,p_1.30.24_LL3f_mi,2
164,172,132,219,682,348,334,0,1,1,p_1.30.24_LL3f_mi,2
165,163,135,211,693,358,335,0,1,1,p_1.30.24_LL3f_mi,2
166,170,130,214,691,351,340,0,1,1,p_1.30.24_LL3f_mi,2
167,174,135,224,656,341,315,0,1,1,p_1.30.24_LL3f_mi,2
168,172,130,226,653,328,325,0,1,1,p_1.30.24_LL3f_mi,2
169,175,129,221,677,356,321,0,1,1,p_1.30.24_LL3f_mi,2
170,164,133,214,693,369,324,21,1,1,p_1.30.24_LL3f_mi,2
171,181,137,237,623,330,293,5,1,1,p_1.30.24_LL3f_mi,2
172,177,135,231,635,332,303,5,1,1,p_1.30.24_LL3f_mi,2
173,169,129,229,650,328,322,2,1,1,p_1.30.24_LL3f_mi,2
174,170,130,226,657,311,346,1,1,1,p_1.30.24_LL3f_mi,2
175,181,132,224,666,327,339,0,1,1,p_1.30.24_LL3f_mi,2
176,161,133,205,716,356,360,0,1,1,p_1.30.24_LL3f_mi,2
177,181,138,223,664,322,342,0,1,1,p_1.30.24_LL3f_mi,2
178,176,136,224,664,317,347,0,1,1,p_1.30.24_LL3f_mi,2
179,175,134,229,647,312,335,0,1,1,p_1.30.24_LL3f_mi,2
180,183,143,227,657,310,347,0,1,1,p_1.30.24_LL3f_mi,2
181,183,138,230,653,302,351,0,1,1,p_1.30.24_LL3f_mi,2
182,168,126,220,673,322,351,0,1,1,p_1.30.24_LL3f_mi,2
183,171,139,218,678,315,363,0,1,1,p_1.30.24_LL3f_mi,2
184,172,131,219,688,323,365,0,1,1,p_1.30.24_LL3f_mi,2
185,183,145,230,651,297,354,0,1,1,p_1.30.24_LL3f_mi,2
186,166,127,221,672,308,364,0,1,1,p_1.30.24_LL3f_mi,2
187,180,139,226,665,323,342,0,1,1,p_1.30.24_LL3f_mi,2
188,175,142,227,658,319,339,0,1,1,p_1.30.24_LL3f_mi,2
189,169,135,216,694,338,356,0,1,1,p_1.30.24_LL3f_mi,2
190,170,129,217,686,348,338,0,1,1,p_1.30.24_LL3f_mi,2
191,178,137,229,655,338,317,0,1,1,p_1.30.24_LL3f_mi,2
192,176,134,224,668,332,336,0,1,1,p_1.30.24_LL3f_mi,2
193,170,144,221,675,336,339,0,1,1,p_1.30.24_LL3f_mi,2
194,158,130,212,697,339,358,0,1,1,p_1.30.24_LL3f_mi,2
195,170,131,221,681,340,341,0,1,1,p_1.30.24_LL3f_mi,2
196,181,138,229,652,322,330,0,1,1,p_1.30.24_LL3f_mi,2
197,174,127,220,676,325,351,0,1,1,p_1.30.24_LL3f_mi,2
198,157,127,209,702,331,371,0,1,1,p_1.30.24_LL3f_mi,2
199,174,138,225,661,312,349,0,1,1,p_1.30.24_LL3f_mi,2
200,172,134,224,668,319,349,0,1,1,p_1.30.24_LL3f_mi,2
201,160,131,212,698,331,367,0,1,1,p_1.30.24_LL3f_mi,2
202,179,138,226,657,317,340,0,1,1,p_1.30.24_LL3f_mi,2
203,177,128,225,655,333,322,0,1,1,p_1.30.24_LL3f_mi,2
204,180,137,233,629,312,317,0,1,1,p_1.30.24_LL3f_mi,2
205,175,127,225,664,327,337,0,1,1,p_1.30.24_LL3f_mi,2
206,173,136,220,679,340,339,0,1,1,p_1.30.24_LL3f_mi,2
207,170,136,213,696,340,356,0,1,1,p_1.30.24_LL3f_mi,2
208,172,136,217,679,340,339,0,1,1,p_1.30.24_LL3f_mi,2
209,181,142,229,653,317,336,0,1,1,p_1.30.24_LL3f_mi,2
210,176,133,226,654,303,351,0,1,1,p_1.30.24_LL3f_mi,2
211,176,138,230,643,303,340,0,1,1,p_1.30.24_LL3f_mi,2
212,174,139,227,651,308,343,0,1,1,p_1.30.24_LL3f_mi,2
213,172,130,228,651,302,349,0,1,1,p_1.30.24_LL3f_mi,2
214,170,136,220,675,333,342,0,1,1,p_1.30.24_LL3f_mi,2
215,175,133,230,650,321,329,0,1,1,p_1.30.24_LL3f_mi,2
216,179,138,224,665,334,331,0,1,1,p_1.30.24_LL3f_mi,2
217,179,137,227,656,327,329,0,1,1,p_1.30.24_LL3f_mi,2
218,173,134,223,661,347,314,0,1,1,p_1.30.24_LL3f_mi,2
219,177,132,228,657,327,330,0,1,1,p_1.30.24_LL3f_mi,2
220,163,130,219,676,330,346,0,1,1,p_1.30.24_LL3f_mi,2
221,176,140,223,669,324,345,0,1,1,p_1.30.24_LL3f_mi,2
222,172,135,222,668,316,352,0,1,1,p_1.30.24_LL3f_mi,2
223,164,136,219,676,320,356,0,1,1,p_1.30.24_LL3f_mi,2
224,179,143,227,651,313,338,0,1,1,p_1.30.24_LL3f_mi,2
225,170,135,223,667,332,335,0,1,1,p_1.30.24_LL3f_mi,2
226,161,126,204,717,374,343,0,1,1,p_1.30.24_LL3f_mi,2
227,164,129,216,688,356,332,0,1,1,p_1.30.24_LL3f_mi,2
228,178,134,228,660,345,315,0,1,1,p_1.30.24_LL3f_mi,2
229,177,141,230,640,322,318,0,1,1,p_1.30.24_LL3f_mi,2
230,174,140,219,674,342,332,0,1,1,p_1.30.24_LL3f_mi,2
231,169,132,222,666,334,332,0,1,1,p_1.30.24_LL3f_mi,2
232,170,141,226,658,344,314,0,1,1,p_1.30.24_LL3f_mi,2
233,166,132,219,674,340,334,0,1,1,p_1.30.24_LL3f_mi,2
234,168,133,218,682,332,350,0,1,1,p_1.30.24_LL3f_mi,2
235,170,132,224,668,323,345,0,1,1,p_1.30.24_LL3f_mi,2
236,177,138,230,652,316,336,0,1,1,p_1.30.24_LL3f_mi,2
237,174,123,225,661,323,338,0,1,1,p_1.30.24_LL3f_mi,2
238,182,138,228,651,311,340,0,1,1,p_1.30.24_LL3f_mi,2
239,164,132,222,674,331,343,0,1,1,p_1.30.24_LL3f_mi,2
240,174,130,222,675,333,342,0,1,1,p_1.30.24_LL3f_mi,2
241,178,142,225,664,322,342,0,1,1,p_1.30.24_LL3f_mi,2
242,180,140,228,644,318,326,0,1,1,p_1.30.24_LL3f_mi,2
243,174,136,231,641,317,324,0,1,1,p_1.30.24_LL3f_mi,2
244,169,138,225,662,324,338,0,1,1,p_1.30.24_LL3f_mi,2
245,179,132,227,651,312,339,0,1,1,p_1.30.24_LL3f_mi,2
246,185,142,231,645,318,327,0,1,1,p_1.30.24_LL3f_mi,2
247,173,136,225,657,328,329,0,1,1,p_1.30.24_LL3f_mi,2
248,173,134,225,662,343,319,0,1,1,p_1.30.24_LL3f_mi,2
249,172,137,230,646,339,307,0,1,1,p_1.30.24_LL3f_mi,2
250,184,140,228,653,336,317,0,1,1,p_1.30.24_LL3f_mi,2
251,165,130,209,711,387,324,0,1,1,p_1.30.24_LL3f_mi,2
252,182,133,222,667,340,327,0,1,1,p_1.30.24_LL3f_mi,2
253,177,136,228,657,326,331,0,1,1,p_1.30.24_LL3f_mi,2
254,179,133,227,657,339,318,0,1,1,p_1.30.24_LL3f_mi,2
255,172,145,220,675,342,333,0,1,1,p_1.30.24_LL3f_mi,2
256,171,131,221,675,352,323,0,1,1,p_1.30.24_LL3f_mi,2
257,172,133,221,674,352,322,0,1,1,p_1.30.24_LL3f_mi,2
258,166,133,221,676,349,327,0,1,1,p_1.30.24_LL3f_mi,2
259,175,140,222,670,322,348,0,1,1,p_1.30.24_LL3f_mi,2
260,175,135,227,657,316,341,0,1,1,p_1.30.24_LL3f_mi,2
261,184,144,230,650,303,347,0,1,1,p_1.30.24_LL3f_mi,2
262,168,139,214,690,322,368,0,1,1,p_1.30.24_LL3f_mi,2
263,177,129,227,659,312,347,0,1,1,p_1.30.24_LL3f_mi,2
264,172,136,225,660,326,334,0,1,1,p_1.30.24_LL3f_mi,2
265,183,139,226,655,331,324,0,1,1,p_1.30.24_LL3f_mi,2
266,172,136,226,656,334,322,0,1,1,p_1.30.24_LL3f_mi,2
267,178,140,230,649,330,319,0,1,1,p_1.30.24_LL3f_mi,2
268,175,141,226,659,300,359,0,1,1,p_1.30.24_LL3f_mi,2
269,170,139,220,678,314,364,0,1,1,p_1.30.24_LL3f_mi,2
270,176,136,227,656,328,328,0,1,1,p_1.30.24_LL3f_mi,2
271,187,139,236,629,320,309,0,1,1,p_1.30.24_LL3f_mi,2
272,177,138,224,658,342,316,0,1,1,p_1.30.24_LL3f_mi,2
273,177,133,225,658,335,323,0,1,1,p_1.30.24_LL3f_mi,2
274,173,140,224,665,353,312,0,1,1,p_1.30.24_LL3f_mi,2
275,176,137,223,662,340,322,0,1,1,p_1.30.24_LL3f_mi,2
276,164,126,209,708,366,342,0,1,1,p_1.30.24_LL3f_mi,2
277,167,132,214,688,345,343,0,1,1,p_1.30.24_LL3f_mi,2
278,176,139,227,653,333,320,0,1,1,p_1.30.24_LL3f_mi,2
279,176,137,223,675,341,334,0,1,1,p_1.30.24_LL3f_mi,2
280,173,130,220,675,339,336,0,1,1,p_1.30.24_LL3f_mi,2
281,174,136,224,663,347,316,0,1,1,p_1.30.24_LL3f_mi,2
282,176,129,232,636,340,296,0,1,1,p_1.30.24_LL3f_mi,2
283,189,139,233,635,348,287,0,1,1,p_1.30.24_LL3f_mi,2
284,179,133,227,663,355,308,0,1,1,p_1.30.24_LL3f_mi,2
285,176,131,226,655,349,306,0,1,1,p_1.30.24_LL3f_mi,2
286,176,142,227,658,341,317,0,1,1,p_1.30.24_LL3f_mi,2
287,182,150,233,633,319,314,0,1,1,p_1.30.24_LL3f_mi,2
288,181,138,228,654,316,338,0,1,1,p_1.30.24_LL3f_mi,2
289,175,131,219,679,310,369,0,1,1,p_1.30.24_LL3f_mi,2
290,174,130,223,664,310,354,0,1,1,p_1.30.24_LL3f_mi,2
291,179,134,229,645,319,326,0,1,1,p_1.30.24_LL3f_mi,2
292,173,134,223,661,347,314,0,1,1,p_1.30.24_LL3f_mi,2
293,172,137,219,677,358,319,0,1,1,p_1.30.24_LL3f_mi,2
294,174,126,226,656,347,309,0,1,1,p_1.30.24_LL3f_mi,2
295,172,129,219,678,366,312,0,1,1,p_1.30.24_LL3f_mi,2
296,175,133,224,662,337,325,0,1,1,p_1.30.24_LL3f_mi,2
297,168,127,224,667,344,323,0,1,1,p_1.30.24_LL3f_mi,2
298,164,132,224,667,330,337,0,1,1,p_1.30.24_LL3f_mi,2
299,179,145,224,667,326,341,0,1,1,p_1.30.24_LL3f_mi,2
300,175,137,228,650,331,319,0,1,1,p_1.30.24_LL3f_mi,2
301,163,122,212,707,353,354,0,1,1,p_1.30.24_LL3f_mi,2
302,184,150,231,640,321,319,0,1,1,p_1.30.24_LL3f_mi,2
303,184,132,232,635,331,304,0,1,1,p_1.30.24_LL3f_mi,2
304,180,136,229,648,341,307,0,1,1,p_1.30.24_LL3f_mi,2
305,179,139,227,658,330,328,0,1,1,p_1.30.24_LL3f_mi,2
306,182,134,233,636,315,321,0,1,1,p_1.30.24_LL3f_mi,2
307,175,142,223,669,311,358,0,1,1,p_1.30.24_LL3f_mi,2
308,177,139,229,649,311,338,0,1,1,p_1.30.24_LL3f_mi,2
309,169,134,222,667,322,345,0,1,1,p_1.30.24_LL3f_mi,2
310,180,138,225,662,323,339,0,1,1,p_1.30.24_LL3f_mi,2
311,180,137,217,684,317,367,0,1,1,p_1.30.24_LL3f_mi,2
312,190,143,236,623,288,335,0,1,1,p_1.30.24_LL3f_mi,2
313,180,142,226,656,308,348,0,1,1,p_1.30.24_LL3f_mi,2
314,173,144,224,666,308,358,0,1,1,p_1.30.24_LL3f_mi,2
315,177,142,228,653,314,339,0,1,1,p_1.30.24_LL3f_mi,2
316,172,130,222,674,332,342,0,1,1,p_1.30.24_LL3f_mi,2
317,174,140,221,675,329,346,0,1,1,p_1.30.24_LL3f_mi,2
318,163,136,213,693,334,359,0,1,1,p_1.30.24_LL3f_mi,2
319,182,143,226,659,324,335,0,1,1,p_1.30.24_LL3f_mi,2
320,181,135,227,656,312,344,0,1,1,p_1.30.24_LL3f_mi,2
321,183,142,232,649,304,345,0,1,1,p_1.30.24_LL3f_mi,2
322,170,135,224,665,325,340,0,1,1,p_1.30.24_LL3f_mi,2
323,173,133,224,668,333,335,0,1,1,p_1.30.24_LL3f_mi,2
324,177,134,228,653,327,326,0,1,1,p_1.30.24_LL3f_mi,2
325,173,135,226,662,324,338,0,1,1,p_1.30.24_LL3f_mi,2
326,155,130,203,720,349,371,0,1,1,p_1.30.24_LL3f_mi,2
327,172,141,223,669,307,362,0,1,1,p_1.30.24_LL3f_mi,2
328,176,130,230,646,297,349,0,1,1,p_1.30.24_LL3f_mi,2
329,177,148,230,644,291,353,0,1,1,p_1.30.24_LL3f_mi,2
330,168,144,219,678,308,370,0,1,1,p_1.30.24_LL3f_mi,2
331,174,135,225,666,311,355,0,1,1,p_1.30.24_LL3f_mi,2
332,167,127,225,656,304,352,0,1,1,p_1.30.24_LL3f_mi,2
333,174,132,222,662,315,347,0,1,1,p_1.30.24_LL3f_mi,2
334,184,145,234,627,310,317,0,1,1,p_1.30.24_LL3f_mi,2
335,173,134,228,650,327,323,0,1,1,p_1.30.24_LL3f_mi,2
336,168,131,221,678,333,345,0,1,1,p_1.30.24_LL3f_mi,2
337,173,135,225,662,320,342,0,1,1,p_1.30.24_LL3f_mi,2
338,173,139,217,685,324,361,0,1,1,p_1.30.24_LL3f_mi,2
339,165,135,221,674,343,331,0,1,1,p_1.30.24_LL3f_mi,2
340,171,136,228,649,331,318,0,1,1,p_1.30.24_LL3f_mi,2
341,176,132,231,645,331,314,0,1,1,p_1.30.24_LL3f_mi,2
342,179,139,228,656,335,321,0,1,1,p_1.30.24_LL3f_mi,2
343,182,135,232,643,316,327,0,1,1,p_1.30.24_LL3f_mi,2
344,180,137,227,663,318,345,0,1,1,p_1.30.24_LL3f_mi,2
345,168,140,223,666,332,334,0,1,1,p_1.30.24_LL3f_mi,2
346,167,134,220,674,354,320,0,1,1,p_1.30.24_LL3f_mi,2
347,170,125,226,654,352,302,0,1,1,p_1.30.24_LL3f_mi,2
348,177,131,230,649,349,300,0,1,1,p_1.30.24_LL3f_mi,2
349,174,134,217,688,365,323,0,1,1,p_1.30.24_LL3f_mi,2
350,166,123,215,683,365,318,0,1,1,p_1.30.24_LL3f_mi,2
1,7,7,9,594,296,298,0,1,2,p_1.30.24_LL3f_mi,2
2,95,82,124,855,415,440,0,1,2,p_1.30.24_LL3f_mi,2
3,121,104,162,802,386,416,0,1,2,p_1.30.24_LL3f_mi,2
4,158,124,202,723,355,368,0,1,2,p_1.30.24_LL3f_mi,2
5,177,133,226,658,325,333,0,1,2,p_1.30.24_LL3f_mi,2
6,177,136,232,640,311,329,0,1,2,p_1.30.24_LL3f_mi,2
7,176,132,227,654,308,346,0,1,2,p_1.30.24_LL3f_mi,2
8,179,144,221,668,310,358,0,1,2,p_1.30.24_LL3f_mi,2
9,169,134,218,682,340,342,0,1,2,p_1.30.24_LL3f_mi,2
10,170,134,219,680,356,324,0,1,2,p_1.30.24_LL3f_mi,2
11,181,136,225,668,336,332,0,1,2,p_1.30.24_LL3f_mi,2
12,181,143,226,657,327,330,0,1,2,p_1.30.24_LL3f_mi,2
13,169,136,220,679,342,337,0,1,2,p_1.30.24_LL3f_mi,2
14,165,135,220,673,327,346,0,1,2,p_1.30.24_LL3f_mi,2
15,183,129,230,647,326,321,0,1,2,p_1.30.24_LL3f_mi,2
16,175,138,227,652,319,333,0,1,2,p_1.30.24_LL3f_mi,2
17,167,134,223,674,316,358,0,1,2,p_1.30.24_LL3f_mi,2
18,172,131,225,660,324,336,0,1,2,p_1.30.24_LL3f_mi,2
19,176,134,220,675,333,342,0,1,2,p_1.30.24_LL3f_mi,2
20,173,135,223,663,332,331,0,1,2,p_1.30.24_LL3f_mi,2
21,179,131,229,645,315,330,0,1,2,p_1.30.24_LL3f_mi,2
22,171,140,224,656,330,326,0,1,2,p_1.30.24_LL3f_mi,2
23,172,135,221,672,354,318,0,1,2,p_1.30.24_LL3f_mi,2
24,177,142,226,654,330,324,0,1,2,p_1.30.24_LL3f_mi,2
25,167,137,223,665,323,342,0,1,2,p_1.30.24_LL3f_mi,2
26,153,126,205,715,369,346,0,1,2,p_1.30.24_LL3f_mi,2
27,180,135,228,646,328,318,0,1,2,p_1.30.24_LL3f_mi,2
28,188,136,235,632,324,308,0,1,2,p_1.30.24_LL3f_mi,2
29,174,135,223,672,321,351,0,1,2,p_1.30.24_LL3f_mi,2
30,167,135,212,692,336,356,0,1,2,p_1.30.24_LL3f_mi,2
31,179,144,228,652,315,337,0,1,2,p_1.30.24_LL3f_mi,2
32,179,134,232,633,319,314,0,1,2,p_1.30.24_LL3f_mi,2
33,173,135,225,652,336,316,0,1,2,p_1.30.24_LL3f_mi,2
34,175,138,224,662,344,318,0,1,2,p_1.30.24_LL3f_mi,2
35,174,145,229,648,313,335,0,1,2,p_1.30.24_LL3f_mi,2
36,176,135,225,658,319,339,0,1,2,p_1.30.24_LL3f_mi,2
37,175,131,223,667,330,337,0,1,2,p_1.30.24_LL3f_mi,2
38,167,135,218,681,340,341,0,1,2,p_1.30.24_LL3f_mi,2
39,175,138,227,663,316,347,0,1,2,p_1.30.24_LL3f_mi,2
40,174,142,229,644,322,322,0,1,2,p_1.30.24_LL3f_mi,2
41,173,136,218,680,345,335,0,1,2,p_1.30.24_LL3f_mi,2
42,174,129,220,677,336,341,0,1,2,p_1.30.24_LL3f_mi,2
43,172,132,221,675,335,340,0,1,2,p_1.30.24_LL3f_mi,2
44,176,140,225,653,322,331,0,1,2,p_1.30.24_LL3f_mi,2
45,173,134,224,664,312,352,0,1,2,p_1.30.24_LL3f_mi,2
46,173,125,222,672,318,354,0,1,2,p_1.30.24_LL3f_mi,2
47,174,136,219,681,318,363,0,1,2,p_1.30.24_LL3f_mi,2
48,180,140,227,656,314,342,0,1,2,p_1.30.24_LL3f_mi,2
49,178,142,226,654,308,346,0,1,2,p_1.30.24_LL3f_mi,2
50,174,135,226,664,317,347,0,1,2,p_1.30.24_LL3f_mi,2
51,156,129,203,724,341,383,0,1,2,p_1.30.24_LL3f_mi,2
52,176,141,227,659,322,337,0,1,2,p_1.30.24_LL3f_mi,2
53,174,133,222,662,322,340,0,1,2,p_1.30.24_LL3f_mi,2
54,168,137,221,669,327,342,0,1,2,p_1.30.24_LL3f_mi,2
55,176,137,218,677,325,352,0,1,2,p_1.30.24_LL3f_mi,2
56,173,136,219,678,341,337,0,1,2,p_1.30.24_LL3f_mi,2
57,169,128,222,675,333,342,0,1,2,p_1.30.24_LL3f_mi,2
58,168,133,211,697,338,359,0,1,2,p_1.30.24_LL3f_mi,2
59,176,139,226,656,322,334,0,1,2,p_1.30.24_LL3f_mi,2
60,167,133,220,670,328,342,0,1,2,p_1.30.24_LL3f_mi,2
61,176,139,228,655,316,339,0,1,2,p_1.30.24_LL3f_mi,2
62,179,142,224,663,317,346,0,1,2,p_1.30.24_LL3f_mi,2
63,173,139,223,671,333,338,0,1,2,p_1.30.24_LL3f_mi,2
64,174,134,228,643,313,330,0,1,2,p_1.30.24_LL3f_mi,2
65,174,141,226,661,325,336,0,1,2,p_1.30.24_LL3f_mi,2
66,166,131,217,689,345,344,0,1,2,p_1.30.24_LL3f_mi,2
67,176,133,230,650,330,320,0,1,2,p_1.30.24_LL3f_mi,2
68,177,138,223,663,347,316,0,1,2,p_1.30.24_LL3f_mi,2
69,180,138,228,655,338,317,0,1,2,p_1.30.24_LL3f_mi,2
70,172,128,224,662,334,328,0,1,2,p_1.30.24_LL3f_mi,2
71,177,129,226,655,334,321,0,1,2,p_1.30.24_LL3f_mi,2
72,177,142,223,672,336,336,0,1,2,p_1.30.24_LL3f_mi,2
73,164,134,213,693,327,366,0,1,2,p_1.30.24_LL3f_mi,2
74,180,142,227,656,319,337,0,1,2,p_1.30.24_LL3f_mi,2
75,183,140,233,628,308,320,0,1,2,p_1.30.24_LL3f_mi,2
76,162,129,209,709,355,354,0,1,2,p_1.30.24_LL3f_mi,2
77,181,128,234,635,332,303,0,1,2,p_1.30.24_LL3f_mi,2
78,184,134,235,629,327,302,0,1,2,p_1.30.24_LL3f_mi,2
79,178,137,227,655,325,330,0,1,2,p_1.30.24_LL3f_mi,2
80,175,138,224,655,316,339,0,1,2,p_1.30.24_LL3f_mi,2
81,169,136,218,681,326,355,0,1,2,p_1.30.24_LL3f_mi,2
82,171,137,220,675,330,345,0,1,2,p_1.30.24_LL3f_mi,2
83,174,132,227,660,312,348,0,1,2,p_1.30.24_LL3f_mi,2
84,177,145,232,633,315,318,0,1,2,p_1.30.24_LL3f_mi,2
85,175,133,227,657,312,345,0,1,2,p_1.30.24_LL3f_mi,2
86,168,133,223,663,325,338,0,1,2,p_1.30.24_LL3f_mi,2
87,166,129,216,690,338,352,0,1,2,p_1.30.24_LL3f_mi,2
88,168,138,219,681,338,343,0,1,2,p_1.30.24_LL3f_mi,2
89,173,138,225,661,320,341,0,1,2,p_1.30.24_LL3f_mi,2
90,175,132,228,646,332,314,0,1,2,p_1.30.24_LL3f_mi,2
91,175,134,228,651,312,339,0,1,2,p_1.30.24_LL3f_mi,2
92,172,139,222,667,317,350,0,1,2,p_1.30.24_LL3f_mi,2
93,169,131,216,679,334,345,0,1,2,p_1.30.24_LL3f_mi,2
94,171,131,224,664,318,346,0,1,2,p_1.30.24_LL3f_mi,2
95,186,139,227,660,336,324,0,1,2,p_1.30.24_LL3f_mi,2
96,173,130,227,661,317,344,0,1,2,p_1.30.24_LL3f_mi,2
97,170,137,222,663,319,344,0,1,2,p_1.30.24_LL3f_mi,2
98,174,141,223,663,318,345,0,1,2,p_1.30.24_LL3f_mi,2
99,173,144,224,667,313,354,0,1,2,p_1.30.24_LL3f_mi,2
100,148,118,194,657,301,356,0,1,2,p_1.30.24_LL3f_mi,2
101,111,103,144,684,309,375,0,1,2,p_1.30.24_LL3f_mi,2
102,124,104,163,561,266,295,0,1,2,p_1.30.24_LL3f_mi,2
103,110,89,141,531,260,271,0,1,2,p_1.30.24_LL3f_mi,2
104,99,81,131,474,228,246,0,1,2,p_1.30.24_LL3f_mi,2
105,96,77,118,423,227,196,0,1,2,p_1.30.24_LL3f_mi,2
106,81,64,102,372,202,170,0,1,2,p_1.30.24_LL3f_mi,2
107,58,45,78,339,161,178,0,1,2,p_1.30.24_LL3f_mi,2
108,45,41,56,302,150,152,0,1,2,p_1.30.24_LL3f_mi,2
109,26,24,37,257,130,127,0,1,2,p_1.30.24_LL3f_mi,2
110,28,23,34,194,105,89,0,1,2,p_1.30.24_LL3f_mi,2
111,29,23,38,165,91,74,0,1,2,p_1.30.24_LL3f_mi,2
112,33,26,37,139,79,60,0,1,2,p_1.30.24_LL3f_mi,2
113,24,22,33,114,58,56,0,1,2,p_1.30.24_LL3f_mi,2
114,28,25,35,112,55,57,0,1,2,p_1.30.24_LL3f_mi,2
115,25,23,35,117,52,65,0,1,2,p_1.30.24_LL3f_mi,2
116,25,21,33,115,55,60,0,1,2,p_1.30.24_LL3f_mi,2
117,25,21,35,113,54,59,0,1,2,p_1.30.24_LL3f_mi,2
118,30,23,37,118,50,68,0,1,2,p_1.30.24_LL3f_mi,2
119,28,24,34,109,44,65,0,1,2,p_1.30.24_LL3f_mi,2
120,26,23,35,104,40,64,0,1,2,p_1.30.24_LL3f_mi,2
121,25,17,33,105,53,52,0,1,2,p_1.30.24_LL3f_mi,2
122,29,21,34,107,54,53,0,1,2,p_1.30.24_LL3f_mi,2
123,24,20,33,103,59,44,0,1,2,p_1.30.24_LL3f_mi,2
124,26,22,34,100,56,44,0,1,2,p_1.30.24_LL3f_mi,2
125,25,16,34,113,68,45,18,1,2,p_1.30.24_LL3f_mi,2
126,28,20,36,114,60,54,6,1,2,p_1.30.24_LL3f_mi,2
127,28,26,35,124,59,65,5,1,2,p_1.30.24_LL3f_mi,2
128,26,18,35,116,53,63,4,1,2,p_1.30.24_LL3f_mi,2
129,26,23,33,112,56,56,2,1,2,p_1.30.24_LL3f_mi,2
130,27,21,35,97,54,43,0,1,2,p_1.30.24_LL3f_mi,2
131,27,21,33,104,53,51,0,1,2,p_1.30.24_LL3f_mi,2
132,28,19,33,104,47,57,0,1,2,p_1.30.24_LL3f_mi,2
133,28,20,31,88,47,41,0,1,2,p_1.30.24_LL3f_mi,2
134,24,18,30,94,47,47,0,1,2,p_1.30.24_LL3f_mi,2
135,25,19,31,86,47,39,0,1,2,p_1.30.24_LL3f_mi,2
136,22,16,30,87,42,45,0,1,2,p_1.30.24_LL3f_mi,2
137,27,20,32,100,47,53,0,1,2,p_1.30.24_LL3f_mi,2
138,25,18,33,93,51,42,0,1,2,p_1.30.24_LL3f_mi,2
139,27,22,35,101,57,44,0,1,2,p_1.30.24_LL3f_mi,2
140,27,20,37,119,57,62,14,1,2,p_1.30.24_LL3f_mi,2
141,27,20,36,114,50,64,9,1,2,p_1.30.24_LL3f_mi,2
142,27,23,36,113,50,63,4,1,2,p_1.30.24_LL3f_mi,2
143,28,23,37,115,47,68,1,1,2,p_1.30.24_LL3f_mi,2
144,23,18,33,101,38,63,0,1,2,p_1.30.24_LL3f_mi,2
145,25,23,31,95,35,60,0,1,2,p_1.30.24_LL3f_mi,2
146,23,19,32,97,46,51,0,1,2,p_1.30.24_LL3f_mi,2
147,27,20,33,103,50,53,0,1,2,p_1.30.24_LL3f_mi,2
148,26,19,33,99,53,46,0,1,2,p_1.30.24_LL3f_mi,2
149,24,16,34,106,54,52,0,1,2,p_1.30.24_LL3f_mi,2
150,28,23,35,107,57,50,0,1,2,p_1.30.24_LL3f_mi,2
151,56,33,77,111,60,51,0,1,2,p_1.30.24_LL3f_mi,2
152,72,45,99,148,81,67,0,1,2,p_1.30.24_LL3f_mi,2
153,94,64,124,199,111,88,0,1,2,p_1.30.24_LL3f_mi,2
154,112,71,145,274,158,116,0,1,2,p_1.30.24_LL3f_mi,2
155,120,81,161,359,198,161,20,1,2,p_1.30.24_LL3f_mi,2
156,138,96,177,418,229,189,12,1,2,p_1.30.24_LL3f_mi,2
157,142,103,189,477,259,218,10,1,2,p_1.30.24_LL3f_mi,2
158,165,123,212,492,266,226,5,1,2,p_1.30.24_LL3f_mi,2
159,178,125,228,527,289,238,1,1,2,p_1.30.24_LL3f_mi,2
160,189,144,239,609,305,304,0,1,2,p_1.30.24_LL3f_mi,2
161,178,133,229,644,328,316,0,1,2,p_1.30.24_LL3f_mi,2
162,182,133,230,645,326,319,0,1,2,p_1.30.24_LL3f_mi,2
163,179,137,231,640,312,328,0,1,2,p_1.30.24_LL3f_mi,2
164,168,130,216,686,343,343,0,1,2,p_1.30.24_LL3f_mi,2
165,171,131,221,677,347,330,0,1,2,p_1.30.24_LL3f_mi,2
166,167,145,218,680,341,339,0,1,2,p_1.30.24_LL3f_mi,2
167,173,133,218,680,343,337,0,1,2,p_1.30.24_LL3f_mi,2
168,183,143,226,661,323,338,0,1,2,p_1.30.24_LL3f_mi,2
169,170,136,225,656,328,328,0,1,2,p_1.30.24_LL3f_mi,2
170,164,129,214,689,348,341,18,1,2,p_1.30.24_LL3f_mi,2
171,175,130,226,651,334,317,5,1,2,p_1.30.24_LL3f_mi,2
172,171,137,225,657,329,328,2,1,2,p_1.30.24_LL3f_mi,2
173,168,136,220,673,354,319,2,1,2,p_1.30.24_LL3f_mi,2
174,184,151,232,641,326,315,0,1,2,p_1.30.24_LL3f_mi,2
175,175,135,221,677,338,339,0,1,2,p_1.30.24_LL3f_mi,2
176,166,135,205,715,357,358,0,1,2,p_1.30.24_LL3f_mi,2
177,160,125,216,683,336,347,0,1,2,p_1.30.24_LL3f_mi,2
178,175,143,231,641,326,315,0,1,2,p_1.30.24_LL3f_mi,2
179,172,132,225,651,327,324,0,1,2,p_1.30.24_LL3f_mi,2
180,176,136,227,655,327,328,0,1,2,p_1.30.24_LL3f_mi,2
181,166,133,218,689,334,355,0,1,2,p_1.30.24_LL3f_mi,2
182,178,149,223,668,307,361,0,1,2,p_1.30.24_LL3f_mi,2
183,172,131,228,647,298,349,0,1,2,p_1.30.24_LL3f_mi,2
184,166,129,219,675,333,342,0,1,2,p_1.30.24_LL3f_mi,2
185,165,137,213,688,345,343,0,1,2,p_1.30.24_LL3f_mi,2
186,166,124,216,683,362,321,0,1,2,p_1.30.24_LL3f_mi,2
187,172,122,223,662,363,299,0,1,2,p_1.30.24_LL3f_mi,2
188,176,133,226,656,349,307,0,1,2,p_1.30.24_LL3f_mi,2
189,169,128,217,682,350,332,0,1,2,p_1.30.24_LL3f_mi,2
190,176,138,231,641,325,316,0,1,2,p_1.30.24_LL3f_mi,2
191,162,129,222,676,341,335,0,1,2,p_1.30.24_LL3f_mi,2
192,177,136,220,676,335,341,0,1,2,p_1.30.24_LL3f_mi,2
193,180,139,227,657,325,332,0,1,2,p_1.30.24_LL3f_mi,2
194,182,139,225,659,322,337,0,1,2,p_1.30.24_LL3f_mi,2
195,166,132,220,672,310,362,0,1,2,p_1.30.24_LL3f_mi,2
196,177,136,228,650,308,342,0,1,2,p_1.30.24_LL3f_mi,2
197,171,138,228,656,309,347,0,1,2,p_1.30.24_LL3f_mi,2
198,182,139,221,670,317,353,0,1,2,p_1.30.24_LL3f_mi,2
199,170,133,220,674,307,367,0,1,2,p_1.30.24_LL3f_mi,2
200,180,136,229,652,311,341,0,1,2,p_1.30.24_LL3f_mi,2
201,170,133,212,703,326,377,0,1,2,p_1.30.24_LL3f_mi,2
202,178,130,234,630,297,333,0,1,2,p_1.30.24_LL3f_mi,2
203,180,140,225,661,311,350,0,1,2,p_1.30.24_LL3f_mi,2
204,173,129,228,653,301,352,0,1,2,p_1.30.24_LL3f_mi,2
205,184,141,230,638,303,335,0,1,2,p_1.30.24_LL3f_mi,2
206,175,140,227,660,315,345,0,1,2,p_1.30.24_LL3f_mi,2
207,173,140,222,677,320,357,0,1,2,p_1.30.24_LL3f_mi,2
208,170,129,220,678,317,361,0,1,2,p_1.30.24_LL3f_mi,2
209,174,139,227,656,309,347,0,1,2,p_1.30.24_LL3f_mi,2
210,171,143,227,662,336,326,0,1,2,p_1.30.24_LL3f_mi,2
211,172,138,221,671,349,322,0,1,2,p_1.30.24_LL3f_mi,2
212,169,134,222,670,363,307,0,1,2,p_1.30.24_LL3f_mi,2
213,168,127,219,679,354,325,0,1,2,p_1.30.24_LL3f_mi,2
214,180,135,230,641,309,332,0,1,2,p_1.30.24_LL3f_mi,2
215,178,137,228,652,317,335,0,1,2,p_1.30.24_LL3f_mi,2
216,170,140,226,662,313,349,0,1,2,p_1.30.24_LL3f_mi,2
217,171,132,215,683,318,365,0,1,2,p_1.30.24_LL3f_mi,2
218,181,140,230,650,302,348,0,1,2,p_1.30.24_LL3f_mi,2
219,174,135,226,663,331,332,0,1,2,p_1.30.24_LL3f_mi,2
220,169,133,222,670,344,326,0,1,2,p_1.30.24_LL3f_mi,2
221,173,137,220,676,338,338,0,1,2,p_1.30.24_LL3f_mi,2
222,184,145,229,650,320,330,0,1,2,p_1.30.24_LL3f_mi,2
223,184,145,227,654,323,331,0,1,2,p_1.30.24_LL3f_mi,2
224,178,134,221,672,328,344,0,1,2,p_1.30.24_LL3f_mi,2
225,170,129,226,655,327,328,0,1,2,p_1.30.24_LL3f_mi,2
226,156,124,198,729,360,369,0,1,2,p_1.30.24_LL3f_mi,2
227,175,140,221,670,333,337,0,1,2,p_1.30.24_LL3f_mi,2
228,168,139,221,675,310,365,0,1,2,p_1.30.24_LL3f_mi,2
229,184,140,228,661,301,360,0,1,2,p_1.30.24_LL3f_mi,2
230,175,135,223,666,340,326,0,1,2,p_1.30.24_LL3f_mi,2
231,163,119,218,678,356,322,0,1,2,p_1.30.24_LL3f_mi,2
232,184,147,228,648,326,322,0,1,2,p_1.30.24_LL3f_mi,2
233,182,131,224,667,325,342,0,1,2,p_1.30.24_LL3f_mi,2
234,176,134,227,654,310,344,0,1,2,p_1.30.24_LL3f_mi,2
235,178,143,227,653,312,341,0,1,2,p_1.30.24_LL3f_mi,2
236,176,137,222,673,347,326,0,1,2,p_1.30.24_LL3f_mi,2
237,177,136,229,654,331,323,0,1,2,p_1.30.24_LL3f_mi,2
238,167,127,223,669,339,330,0,1,2,p_1.30.24_LL3f_mi,2
239,179,136,222,661,356,305,0,1,2,p_1.30.24_LL3f_mi,2
240,175,137,224,666,340,326,0,1,2,p_1.30.24_LL3f_mi,2
241,170,134,225,665,325,340,0,1,2,p_1.30.24_LL3f_mi,2
242,175,137,226,660,322,338,0,1,2,p_1.30.24_LL3f_mi,2
243,176,141,220,677,343,334,0,1,2,p_1.30.24_LL3f_mi,2
244,167,140,218,681,333,348,0,1,2,p_1.30.24_LL3f_mi,2
245,170,141,216,692,336,356,0,1,2,p_1.30.24_LL3f_mi,2
246,172,142,223,672,320,352,0,1,2,p_1.30.24_LL3f_mi,2
247,173,135,225,661,315,346,0,1,2,p_1.30.24_LL3f_mi,2
248,181,150,228,655,327,328,0,1,2,p_1.30.24_LL3f_mi,2
249,160,131,208,707,349,358,0,1,2,p_1.30.24_LL3f_mi,2
250,167,132,218,683,339,344,0,1,2,p_1.30.24_LL3f_mi,2
251,168,133,206,719,357,362,0,1,2,p_1.30.24_LL3f_mi,2
252,184,143,228,654,328,326,0,1,2,p_1.30.24_LL3f_mi,2
253,173,130,225,663,330,333,0,1,2,p_1.30.24_LL3f_mi,2
254,184,144,232,633,319,314,0,1,2,p_1.30.24_LL3f_mi,2
255,171,131,226,665,340,325,0,1,2,p_1.30.24_LL3f_mi,2
256,177,135,220,672,350,322,0,1,2,p_1.30.24_LL3f_mi,2
257,170,134,223,670,362,308,0,1,2,p_1.30.24_LL3f_mi,2
258,165,127,217,684,354,330,0,1,2,p_1.30.24_LL3f_mi,2
259,179,137,226,653,331,322,0,1,2,p_1.30.24_LL3f_mi,2
260,175,132,228,654,329,325,0,1,2,p_1.30.24_LL3f_mi,2
261,182,137,234,632,310,322,0,1,2,p_1.30.24_LL3f_mi,2
262,174,132,221,669,322,347,0,1,2,p_1.30.24_LL3f_mi,2
263,174,143,219,673,323,350,0,1,2,p_1.30.24_LL3f_mi,2
264,177,143,229,653,309,344,0,1,2,p_1.30.24_LL3f_mi,2
265,172,135,223,665,327,338,0,1,2,p_1.30.24_LL3f_mi,2
266,166,137,215,685,338,347,0,1,2,p_1.30.24_LL3f_mi,2
267,177,142,227,657,312,345,0,1,2,p_1.30.24_LL3f_mi,2
268,181,141,228,645,313,332,0,1,2,p_1.30.24_LL3f_mi,2
269,174,131,229,651,318,333,0,1,2,p_1.30.24_LL3f_mi,2
270,181,141,231,638,317,321,0,1,2,p_1.30.24_LL3f_mi,2
271,167,130,225,661,337,324,0,1,2,p_1.30.24_LL3f_mi,2
272,175,132,223,666,346,320,0,1,2,p_1.30.24_LL3f_mi,2
273,172,131,221,673,349,324,0,1,2,p_1.30.24_LL3f_mi,2
274,166,132,227,657,328,329,0,1,2,p_1.30.24_LL3f_mi,2
275,178,135,222,677,354,323,0,1,2,p_1.30.24_LL3f_mi,2
276,159,127,203,718,376,342,0,1,2,p_1.30.24_LL3f_mi,2
277,169,131,220,675,348,327,0,1,2,p_1.30.24_LL3f_mi,2
278,167,126,216,687,334,353,0,1,2,p_1.30.24_LL3f_mi,2
279,174,130,219,678,338,340,0,1,2,p_1.30.24_LL3f_mi,2
280,168,141,220,679,335,344,0,1,2,p_1.30.24_LL3f_mi,2
281,167,125,218,682,343,339,0,1,2,p_1.30.24_LL3f_mi,2
282,183,139,228,651,329,322,0,1,2,p_1.30.24_LL3f_mi,2
283,181,139,232,633,307,326,0,1,2,p_1.30.24_LL3f_mi,2
284,177,128,228,648,311,337,0,1,2,p_1.30.24_LL3f_mi,2
285,176,138,228,646,323,323,0,1,2,p_1.30.24_LL3f_mi,2
286,191,148,233,629,318,311,0,1,2,p_1.30.24_LL3f_mi,2
287,174,145,222,670,335,335,0,1,2,p_1.30.24_LL3f_mi,2
288,168,141,220,676,329,347,0,1,2,p_1.30.24_LL3f_mi,2
289,169,137,221,676,315,361,0,1,2,p_1.30.24_LL3f_mi,2
290,175,131,220,673,328,345,0,1,2,p_1.30.24_LL3f_mi,2
291,178,144,230,642,310,332,0,1,2,p_1.30.24_LL3f_mi,2
292,180,142,226,663,331,332,0,1,2,p_1.30.24_LL3f_mi,2
293,169,131,225,663,342,321,0,1,2,p_1.30.24_LL3f_mi,2
294,169,133,225,664,351,313,0,1,2,p_1.30.24_LL3f_mi,2
295,173,134,230,653,326,327,0,1,2,p_1.30.24_LL3f_mi,2
296,169,138,212,697,355,342,0,1,2,p_1.30.24_LL3f_mi,2
297,172,130,216,680,344,336,0,1,2,p_1.30.24_LL3f_mi,2
298,174,142,221,675,349,326,0,1,2,p_1.30.24_LL3f_mi,2
299,172,131,222,668,338,330,0,1,2,p_1.30.24_LL3f_mi,2
300,175,129,228,656,342,314,0,1,2,p_1.30.24_LL3f_mi,2
301,172,129,216,692,348,344,0,1,2,p_1.30.24_LL3f_mi,2
302,175,135,224,667,324,343,0,1,2,p_1.30.24_LL3f_mi,2
303,184,139,229,646,330,316,0,1,2,p_1.30.24_LL3f_mi,2
304,169,129,212,698,368,330,0,1,2,p_1.30.24_LL3f_mi,2
305,172,140,222,674,354,320,0,1,2,p_1.30.24_LL3f_mi,2
306,171,129,227,663,329,334,0,1,2,p_1.30.24_LL3f_mi,2
307,182,136,237,619,311,308,0,1,2,p_1.30.24_LL3f_mi,2
308,182,130,226,656,328,328,0,1,2,p_1.30.24_LL3f_mi,2
309,175,142,224,666,330,336,0,1,2,p_1.30.24_LL3f_mi,2
310,183,147,228,651,328,323,0,1,2,p_1.30.24_LL3f_mi,2
311,177,137,226,654,315,339,0,1,2,p_1.30.24_LL3f_mi,2
312,182,143,232,640,309,331,0,1,2,p_1.30.24_LL3f_mi,2
313,164,133,221,672,319,353,0,1,2,p_1.30.24_LL3f_mi,2
314,167,134,211,699,345,354,0,1,2,p_1.30.24_LL3f_mi,2
315,181,139,225,654,324,330,0,1,2,p_1.30.24_LL3f_mi,2
316,180,135,227,646,311,335,0,1,2,p_1.30.24_LL3f_mi,2
317,182,135,234,633,300,333,0,1,2,p_1.30.24_LL3f_mi,2
318,182,135,228,657,319,338,0,1,2,p_1.30.24_LL3f_mi,2
319,168,136,217,688,322,366,0,1,2,p_1.30.24_LL3f_mi,2
320,178,137,228,653,312,341,0,1,2,p_1.30.24_LL3f_mi,2
321,175,145,225,650,306,344,0,1,2,p_1.30.24_LL3f_mi,2
322,185,140,231,640,284,356,0,1,2,p_1.30.24_LL3f_mi,2
323,180,134,227,655,296,359,0,1,2,p_1.30.24_LL3f_mi,2
324,182,142,234,629,292,337,0,1,2,p_1.30.24_LL3f_mi,2
325,181,141,229,655,316,339,0,1,2,p_1.30.24_LL3f_mi,2
326,155,131,199,731,362,369,0,1,2,p_1.30.24_LL3f_mi,2
327,166,132,218,680,337,343,0,1,2,p_1.30.24_LL3f_mi,2
328,167,124,222,670,337,333,0,1,2,p_1.30.24_LL3f_mi,2
329,175,141,224,670,326,344,0,1,2,p_1.30.24_LL3f_mi,2
330,175,141,217,680,330,350,0,1,2,p_1.30.24_LL3f_mi,2
331,164,128,214,693,340,353,0,1,2,p_1.30.24_LL3f_mi,2
332,174,135,222,665,329,336,0,1,2,p_1.30.24_LL3f_mi,2
333,180,141,224,668,334,334,0,1,2,p_1.30.24_LL3f_mi,2
334,175,130,228,648,321,327,0,1,2,p_1.30.24_LL3f_mi,2
335,180,138,225,651,306,345,0,1,2,p_1.30.24_LL3f_mi,2
336,178,138,232,641,314,327,0,1,2,p_1.30.24_LL3f_mi,2
337,170,138,217,686,340,346,0,1,2,p_1.30.24_LL3f_mi,2
338,168,135,222,669,326,343,0,1,2,p_1.30.24_LL3f_mi,2
339,168,133,220,674,329,345,0,1,2,p_1.30.24_LL3f_mi,2
340,180,141,232,636,305,331,0,1,2,p_1.30.24_LL3f_mi,2
341,175,140,227,658,314,344,0,1,2,p_1.30.24_LL3f_mi,2
342,176,144,225,660,318,342,0,1,2,p_1.30.24_LL3f_mi,2
343,183,141,226,659,341,318,0,1,2,p_1.30.24_LL3f_mi,2
344,169,136,228,656,345,311,0,1,2,p_1.30.24_LL3f_mi,2
345,179,140,224,663,335,328,0,1,2,p_1.30.24_LL3f_mi,2
346,178,141,220,678,337,341,0,1,2,p_1.30.24_LL3f_mi,2
347,173,138,224,660,319,341,0,1,2,p_1.30.24_LL3f_mi,2
348,181,142,230,647,304,343,0,1,2,p_1.30.24_LL3f_mi,2
349,177,139,222,668,309,359,0,1,2,p_1.30.24_LL3f_mi,2
350,162,130,215,689,333,356,0,1,2,p_1.30.24_LL3f_mi,2
1,9,8,10,636,314,322,0,1,3,p_1.30.24_LL3f_mi,2
2,95,84,124,856,422,434,0,1,3,p_1.30.24_LL3f_mi,2
3,140,116,185,761,362,399,0,1,3,p_1.30.24_LL3f_mi,2
4,163,131,212,707,354,353,0,1,3,p_1.30.24_LL3f_mi,2
5,172,139,217,681,345,336,0,1,3,p_1.30.24_LL3f_mi,2
6,184,146,230,642,305,337,0,1,3,p_1.30.24_LL3f_mi,2
7,180,138,227,661,324,337,0,1,3,p_1.30.24_LL3f_mi,2
8,170,132,221,671,313,358,0,1,3,p_1.30.24_LL3f_mi,2
9,176,135,226,655,313,342,0,1,3,p_1.30.24_LL3f_mi,2
10,173,134,225,659,314,345,0,1,3,p_1.30.24_LL3f_mi,2
11,184,142,226,652,307,345,0,1,3,p_1.30.24_LL3f_mi,2
12,173,137,220,676,324,352,0,1,3,p_1.30.24_LL3f_mi,2
13,177,137,235,629,313,316,0,1,3,p_1.30.24_LL3f_mi,2
14,173,140,219,678,342,336,0,1,3,p_1.30.24_LL3f_mi,2
15,166,141,212,703,343,360,0,1,3,p_1.30.24_LL3f_mi,2
16,184,136,230,653,324,329,0,1,3,p_1.30.24_LL3f_mi,2
17,178,139,227,654,320,334,0,1,3,p_1.30.24_LL3f_mi,2
18,173,139,217,687,329,358,0,1,3,p_1.30.24_LL3f_mi,2
19,176,141,225,660,304,356,0,1,3,p_1.30.24_LL3f_mi,2
20,178,140,226,656,295,361,0,1,3,p_1.30.24_LL3f_mi,2
21,178,142,222,670,303,367,0,1,3,p_1.30.24_LL3f_mi,2
22,168,131,218,682,332,350,0,1,3,p_1.30.24_LL3f_mi,2
23,168,141,218,680,337,343,0,1,3,p_1.30.24_LL3f_mi,2
24,172,147,223,664,332,332,0,1,3,p_1.30.24_LL3f_mi,2
25,178,141,230,644,320,324,0,1,3,p_1.30.24_LL3f_mi,2
26,155,120,207,705,364,341,0,1,3,p_1.30.24_LL3f_mi,2
27,165,129,221,671,332,339,0,1,3,p_1.30.24_LL3f_mi,2
28,174,135,221,669,332,337,0,1,3,p_1.30.24_LL3f_mi,2
29,170,139,219,677,353,324,0,1,3,p_1.30.24_LL3f_mi,2
30,183,134,232,641,339,302,0,1,3,p_1.30.24_LL3f_mi,2
31,179,133,226,657,351,306,0,1,3,p_1.30.24_LL3f_mi,2
32,175,126,223,663,344,319,0,1,3,p_1.30.24_LL3f_mi,2
33,167,135,216,690,342,348,0,1,3,p_1.30.24_LL3f_mi,2
34,172,135,227,658,316,342,0,1,3,p_1.30.24_LL3f_mi,2
35,169,139,221,668,319,349,0,1,3,p_1.30.24_LL3f_mi,2
36,175,138,222,670,326,344,0,1,3,p_1.30.24_LL3f_mi,2
37,176,139,224,668,319,349,0,1,3,p_1.30.24_LL3f_mi,2
38,175,130,220,669,335,334,0,1,3,p_1.30.24_LL3f_mi,2
39,169,134,224,666,327,339,0,1,3,p_1.30.24_LL3f_mi,2
40,174,138,225,664,330,334,0,1,3,p_1.30.24_LL3f_mi,2
41,189,142,235,632,309,323,0,1,3,p_1.30.24_LL3f_mi,2
42,180,143,228,650,316,334,0,1,3,p_1.30.24_LL3f_mi,2
43,172,128,215,684,342,342,0,1,3,p_1.30.24_LL3f_mi,2
44,181,146,225,657,327,330,0,1,3,p_1.30.24_LL3f_mi,2
45,180,132,232,637,324,313,0,1,3,p_1.30.24_LL3f_mi,2
46,180,142,228,653,320,333,0,1,3,p_1.30.24_LL3f_mi,2
47,174,139,226,656,328,328,0,1,3,p_1.30.24_LL3f_mi,2
48,169,134,221,674,331,343,0,1,3,p_1.30.24_LL3f_mi,2
49,176,145,222,673,315,358,0,1,3,p_1.30.24_LL3f_mi,2
50,169,132,211,706,351,355,0,1,3,p_1.30.24_LL3f_mi,2
51,162,130,200,730,368,362,0,1,3,p_1.30.24_LL3f_mi,2
52,176,132,226,656,339,317,0,1,3,p_1.30.24_LL3f_mi,2
53,180,137,232,640,338,302,0,1,3,p_1.30.24_LL3f_mi,2
54,179,137,229,654,338,316,0,1,3,p_1.30.24_LL3f_mi,2
55,170,137,220,679,350,329,0,1,3,p_1.30.24_LL3f_mi,2
56,167,128,218,682,346,336,0,1,3,p_1.30.24_LL3f_mi,2
57,172,135,220,672,347,325,0,1,3,p_1.30.24_LL3f_mi,2
58,177,141,224,662,336,326,0,1,3,p_1.30.24_LL3f_mi,2
59,181,146,230,651,330,321,0,1,3,p_1.30.24_LL3f_mi,2
60,179,134,229,647,323,324,0,1,3,p_1.30.24_LL3f_mi,2
61,169,134,221,671,331,340,0,1,3,p_1.30.24_LL3f_mi,2
62,165,135,215,696,331,365,0,1,3,p_1.30.24_LL3f_mi,2
63,176,136,227,648,316,332,0,1,3,p_1.30.24_LL3f_mi,2
64,185,136,229,647,320,327,0,1,3,p_1.30.24_LL3f_mi,2
65,170,131,218,685,348,337,0,1,3,p_1.30.24_LL3f_mi,2
66,168,133,219,680,360,320,0,1,3,p_1.30.24_LL3f_mi,2
67,175,134,227,656,351,305,0,1,3,p_1.30.24_LL3f_mi,2
68,181,132,236,627,322,305,0,1,3,p_1.30.24_LL3f_mi,2
69,179,133,229,657,344,313,0,1,3,p_1.30.24_LL3f_mi,2
70,182,142,223,663,334,329,0,1,3,p_1.30.24_LL3f_mi,2
71,181,137,232,633,325,308,0,1,3,p_1.30.24_LL3f_mi,2
72,174,136,227,653,331,322,0,1,3,p_1.30.24_LL3f_mi,2
73,166,127,212,694,340,354,0,1,3,p_1.30.24_LL3f_mi,2
74,176,137,221,678,334,344,0,1,3,p_1.30.24_LL3f_mi,2
75,163,134,219,677,329,348,0,1,3,p_1.30.24_LL3f_mi,2
76,164,131,206,713,353,360,0,1,3,p_1.30.24_LL3f_mi,2
77,182,144,231,641,297,344,0,1,3,p_1.30.24_LL3f_mi,2
78,177,139,229,650,306,344,0,1,3,p_1.30.24_LL3f_mi,2
79,180,143,223,665,324,341,0,1,3,p_1.30.24_LL3f_mi,2
80,174,137,224,663,322,341,0,1,3,p_1.30.24_LL3f_mi,2
81,177,130,227,657,339,318,0,1,3,p_1.30.24_LL3f_mi,2
82,174,137,226,657,335,322,0,1,3,p_1.30.24_LL3f_mi,2
83,172,132,216,685,332,353,0,1,3,p_1.30.24_LL3f_mi,2
84,171,135,226,657,333,324,0,1,3,p_1.30.24_LL3f_mi,2
85,186,145,229,651,323,328,0,1,3,p_1.30.24_LL3f_mi,2
86,177,136,224,665,342,323,0,1,3,p_1.30.24_LL3f_mi,2
87,169,136,221,675,335,340,0,1,3,p_1.30.24_LL3f_mi,2
88,165,132,216,683,323,360,0,1,3,p_1.30.24_LL3f_mi,2
89,181,134,224,667,326,341,0,1,3,p_1.30.24_LL3f_mi,2
90,172,134,217,683,343,340,0,1,3,p_1.30.24_LL3f_mi,2
91,174,137,220,678,340,338,0,1,3,p_1.30.24_LL3f_mi,2
92,173,129,223,671,348,323,0,1,3,p_1.30.24_LL3f_mi,2
93,178,131,221,676,368,308,0,1,3,p_1.30.24_LL3f_mi,2
94,174,134,220,673,343,330,0,1,3,p_1.30.24_LL3f_mi,2
95,172,138,224,668,336,332,0,1,3,p_1.30.24_LL3f_mi,2
96,175,135,222,672,325,347,0,1,3,p_1.30.24_LL3f_mi,2
97,176,146,221,672,320,352,0,1,3,p_1.30.24_LL3f_mi,2
98,183,140,228,655,323,332,0,1,3,p_1.30.24_LL3f_mi,2
99,178,135,234,639,316,323,0,1,3,p_1.30.24_LL3f_mi,2
100,154,124,199,643,327,316,0,1,3,p_1.30.24_LL3f_mi,2
101,106,91,143,682,340,342,0,1,3,p_1.30.24_LL3f_mi,2
102,119,99,153,584,282,302,0,1,3,p_1.30.24_LL3f_mi,2
103,108,90,141,533,264,269,0,1,3,p_1.30.24_LL3f_mi,2
104,101,85,127,480,252,228,0,1,3,p_1.30.24_LL3f_mi,2
105,90,71,112,428,222,206,0,1,3,p_1.30.24_LL3f_mi,2
106,70,59,92,390,206,184,0,1,3,p_1.30.24_LL3f_mi,2
107,59,52,73,346,176,170,0,1,3,p_1.30.24_LL3f_mi,2
108,47,41,62,294,160,134,0,1,3,p_1.30.24_LL3f_mi,2
109,31,26,40,257,144,113,0,1,3,p_1.30.24_LL3f_mi,2
110,26,23,31,214,116,98,0,1,3,p_1.30.24_LL3f_mi,2
111,29,20,38,163,91,72,0,1,3,p_1.30.24_LL3f_mi,2
112,26,19,37,126,62,64,0,1,3,p_1.30.24_LL3f_mi,2
113,29,27,37,123,63,60,0,1,3,p_1.30.24_LL3f_mi,2
114,31,26,37,127,60,67,0,1,3,p_1.30.24_LL3f_mi,2
115,28,23,36,119,60,59,0,1,3,p_1.30.24_LL3f_mi,2
116,29,20,35,116,58,58,0,1,3,p_1.30.24_LL3f_mi,2
117,24,20,34,108,56,52,0,1,3,p_1.30.24_LL3f_mi,2
118,28,21,35,115,61,54,0,1,3,p_1.30.24_LL3f_mi,2
119,26,19,35,101,53,48,0,1,3,p_1.30.24_LL3f_mi,2
120,24,20,33,97,55,42,0,1,3,p_1.30.24_LL3f_mi,2
121,25,20,32,91,53,38,0,1,3,p_1.30.24_LL3f_mi,2
122,25,19,32,96,48,48,0,1,3,p_1.30.24_LL3f_mi,2
123,20,16,27,86,40,46,0,1,3,p_1.30.24_LL3f_mi,2
124,20,16,29,80,41,39,0,1,3,p_1.30.24_LL3f_mi,2
125,27,22,35,112,51,61,17,1,3,p_1.30.24_LL3f_mi,2
126,27,21,34,114,52,62,8,1,3,p_1.30.24_LL3f_mi,2
127,26,21,35,112,56,56,4,1,3,p_1.30.24_LL3f_mi,2
128,30,21,35,104,56,48,1,1,3,p_1.30.24_LL3f_mi,2
129,27,19,33,105,62,43,1,1,3,p_1.30.24_LL3f_mi,2
130,26,20,34,102,62,40,1,1,3,p_1.30.24_LL3f_mi,2
131,27,22,35,100,51,49,0,1,3,p_1.30.24_LL3f_mi,2
132,24,21,33,101,45,56,0,1,3,p_1.30.24_LL3f_mi,2
133,26,22,34,105,43,62,0,1,3,p_1.30.24_LL3f_mi,2
134,26,24,33,99,46,53,0,1,3,p_1.30.24_LL3f_mi,2
135,26,22,34,104,41,63,0,1,3,p_1.30.24_LL3f_mi,2
136,26,20,34,101,44,57,0,1,3,p_1.30.24_LL3f_mi,2
137,31,24,36,104,46,58,0,1,3,p_1.30.24_LL3f_mi,2
138,28,20,34,105,48,57,0,1,3,p_1.30.24_LL3f_mi,2
139,24,21,33,111,45,66,0,1,3,p_1.30.24_LL3f_mi,2
140,28,23,38,134,59,75,20,1,3,p_1.30.24_LL3f_mi,2
141,30,22,35,123,50,73,12,1,3,p_1.30.24_LL3f_mi,2
142,28,20,36,111,49,62,5,1,3,p_1.30.24_LL3f_mi,2
143,28,22,35,107,48,59,1,1,3,p_1.30.24_LL3f_mi,2
144,28,21,32,99,42,57,0,1,3,p_1.30.24_LL3f_mi,2
145,26,23,31,90,38,52,0,1,3,p_1.30.24_LL3f_mi,2
146,28,23,34,94,35,59,0,1,3,p_1.30.24_LL3f_mi,2
147,23,17,32,99,40,59,0,1,3,p_1.30.24_LL3f_mi,2
148,24,17,31,94,38,56,0,1,3,p_1.30.24_LL3f_mi,2
149,27,27,34,98,41,57,0,1,3,p_1.30.24_LL3f_mi,2
150,27,22,33,98,41,57,0,1,3,p_1.30.24_LL3f_mi,2
151,43,33,66,110,44,66,0,1,3,p_1.30.24_LL3f_mi,2
152,57,39,91,134,58,76,0,1,3,p_1.30.24_LL3f_mi,2
153,79,57,117,185,82,103,0,1,3,p_1.30.24_LL3f_mi,2
154,103,71,141,243,112,131,0,1,3,p_1.30.24_LL3f_mi,2
155,125,87,163,327,157,170,18,1,3,p_1.30.24_LL3f_mi,2
156,140,103,179,396,177,219,8,1,3,p_1.30.24_LL3f_mi,2
157,151,112,192,456,215,241,7,1,3,p_1.30.24_LL3f_mi,2
158,166,119,211,500,236,264,6,1,3,p_1.30.24_LL3f_mi,2
159,167,127,227,546,271,275,1,1,3,p_1.30.24_LL3f_mi,2
160,193,135,243,589,301,288,1,1,3,p_1.30.24_LL3f_mi,2
161,177,134,228,645,335,310,0,1,3,p_1.30.24_LL3f_mi,2
162,160,131,208,705,374,331,0,1,3,p_1.30.24_LL3f_mi,2
163,177,136,230,645,326,319,0,1,3,p_1.30.24_LL3f_mi,2
164,174,136,226,657,309,348,0,1,3,p_1.30.24_LL3f_mi,2
165,184,140,232,649,309,340,0,1,3,p_1.30.24_LL3f_mi,2
166,178,141,226,661,326,335,0,1,3,p_1.30.24_LL3f_mi,2
167,179,137,229,656,346,310,0,1,3,p_1.30.24_LL3f_mi,2
168,171,139,228,648,329,319,0,1,3,p_1.30.24_LL3f_mi,2
169,175,144,216,685,330,355,0,1,3,p_1.30.24_LL3f_mi,2
170,163,131,212,696,334,362,18,1,3,p_1.30.24_LL3f_mi,2
171,185,146,230,638,314,324,9,1,3,p_1.30.24_LL3f_mi,2
172,174,141,227,651,323,328,4,1,3,p_1.30.24_LL3f_mi,2
173,172,137,222,670,332,338,3,1,3,p_1.30.24_LL3f_mi,2
174,169,135,221,676,324,352,0,1,3,p_1.30.24_LL3f_mi,2
175,176,136,222,671,331,340,0,1,3,p_1.30.24_LL3f_mi,2
176,163,126,205,711,348,363,0,1,3,p_1.30.24_LL3f_mi,2
177,173,131,225,664,336,328,0,1,3,p_1.30.24_LL3f_mi,2
178,169,139,224,662,344,318,0,1,3,p_1.30.24_LL3f_mi,2
179,181,131,224,668,331,337,0,1,3,p_1.30.24_LL3f_mi,2
180,166,134,223,671,325,346,0,1,3,p_1.30.24_LL3f_mi,2
181,173,141,223,664,303,361,0,1,3,p_1.30.24_LL3f_mi,2
182,174,137,224,661,302,359,0,1,3,p_1.30.24_LL3f_mi,2
183,174,135,226,653,297,356,0,1,3,p_1.30.24_LL3f_mi,2
184,174,132,222,668,315,353,0,1,3,p_1.30.24_LL3f_mi,2
185,177,137,220,673,317,356,0,1,3,p_1.30.24_LL3f_mi,2
186,183,146,229,648,310,338,0,1,3,p_1.30.24_LL3f_mi,2
187,172,133,217,677,340,337,0,1,3,p_1.30.24_LL3f_mi,2
188,176,134,223,665,326,339,0,1,3,p_1.30.24_LL3f_mi,2
189,177,141,222,669,334,335,0,1,3,p_1.30.24_LL3f_mi,2
190,185,142,230,656,309,347,0,1,3,p_1.30.24_LL3f_mi,2
191,191,148,226,651,306,345,0,1,3,p_1.30.24_LL3f_mi,2
192,171,127,222,669,308,361,0,1,3,p_1.30.24_LL3f_mi,2
193,173,133,228,654,312,342,0,1,3,p_1.30.24_LL3f_mi,2
194,172,134,219,679,331,348,0,1,3,p_1.30.24_LL3f_mi,2
195,184,143,228,650,319,331,0,1,3,p_1.30.24_LL3f_mi,2
196,173,137,219,676,328,348,0,1,3,p_1.30.24_LL3f_mi,2
197,170,133,218,672,335,337,0,1,3,p_1.30.24_LL3f_mi,2
198,182,146,227,660,334,326,0,1,3,p_1.30.24_LL3f_mi,2
199,171,131,219,680,359,321,0,1,3,p_1.30.24_LL3f_mi,2
200,179,140,231,645,322,323,0,1,3,p_1.30.24_LL3f_mi,2
201,167,126,209,704,352,352,0,1,3,p_1.30.24_LL3f_mi,2
202,177,135,224,662,329,333,0,1,3,p_1.30.24_LL3f_mi,2
203,177,133,231,641,312,329,0,1,3,p_1.30.24_LL3f_mi,2
204,169,130,217,685,346,339,0,1,3,p_1.30.24_LL3f_mi,2
205,171,133,223,671,334,337,0,1,3,p_1.30.24_LL3f_mi,2
206,179,147,228,664,335,329,0,1,3,p_1.30.24_LL3f_mi,2
207,171,131,230,645,303,342,0,1,3,p_1.30.24_LL3f_mi,2
208,168,132,215,686,331,355,0,1,3,p_1.30.24_LL3f_mi,2
209,182,145,225,664,327,337,0,1,3,p_1.30.24_LL3f_mi,2
210,177,137,223,668,339,329,0,1,3,p_1.30.24_LL3f_mi,2
211,174,143,223,666,336,330,0,1,3,p_1.30.24_LL3f_mi,2
212,180,133,225,665,347,318,0,1,3,p_1.30.24_LL3f_mi,2
213,168,129,218,679,374,305,0,1,3,p_1.30.24_LL3f_mi,2
214,171,134,220,677,364,313,0,1,3,p_1.30.24_LL3f_mi,2
215,173,132,223,659,333,326,0,1,3,p_1.30.24_LL3f_mi,2
216,173,137,221,671,340,331,0,1,3,p_1.30.24_LL3f_mi,2
217,182,134,232,634,307,327,0,1,3,p_1.30.24_LL3f_mi,2
218,170,133,220,671,331,340,0,1,3,p_1.30.24_LL3f_mi,2
219,176,132,223,665,328,337,0,1,3,p_1.30.24_LL3f_mi,2
220,169,136,219,674,331,343,0,1,3,p_1.30.24_LL3f_mi,2
221,182,140,225,661,342,319,0,1,3,p_1.30.24_LL3f_mi,2
222,175,134,220,674,346,328,0,1,3,p_1.30.24_LL3f_mi,2
223,184,142,232,634,329,305,0,1,3,p_1.30.24_LL3f_mi,2
224,168,122,214,693,346,347,0,1,3,p_1.30.24_LL3f_mi,2
225,171,135,224,665,324,341,0,1,3,p_1.30.24_LL3f_mi,2
226,150,126,201,726,362,364,0,1,3,p_1.30.24_LL3f_mi,2
227,168,131,221,677,350,327,0,1,3,p_1.30.24_LL3f_mi,2
228,180,139,231,650,347,303,0,1,3,p_1.30.24_LL3f_mi,2
229,173,128,226,662,351,311,0,1,3,p_1.30.24_LL3f_mi,2
230,186,132,232,634,328,306,0,1,3,p_1.30.24_LL3f_mi,2
231,170,130,220,671,346,325,0,1,3,p_1.30.24_LL3f_mi,2
232,178,137,228,657,337,320,0,1,3,p_1.30.24_LL3f_mi,2
233,168,129,222,666,346,320,0,1,3,p_1.30.24_LL3f_mi,2
234,181,140,232,640,334,306,0,1,3,p_1.30.24_LL3f_mi,2
235,177,136,226,663,352,311,0,1,3,p_1.30.24_LL3f_mi,2
236,166,121,221,682,341,341,0,1,3,p_1.30.24_LL3f_mi,2
237,174,135,224,665,332,333,0,1,3,p_1.30.24_LL3f_mi,2
238,182,147,232,639,321,318,0,1,3,p_1.30.24_LL3f_mi,2
239,176,135,227,652,323,329,0,1,3,p_1.30.24_LL3f_mi,2
240,175,133,225,658,333,325,0,1,3,p_1.30.24_LL3f_mi,2
241,169,135,217,677,336,341,0,1,3,p_1.30.24_LL3f_mi,2
242,173,137,221,670,333,337,0,1,3,p_1.30.24_LL3f_mi,2
243,171,131,216,687,334,353,0,1,3,p_1.30.24_LL3f_mi,2
244,189,141,232,645,322,323,0,1,3,p_1.30.24_LL3f_mi,2
245,174,132,229,647,315,332,0,1,3,p_1.30.24_LL3f_mi,2
246,166,138,220,675,314,361,0,1,3,p_1.30.24_LL3f_mi,2
247,176,136,227,655,302,353,0,1,3,p_1.30.24_LL3f_mi,2
248,167,128,217,681,323,358,0,1,3,p_1.30.24_LL3f_mi,2
249,169,135,221,676,337,339,0,1,3,p_1.30.24_LL3f_mi,2
250,173,131,221,673,343,330,0,1,3,p_1.30.24_LL3f_mi,2
251,160,130,209,709,353,356,0,1,3,p_1.30.24_LL3f_mi,2
252,180,143,228,658,322,336,0,1,3,p_1.30.24_LL3f_mi,2
253,180,134,227,660,324,336,0,1,3,p_1.30.24_LL3f_mi,2
254,175,136,224,665,327,338,0,1,3,p_1.30.24_LL3f_mi,2
255,163,134,218,683,326,357,0,1,3,p_1.30.24_LL3f_mi,2
256,167,130,222,675,327,348,0,1,3,p_1.30.24_LL3f_mi,2
257,183,135,232,636,317,319,0,1,3,p_1.30.24_LL3f_mi,2
258,174,139,228,645,329,316,0,1,3,p_1.30.24_LL3f_mi,2
259,168,127,224,665,351,314,0,1,3,p_1.30.24_LL3f_mi,2
260,163,128,218,677,355,322,0,1,3,p_1.30.24_LL3f_mi,2
261,178,135,225,657,330,327,0,1,3,p_1.30.24_LL3f_mi,2
262,175,133,227,658,333,325,0,1,3,p_1.30.24_LL3f_mi,2
263,168,134,215,689,351,338,0,1,3,p_1.30.24_LL3f_mi,2
264,175,130,225,656,334,322,0,1,3,p_1.30.24_LL3f_mi,2
265,181,139,226,657,324,333,0,1,3,p_1.30.24_LL3f_mi,2
266,177,143,229,654,330,324,0,1,3,p_1.30.24_LL3f_mi,2
267,173,130,216,687,344,343,0,1,3,p_1.30.24_LL3f_mi,2
268,178,137,225,659,325,334,0,1,3,p_1.30.24_LL3f_mi,2
269,173,127,220,675,340,335,0,1,3,p_1.30.24_LL3f_mi,2
270,174,136,222,667,317,350,0,1,3,p_1.30.24_LL3f_mi,2
271,174,135,222,673,314,359,0,1,3,p_1.30.24_LL3f_mi,2
272,175,143,224,667,313,354,0,1,3,p_1.30.24_LL3f_mi,2
273,172,132,224,659,324,335,0,1,3,p_1.30.24_LL3f_mi,2
274,176,137,223,663,336,327,0,1,3,p_1.30.24_LL3f_mi,2
275,170,132,225,660,324,336,0,1,3,p_1.30.24_LL3f_mi,2
276,159,129,202,715,342,373,0,1,3,p_1.30.24_LL3f_mi,2
277,192,140,237,621,291,330,0,1,3,p_1.30.24_LL3f_mi,2
278,167,131,221,664,327,337,0,1,3,p_1.30.24_LL3f_mi,2
279,174,133,231,644,321,323,0,1,3,p_1.30.24_LL3f_mi,2
280,174,138,224,665,347,318,0,1,3,p_1.30.24_LL3f_mi,2
281,171,133,227,654,338,316,0,1,3,p_1.30.24_LL3f_mi,2
282,175,139,219,680,362,318,0,1,3,p_1.30.24_LL3f_mi,2
283,170,127,222,670,340,330,0,1,3,p_1.30.24_LL3f_mi,2
284,178,134,223,667,335,332,0,1,3,p_1.30.24_LL3f_mi,2
285,180,129,227,664,344,320,0,1,3,p_1.30.24_LL3f_mi,2
286,177,147,221,673,360,313,0,1,3,p_1.30.24_LL3f_mi,2
287,173,136,223,667,349,318,0,1,3,p_1.30.24_LL3f_mi,2
288,179,136,225,660,337,323,0,1,3,p_1.30.24_LL3f_mi,2
289,172,135,227,658,327,331,0,1,3,p_1.30.24_LL3f_mi,2
290,168,130,214,685,338,347,0,1,3,p_1.30.24_LL3f_mi,2
291,167,134,209,705,349,356,0,1,3,p_1.30.24_LL3f_mi,2
292,165,132,220,678,341,337,0,1,3,p_1.30.24_LL3f_mi,2
293,177,134,226,658,340,318,0,1,3,p_1.30.24_LL3f_mi,2
294,181,139,230,643,326,317,0,1,3,p_1.30.24_LL3f_mi,2
295,179,141,221,668,336,332,0,1,3,p_1.30.24_LL3f_mi,2
296,179,141,230,642,325,317,0,1,3,p_1.30.24_LL3f_mi,2
297,180,145,226,656,332,324,0,1,3,p_1.30.24_LL3f_mi,2
298,179,144,226,660,342,318,0,1,3,p_1.30.24_LL3f_mi,2
299,176,144,226,653,320,333,0,1,3,p_1.30.24_LL3f_mi,2
300,174,142,224,661,323,338,0,1,3,p_1.30.24_LL3f_mi,2
301,155,128,204,710,361,349,0,1,3,p_1.30.24_LL3f_mi,2
302,189,144,233,637,331,306,0,1,3,p_1.30.24_LL3f_mi,2
303,188,135,233,634,344,290,0,1,3,p_1.30.24_LL3f_mi,2
304,177,140,228,652,336,316,0,1,3,p_1.30.24_LL3f_mi,2
305,161,128,216,691,362,329,0,1,3,p_1.30.24_LL3f_mi,2
306,175,133,222,671,343,328,0,1,3,p_1.30.24_LL3f_mi,2
307,165,129,217,678,330,348,0,1,3,p_1.30.24_LL3f_mi,2
308,175,143,225,660,316,344,0,1,3,p_1.30.24_LL3f_mi,2
309,163,135,205,710,341,369,0,1,3,p_1.30.24_LL3f_mi,2
310,168,140,221,680,332,348,0,1,3,p_1.30.24_LL3f_mi,2
311,183,136,233,637,320,317,0,1,3,p_1.30.24_LL3f_mi,2
312,181,145,228,646,329,317,0,1,3,p_1.30.24_LL3f_mi,2
313,176,129,227,648,322,326,0,1,3,p_1.30.24_LL3f_mi,2
314,161,130,208,705,350,355,0,1,3,p_1.30.24_LL3f_mi,2
315,174,142,224,666,326,340,0,1,3,p_1.30.24_LL3f_mi,2
316,175,130,224,659,320,339,0,1,3,p_1.30.24_LL3f_mi,2
317,171,136,222,667,317,350,0,1,3,p_1.30.24_LL3f_mi,2
318,181,144,232,637,307,330,0,1,3,p_1.30.24_LL3f_mi,2
319,178,137,233,639,318,321,0,1,3,p_1.30.24_LL3f_mi,2
320,178,139,224,665,336,329,0,1,3,p_1.30.24_LL3f_mi,2
321,175,134,223,667,323,344,0,1,3,p_1.30.24_LL3f_mi,2
322,170,136,229,650,320,330,0,1,3,p_1.30.24_LL3f_mi,2
323,178,137,226,656,315,341,0,1,3,p_1.30.24_LL3f_mi,2
324,186,141,230,643,320,323,0,1,3,p_1.30.24_LL3f_mi,2
325,179,141,232,640,314,326,0,1,3,p_1.30.24_LL3f_mi,2
326,170,138,220,684,332,352,0,1,3,p_1.30.24_LL3f_mi,2
327,176,142,227,654,326,328,0,1,3,p_1.30.24_LL3f_mi,2
328,172,139,225,670,324,346,0,1,3,p_1.30.24_LL3f_mi,2
329,173,133,224,667,337,330,0,1,3,p_1.30.24_LL3f_mi,2
330,176,136,228,658,317,341,0,1,3,p_1.30.24_LL3f_mi,2
331,171,133,224,661,319,342,0,1,3,p_1.30.24_LL3f_mi,2
332,172,139,225,666,311,355,0,1,3,p_1.30.24_LL3f_mi,2
333,170,131,215,687,314,373,0,1,3,p_1.30.24_LL3f_mi,2
334,170,128,222,671,308,363,0,1,3,p_1.30.24_LL3f_mi,2
335,176,128,217,685,325,360,0,1,3,p_1.30.24_LL3f_mi,2
336,177,136,225,659,322,337,0,1,3,p_1.30.24_LL3f_mi,2
337,171,134,226,655,340,315,0,1,3,p_1.30.24_LL3f_mi,2
338,178,135,226,662,324,338,0,1,3,p_1.30.24_LL3f_mi,2
339,165,123,216,687,352,335,0,1,3,p_1.30.24_LL3f_mi,2
340,172,132,214,687,348,339,0,1,3,p_1.30.24_LL3f_mi,2
341,171,132,222,668,342,326,0,1,3,p_1.30.24_LL3f_mi,2
342,173,133,220,674,349,325,0,1,3,p_1.30.24_LL3f_mi,2
343,185,139,229,649,334,315,0,1,3,p_1.30.24_LL3f_mi,2
344,175,126,227,659,343,316,0,1,3,p_1.30.24_LL3f_mi,2
345,185,136,226,658,352,306,0,1,3,p_1.30.24_LL3f_mi,2
346,176,129,226,649,337,312,0,1,3,p_1.30.24_LL3f_mi,2
347,167,139,225,665,335,330,0,1,3,p_1.30.24_LL3f_mi,2
348,176,135,223,665,334,331,0,1,3,p_1.30.24_LL3f_mi,2
349,183,144,229,650,321,329,0,1,3,p_1.30.24_LL3f_mi,2
350,170,135,216,681,334,347,0,1,3,p_1.30.24_LL3f_mi,2
1,2,2,3,630,294,336,0,1,4,p_1.30.24_LL3f_mi,2
2,103,93,130,846,407,439,0,1,4,p_1.30.24_LL3f_mi,2
3,127,110,161,805,382,423,0,1,4,p_1.30.24_LL3f_mi,2
4,158,127,203,720,338,382,0,1,4,p_1.30.24_LL3f_mi,2
5,174,136,228,648,325,323,0,1,4,p_1.30.24_LL3f_mi,2
6,180,144,234,631,301,330,0,1,4,p_1.30.24_LL3f_mi,2
7,175,139,224,669,332,337,0,1,4,p_1.30.24_LL3f_mi,2
8,166,133,221,679,335,344,0,1,4,p_1.30.24_LL3f_mi,2
9,178,139,227,653,316,337,0,1,4,p_1.30.24_LL3f_mi,2
10,170,138,225,660,328,332,0,1,4,p_1.30.24_LL3f_mi,2
11,172,129,221,670,350,320,0,1,4,p_1.30.24_LL3f_mi,2
12,166,131,224,667,333,334,0,1,4,p_1.30.24_LL3f_mi,2
13,173,143,220,679,336,343,0,1,4,p_1.30.24_LL3f_mi,2
14,176,135,216,692,354,338,0,1,4,p_1.30.24_LL3f_mi,2
15,173,138,224,659,330,329,0,1,4,p_1.30.24_LL3f_mi,2
16,179,139,226,658,329,329,0,1,4,p_1.30.24_LL3f_mi,2
17,166,137,223,665,329,336,0,1,4,p_1.30.24_LL3f_mi,2
18,178,133,229,648,322,326,0,1,4,p_1.30.24_LL3f_mi,2
19,167,124,222,667,341,326,0,1,4,p_1.30.24_LL3f_mi,2
20,173,127,221,674,340,334,0,1,4,p_1.30.24_LL3f_mi,2
21,179,140,228,660,340,320,0,1,4,p_1.30.24_LL3f_mi,2
22,181,140,224,664,343,321,0,1,4,p_1.30.24_LL3f_mi,2
23,178,146,230,644,328,316,0,1,4,p_1.30.24_LL3f_mi,2
24,168,128,219,680,348,332,0,1,4,p_1.30.24_LL3f_mi,2
25,162,132,212,689,364,325,0,1,4,p_1.30.24_LL3f_mi,2
26,142,119,199,727,383,344,0,1,4,p_1.30.24_LL3f_mi,2
27,170,129,222,669,361,308,0,1,4,p_1.30.24_LL3f_mi,2
28,179,137,229,650,335,315,0,1,4,p_1.30.24_LL3f_mi,2
29,170,131,226,658,325,333,0,1,4,p_1.30.24_LL3f_mi,2
30,175,139,218,678,333,345,0,1,4,p_1.30.24_LL3f_mi,2
31,179,129,228,656,309,347,0,1,4,p_1.30.24_LL3f_mi,2
32,174,132,222,672,328,344,0,1,4,p_1.30.24_LL3f_mi,2
33,181,138,232,642,310,332,0,1,4,p_1.30.24_LL3f_mi,2
34,176,133,227,662,311,351,0,1,4,p_1.30.24_LL3f_mi,2
35,173,139,220,677,307,370,0,1,4,p_1.30.24_LL3f_mi,2
36,174,138,222,670,323,347,0,1,4,p_1.30.24_LL3f_mi,2
37,174,134,227,658,319,339,0,1,4,p_1.30.24_LL3f_mi,2
38,174,134,226,652,331,321,0,1,4,p_1.30.24_LL3f_mi,2
39,166,135,218,680,344,336,0,1,4,p_1.30.24_LL3f_mi,2
40,177,128,224,668,326,342,0,1,4,p_1.30.24_LL3f_mi,2
41,168,132,224,668,332,336,0,1,4,p_1.30.24_LL3f_mi,2
42,173,132,226,659,328,331,0,1,4,p_1.30.24_LL3f_mi,2
43,176,140,225,657,349,308,0,1,4,p_1.30.24_LL3f_mi,2
44,168,132,219,682,363,319,0,1,4,p_1.30.24_LL3f_mi,2
45,169,127,218,681,361,320,0,1,4,p_1.30.24_LL3f_mi,2
46,171,128,220,676,350,326,0,1,4,p_1.30.24_LL3f_mi,2
47,166,135,214,689,351,338,0,1,4,p_1.30.24_LL3f_mi,2
48,178,137,226,662,331,331,0,1,4,p_1.30.24_LL3f_mi,2
49,175,143,221,672,328,344,0,1,4,p_1.30.24_LL3f_mi,2
50,167,131,217,688,349,339,0,1,4,p_1.30.24_LL3f_mi,2
51,160,123,207,711,357,354,0,1,4,p_1.30.24_LL3f_mi,2
52,175,127,229,645,330,315,0,1,4,p_1.30.24_LL3f_mi,2
53,173,129,225,664,319,345,0,1,4,p_1.30.24_LL3f_mi,2
54,174,138,228,646,313,333,0,1,4,p_1.30.24_LL3f_mi,2
55,176,134,223,665,323,342,0,1,4,p_1.30.24_LL3f_mi,2
56,172,139,224,661,325,336,0,1,4,p_1.30.24_LL3f_mi,2
57,169,134,219,680,353,327,0,1,4,p_1.30.24_LL3f_mi,2
58,169,132,219,681,358,323,0,1,4,p_1.30.24_LL3f_mi,2
59,172,134,219,675,357,318,0,1,4,p_1.30.24_LL3f_mi,2
60,179,136,231,643,327,316,0,1,4,p_1.30.24_LL3f_mi,2
61,179,138,227,652,335,317,0,1,4,p_1.30.24_LL3f_mi,2
62,160,125,212,688,356,332,0,1,4,p_1.30.24_LL3f_mi,2
63,170,135,218,683,341,342,0,1,4,p_1.30.24_LL3f_mi,2
64,175,144,226,651,325,326,0,1,4,p_1.30.24_LL3f_mi,2
65,176,136,225,662,353,309,0,1,4,p_1.30.24_LL3f_mi,2
66,165,129,219,676,366,310,0,1,4,p_1.30.24_LL3f_mi,2
67,188,137,230,646,338,308,0,1,4,p_1.30.24_LL3f_mi,2
68,165,132,217,676,339,337,0,1,4,p_1.30.24_LL3f_mi,2
69,179,136,227,656,317,339,0,1,4,p_1.30.24_LL3f_mi,2
70,180,141,227,654,304,350,0,1,4,p_1.30.24_LL3f_mi,2
71,175,140,226,657,314,343,0,1,4,p_1.30.24_LL3f_mi,2
72,174,134,230,642,292,350,0,1,4,p_1.30.24_LL3f_mi,2
73,176,141,229,650,305,345,0,1,4,p_1.30.24_LL3f_mi,2
74,167,131,223,667,327,340,0,1,4,p_1.30.24_LL3f_mi,2
75,176,140,222,672,349,323,0,1,4,p_1.30.24_LL3f_mi,2
76,160,126,203,717,369,348,0,1,4,p_1.30.24_LL3f_mi,2
77,171,137,223,667,349,318,0,1,4,p_1.30.24_LL3f_mi,2
78,179,139,228,650,344,306,0,1,4,p_1.30.24_LL3f_mi,2
79,174,133,224,661,329,332,0,1,4,p_1.30.24_LL3f_mi,2
80,163,134,209,701,357,344,0,1,4,p_1.30.24_LL3f_mi,2
81,186,138,230,649,337,312,0,1,4,p_1.30.24_LL3f_mi,2
82,177,135,223,666,339,327,0,1,4,p_1.30.24_LL3f_mi,2
83,178,141,221,675,342,333,0,1,4,p_1.30.24_LL3f_mi,2
84,176,140,222,663,333,330,0,1,4,p_1.30.24_LL3f_mi,2
85,166,137,219,672,327,345,0,1,4,p_1.30.24_LL3f_mi,2
86,179,136,224,658,331,327,0,1,4,p_1.30.24_LL3f_mi,2
87,174,136,223,669,349,320,0,1,4,p_1.30.24_LL3f_mi,2
88,175,139,228,647,328,319,0,1,4,p_1.30.24_LL3f_mi,2
89,169,132,222,669,362,307,0,1,4,p_1.30.24_LL3f_mi,2
90,177,139,227,655,348,307,0,1,4,p_1.30.24_LL3f_mi,2
91,182,132,232,635,326,309,0,1,4,p_1.30.24_LL3f_mi,2
92,179,138,231,646,331,315,0,1,4,p_1.30.24_LL3f_mi,2
93,165,130,219,678,346,332,0,1,4,p_1.30.24_LL3f_mi,2
94,179,128,224,664,354,310,0,1,4,p_1.30.24_LL3f_mi,2
95,183,149,225,657,336,321,0,1,4,p_1.30.24_LL3f_mi,2
96,173,140,228,657,341,316,0,1,4,p_1.30.24_LL3f_mi,2
97,167,128,222,667,339,328,0,1,4,p_1.30.24_LL3f_mi,2
98,170,134,222,666,330,336,0,1,4,p_1.30.24_LL3f_mi,2
99,169,131,219,675,336,339,0,1,4,p_1.30.24_LL3f_mi,2
100,137,113,178,696,346,350,0,1,4,p_1.30.24_LL3f_mi,2
101,115,91,147,675,331,344,0,1,4,p_1.30.24_LL3f_mi,2
102,130,110,163,559,283,276,0,1,4,p_1.30.24_LL3f_mi,2
103,107,89,135,542,265,277,0,1,4,p_1.30.24_LL3f_mi,2
104,97,77,126,479,227,252,0,1,4,p_1.30.24_LL3f_mi,2
105,83,67,105,444,214,230,0,1,4,p_1.30.24_LL3f_mi,2
106,70,62,91,392,184,208,0,1,4,p_1.30.24_LL3f_mi,2
107,70,62,90,314,154,160,0,1,4,p_1.30.24_LL3f_mi,2
108,48,43,62,295,140,155,0,1,4,p_1.30.24_LL3f_mi,2
109,33,32,43,249,112,137,0,1,4,p_1.30.24_LL3f_mi,2
110,28,25,32,202,88,114,0,1,4,p_1.30.24_LL3f_mi,2
111,28,24,37,167,73,94,0,1,4,p_1.30.24_LL3f_mi,2
112,30,24,36,143,65,78,0,1,4,p_1.30.24_LL3f_mi,2
113,30,23,35,119,52,67,0,1,4,p_1.30.24_LL3f_mi,2
114,26,21,33,104,41,63,0,1,4,p_1.30.24_LL3f_mi,2
115,27,18,32,94,45,49,0,1,4,p_1.30.24_LL3f_mi,2
116,26,18,32,89,47,42,0,1,4,p_1.30.24_LL3f_mi,2
117,27,20,34,95,50,45,0,1,4,p_1.30.24_LL3f_mi,2
118,28,23,35,106,53,53,0,1,4,p_1.30.24_LL3f_mi,2
119,30,20,33,98,48,50,0,1,4,p_1.30.24_LL3f_mi,2
120,25,19,34,103,54,49,0,1,4,p_1.30.24_LL3f_mi,2
121,22,19,31,100,44,56,0,1,4,p_1.30.24_LL3f_mi,2
122,25,22,33,96,40,56,0,1,4,p_1.30.24_LL3f_mi,2
123,24,18,33,97,44,53,0,1,4,p_1.30.24_LL3f_mi,2
124,27,20,33,89,36,53,0,1,4,p_1.30.24_LL3f_mi,2
125,23,18,37,122,56,66,20,1,4,p_1.30.24_LL3f_mi,2
126,24,19,35,126,56,70,10,1,4,p_1.30.24_LL3f_mi,2
127,30,27,37,127,59,68,4,1,4,p_1.30.24_LL3f_mi,2
128,26,21,36,131,65,66,3,1,4,p_1.30.24_LL3f_mi,2
129,29,21,35,115,58,57,1,1,4,p_1.30.24_LL3f_mi,2
130,25,18,36,117,62,55,0,1,4,p_1.30.24_LL3f_mi,2
131,27,24,36,114,62,52,0,1,4,p_1.30.24_LL3f_mi,2
132,26,22,34,105,50,55,0,1,4,p_1.30.24_LL3f_mi,2
133,24,18,32,94,47,47,0,1,4,p_1.30.24_LL3f_mi,2
134,22,18,30,89,42,47,0,1,4,p_1.30.24_LL3f_mi,2
135,27,20,32,88,43,45,0,1,4,p_1.30.24_LL3f_mi,2
136,23,17,31,91,42,49,0,1,4,p_1.30.24_LL3f_mi,2
137,25,21,32,87,41,46,0,1,4,p_1.30.24_LL3f_mi,2
138,25,21,31,85,42,43,0,1,4,p_1.30.24_LL3f_mi,2
139,21,16,28,81,42,39,0,1,4,p_1.30.24_LL3f_mi,2
140,23,19,33,103,45,58,17,1,4,p_1.30.24_LL3f_mi,2
141,24,20,32,103,52,51,12,1,4,p_1.30.24_LL3f_mi,2
142,28,22,33,103,56,47,9,1,4,p_1.30.24_LL3f_mi,2
143,23,17,32,103,51,52,1,1,4,p_1.30.24_LL3f_mi,2
144,25,19,30,92,47,45,0,1,4,p_1.30.24_LL3f_mi,2
145,23,15,31,90,46,44,0,1,4,p_1.30.24_LL3f_mi,2
146,24,18,30,85,50,35,0,1,4,p_1.30.24_LL3f_mi,2
147,22,18,30,87,44,43,0,1,4,p_1.30.24_LL3f_mi,2
148,25,19,32,89,39,50,0,1,4,p_1.30.24_LL3f_mi,2
149,23,18,28,84,42,42,0,1,4,p_1.30.24_LL3f_mi,2
150,24,18,31,91,49,42,0,1,4,p_1.30.24_LL3f_mi,2
151,45,33,70,97,49,48,0,1,4,p_1.30.24_LL3f_mi,2
152,68,42,96,140,69,71,0,1,4,p_1.30.24_LL3f_mi,2
153,89,59,120,192,99,93,0,1,4,p_1.30.24_LL3f_mi,2
154,104,73,141,245,121,124,0,1,4,p_1.30.24_LL3f_mi,2
155,123,93,162,334,161,173,21,1,4,p_1.30.24_LL3f_mi,2
156,143,102,181,392,190,202,8,1,4,p_1.30.24_LL3f_mi,2
157,145,108,196,444,219,225,5,1,4,p_1.30.24_LL3f_mi,2
158,160,118,211,486,226,260,0,1,4,p_1.30.24_LL3f_mi,2
159,174,136,224,555,256,299,0,1,4,p_1.30.24_LL3f_mi,2
160,179,142,235,617,294,323,0,1,4,p_1.30.24_LL3f_mi,2
161,166,138,220,675,340,335,0,1,4,p_1.30.24_LL3f_mi,2
162,180,143,227,654,325,329,0,1,4,p_1.30.24_LL3f_mi,2
163,163,127,227,658,323,335,0,1,4,p_1.30.24_LL3f_mi,2
164,175,132,228,660,331,329,0,1,4,p_1.30.24_LL3f_mi,2
165,166,137,215,688,351,337,0,1,4,p_1.30.24_LL3f_mi,2
166,180,141,229,648,330,318,0,1,4,p_1.30.24_LL3f_mi,2
167,177,138,228,652,307,345,0,1,4,p_1.30.24_LL3f_mi,2
168,170,129,219,676,341,335,0,1,4,p_1.30.24_LL3f_mi,2
169,166,136,211,696,340,356,0,1,4,p_1.30.24_LL3f_mi,2
170,166,136,215,685,342,343,19,1,4,p_1.30.24_LL3f_mi,2
171,184,141,230,641,328,313,10,1,4,p_1.30.24_LL3f_mi,2
172,170,146,225,658,324,334,5,1,4,p_1.30.24_LL3f_mi,2
173,170,124,224,670,349,321,4,1,4,p_1.30.24_LL3f_mi,2
174,172,143,221,670,349,321,1,1,4,p_1.30.24_LL3f_mi,2
175,174,139,225,662,336,326,0,1,4,p_1.30.24_LL3f_mi,2
176,159,133,204,719,373,346,0,1,4,p_1.30.24_LL3f_mi,2
177,181,144,230,645,330,315,0,1,4,p_1.30.24_LL3f_mi,2
178,181,137,235,622,312,310,0,1,4,p_1.30.24_LL3f_mi,2
179,180,138,230,644,323,321,0,1,4,p_1.30.24_LL3f_mi,2
180,175,131,224,661,340,321,0,1,4,p_1.30.24_LL3f_mi,2
181,172,136,222,672,339,333,0,1,4,p_1.30.24_LL3f_mi,2
182,162,134,215,690,333,357,0,1,4,p_1.30.24_LL3f_mi,2
183,171,131,225,662,309,353,0,1,4,p_1.30.24_LL3f_mi,2
184,178,139,225,660,313,347,0,1,4,p_1.30.24_LL3f_mi,2
185,175,133,223,666,335,331,0,1,4,p_1.30.24_LL3f_mi,2
186,179,138,227,656,319,337,0,1,4,p_1.30.24_LL3f_mi,2
187,179,149,230,644,327,317,0,1,4,p_1.30.24_LL3f_mi,2
188,181,147,225,658,332,326,0,1,4,p_1.30.24_LL3f_mi,2
189,176,134,229,651,328,323,0,1,4,p_1.30.24_LL3f_mi,2
190,173,135,222,667,333,334,0,1,4,p_1.30.24_LL3f_mi,2
191,176,136,225,665,348,317,0,1,4,p_1.30.24_LL3f_mi,2
192,173,135,225,659,341,318,0,1,4,p_1.30.24_LL3f_mi,2
193,179,139,222,668,349,319,0,1,4,p_1.30.24_LL3f_mi,2
194,173,138,213,694,354,340,0,1,4,p_1.30.24_LL3f_mi,2
195,175,136,219,680,345,335,0,1,4,p_1.30.24_LL3f_mi,2
196,172,132,227,657,353,304,0,1,4,p_1.30.24_LL3f_mi,2
197,179,144,231,646,340,306,0,1,4,p_1.30.24_LL3f_mi,2
198,181,130,232,645,330,315,0,1,4,p_1.30.24_LL3f_mi,2
199,176,138,225,656,337,319,0,1,4,p_1.30.24_LL3f_mi,2
200,174,136,223,666,329,337,0,1,4,p_1.30.24_LL3f_mi,2
201,162,135,210,705,329,376,0,1,4,p_1.30.24_LL3f_mi,2
202,174,138,222,665,319,346,0,1,4,p_1.30.24_LL3f_mi,2
203,179,140,223,666,324,342,0,1,4,p_1.30.24_LL3f_mi,2
204,174,136,225,669,321,348,0,1,4,p_1.30.24_LL3f_mi,2
205,167,130,223,670,301,369,0,1,4,p_1.30.24_LL3f_mi,2
206,180,141,226,661,301,360,0,1,4,p_1.30.24_LL3f_mi,2
207,170,137,215,691,325,366,0,1,4,p_1.30.24_LL3f_mi,2
208,163,130,215,693,336,357,0,1,4,p_1.30.24_LL3f_mi,2
209,166,130,221,670,332,338,0,1,4,p_1.30.24_LL3f_mi,2
210,179,140,227,656,328,328,0,1,4,p_1.30.24_LL3f_mi,2
211,176,136,226,666,338,328,0,1,4,p_1.30.24_LL3f_mi,2
212,167,133,221,666,335,331,0,1,4,p_1.30.24_LL3f_mi,2
213,169,130,218,684,347,337,0,1,4,p_1.30.24_LL3f_mi,2
214,178,134,230,643,333,310,0,1,4,p_1.30.24_LL3f_mi,2
215,171,129,216,692,366,326,0,1,4,p_1.30.24_LL3f_mi,2
216,179,137,228,651,343,308,0,1,4,p_1.30.24_LL3f_mi,2
217,164,133,218,684,339,345,0,1,4,p_1.30.24_LL3f_mi,2
218,174,141,229,649,311,338,0,1,4,p_1.30.24_LL3f_mi,2
219,168,135,225,663,331,332,0,1,4,p_1.30.24_LL3f_mi,2
220,171,125,221,676,351,325,0,1,4,p_1.30.24_LL3f_mi,2
221,161,129,217,681,333,348,0,1,4,p_1.30.24_LL3f_mi,2
222,173,128,218,677,342,335,0,1,4,p_1.30.24_LL3f_mi,2
223,181,139,223,667,332,335,0,1,4,p_1.30.24_LL3f_mi,2
224,177,137,227,649,324,325,0,1,4,p_1.30.24_LL3f_mi,2
225,174,137,228,651,315,336,0,1,4,p_1.30.24_LL3f_mi,2
226,157,130,210,706,335,371,0,1,4,p_1.30.24_LL3f_mi,2
227,189,145,227,655,323,332,0,1,4,p_1.30.24_LL3f_mi,2
228,178,143,231,642,316,326,0,1,4,p_1.30.24_LL3f_mi,2
229,175,144,223,666,332,334,0,1,4,p_1.30.24_LL3f_mi,2
230,180,137,229,647,318,329,0,1,4,p_1.30.24_LL3f_mi,2
231,178,140,223,667,328,339,0,1,4,p_1.30.24_LL3f_mi,2
232,166,136,219,676,322,354,0,1,4,p_1.30.24_LL3f_mi,2
233,184,142,228,654,310,344,0,1,4,p_1.30.24_LL3f_mi,2
234,168,135,220,674,325,349,0,1,4,p_1.30.24_LL3f_mi,2
235,184,139,233,642,312,330,0,1,4,p_1.30.24_LL3f_mi,2
236,175,137,222,669,340,329,0,1,4,p_1.30.24_LL3f_mi,2
237,168,128,221,668,332,336,0,1,4,p_1.30.24_LL3f_mi,2
238,175,130,229,652,328,324,0,1,4,p_1.30.24_LL3f_mi,2
239,173,140,229,650,320,330,0,1,4,p_1.30.24_LL3f_mi,2
240,175,135,227,650,315,335,0,1,4,p_1.30.24_LL3f_mi,2
241,173,142,220,674,321,353,0,1,4,p_1.30.24_LL3f_mi,2
242,176,134,228,656,311,345,0,1,4,p_1.30.24_LL3f_mi,2
243,179,142,229,652,306,346,0,1,4,p_1.30.24_LL3f_mi,2
244,172,135,222,670,314,356,0,1,4,p_1.30.24_LL3f_mi,2
245,166,128,220,677,312,365,0,1,4,p_1.30.24_LL3f_mi,2
246,180,148,220,677,308,369,0,1,4,p_1.30.24_LL3f_mi,2
247,170,134,225,656,316,340,0,1,4,p_1.30.24_LL3f_mi,2
248,182,137,226,664,328,336,0,1,4,p_1.30.24_LL3f_mi,2
249,180,138,229,652,300,352,0,1,4,p_1.30.24_LL3f_mi,2
250,171,139,220,675,320,355,0,1,4,p_1.30.24_LL3f_mi,2
251,157,139,206,714,330,384,0,1,4,p_1.30.24_LL3f_mi,2
252,182,138,231,644,297,347,0,1,4,p_1.30.24_LL3f_mi,2
253,185,142,233,638,295,343,0,1,4,p_1.30.24_LL3f_mi,2
254,186,133,230,643,312,331,0,1,4,p_1.30.24_LL3f_mi,2
255,174,132,224,664,316,348,0,1,4,p_1.30.24_LL3f_mi,2
256,165,135,219,682,342,340,0,1,4,p_1.30.24_LL3f_mi,2
257,169,130,224,664,326,338,0,1,4,p_1.30.24_LL3f_mi,2
258,172,138,227,656,326,330,0,1,4,p_1.30.24_LL3f_mi,2
259,182,135,226,655,323,332,0,1,4,p_1.30.24_LL3f_mi,2
260,168,136,217,684,336,348,0,1,4,p_1.30.24_LL3f_mi,2
261,173,132,213,691,336,355,0,1,4,p_1.30.24_LL3f_mi,2
262,176,136,224,663,318,345,0,1,4,p_1.30.24_LL3f_mi,2
263,168,128,217,677,345,332,0,1,4,p_1.30.24_LL3f_mi,2
264,174,131,219,676,339,337,0,1,4,p_1.30.24_LL3f_mi,2
265,171,134,217,680,338,342,0,1,4,p_1.30.24_LL3f_mi,2
266,180,140,225,665,337,328,0,1,4,p_1.30.24_LL3f_mi,2
267,175,139,226,657,338,319,0,1,4,p_1.30.24_LL3f_mi,2
268,173,139,228,657,341,316,0,1,4,p_1.30.24_LL3f_mi,2
269,175,135,226,653,337,316,0,1,4,p_1.30.24_LL3f_mi,2
270,172,135,223,663,323,340,0,1,4,p_1.30.24_LL3f_mi,2
271,180,141,226,658,308,350,0,1,4,p_1.30.24_LL3f_mi,2
272,173,141,220,686,310,376,0,1,4,p_1.30.24_LL3f_mi,2
273,167,139,225,663,303,360,0,1,4,p_1.30.24_LL3f_mi,2
274,177,140,225,660,294,366,0,1,4,p_1.30.24_LL3f_mi,2
275,173,140,223,665,321,344,0,1,4,p_1.30.24_LL3f_mi,2
276,168,132,210,705,332,373,0,1,4,p_1.30.24_LL3f_mi,2
277,181,142,231,643,317,326,0,1,4,p_1.30.24_LL3f_mi,2
278,175,129,232,641,342,299,0,1,4,p_1.30.24_LL3f_mi,2
279,175,135,227,662,341,321,0,1,4,p_1.30.24_LL3f_mi,2
280,173,145,222,671,334,337,0,1,4,p_1.30.24_LL3f_mi,2
281,174,143,220,677,337,340,0,1,4,p_1.30.24_LL3f_mi,2
282,174,131,223,662,327,335,0,1,4,p_1.30.24_LL3f_mi,2
283,177,134,228,654,319,335,0,1,4,p_1.30.24_LL3f_mi,2
284,170,137,217,682,323,359,0,1,4,p_1.30.24_LL3f_mi,2
285,178,138,227,651,317,334,0,1,4,p_1.30.24_LL3f_mi,2
286,173,134,224,659,317,342,0,1,4,p_1.30.24_LL3f_mi,2
287,174,135,227,661,309,352,0,1,4,p_1.30.24_LL3f_mi,2
288,173,143,221,671,315,356,0,1,4,p_1.30.24_LL3f_mi,2
289,180,143,226,662,309,353,0,1,4,p_1.30.24_LL3f_mi,2
290,167,138,222,663,301,362,0,1,4,p_1.30.24_LL3f_mi,2
291,179,137,229,649,295,354,0,1,4,p_1.30.24_LL3f_mi,2
292,176,141,222,671,309,362,0,1,4,p_1.30.24_LL3f_mi,2
293,179,138,231,632,292,340,0,1,4,p_1.30.24_LL3f_mi,2
294,175,137,219,683,340,343,0,1,4,p_1.30.24_LL3f_mi,2
295,160,131,211,697,354,343,0,1,4,p_1.30.24_LL3f_mi,2
296,170,126,216,687,355,332,0,1,4,p_1.30.24_LL3f_mi,2
297,173,142,221,673,338,335,0,1,4,p_1.30.24_LL3f_mi,2
298,180,139,226,655,326,329,0,1,4,p_1.30.24_LL3f_mi,2
299,176,134,224,659,332,327,0,1,4,p_1.30.24_LL3f_mi,2
300,175,139,227,652,328,324,0,1,4,p_1.30.24_LL3f_mi,2
301,162,131,208,708,360,348,0,1,4,p_1.30.24_LL3f_mi,2
302,180,139,225,659,320,339,0,1,4,p_1.30.24_LL3f_mi,2
303,180,129,224,658,330,328,0,1,4,p_1.30.24_LL3f_mi,2
304,184,150,231,651,324,327,0,1,4,p_1.30.24_LL3f_mi,2
305,172,143,214,691,344,347,0,1,4,p_1.30.24_LL3f_mi,2
306,171,131,228,650,314,336,0,1,4,p_1.30.24_LL3f_mi,2
307,165,130,215,688,338,350,0,1,4,p_1.30.24_LL3f_mi,2
308,177,143,225,663,312,351,0,1,4,p_1.30.24_LL3f_mi,2
309,174,141,227,656,304,352,0,1,4,p_1.30.24_LL3f_mi,2
310,171,142,225,657,292,365,0,1,4,p_1.30.24_LL3f_mi,2
311,178,146,230,643,284,359,0,1,4,p_1.30.24_LL3f_mi,2
312,172,144,221,670,315,355,0,1,4,p_1.30.24_LL3f_mi,2
313,174,131,224,663,311,352,0,1,4,p_1.30.24_LL3f_mi,2
314,169,137,217,683,321,362,0,1,4,p_1.30.24_LL3f_mi,2
315,168,136,213,700,334,366,0,1,4,p_1.30.24_LL3f_mi,2
316,185,137,232,633,297,336,0,1,4,p_1.30.24_LL3f_mi,2
317,174,131,220,672,345,327,0,1,4,p_1.30.24_LL3f_mi,2
318,168,127,220,672,345,327,0,1,4,p_1.30.24_LL3f_mi,2
319,172,129,222,668,355,313,0,1,4,p_1.30.24_LL3f_mi,2
320,175,142,221,671,333,338,0,1,4,p_1.30.24_LL3f_mi,2
321,177,139,228,650,321,329,0,1,4,p_1.30.24_LL3f_mi,2
322,158,127,217,683,345,338,0,1,4,p_1.30.24_LL3f_mi,2
323,169,133,217,683,345,338,0,1,4,p_1.30.24_LL3f_mi,2
324,171,131,223,674,335,339,0,1,4,p_1.30.24_LL3f_mi,2
325,173,132,223,662,332,330,0,1,4,p_1.30.24_LL3f_mi,2
326,160,127,210,706,366,340,0,1,4,p_1.30.24_LL3f_mi,2
327,174,142,224,656,350,306,0,1,4,p_1.30.24_LL3f_mi,2
328,181,141,226,658,341,317,0,1,4,p_1.30.24_LL3f_mi,2
329,169,135,220,679,339,340,0,1,4,p_1.30.24_LL3f_mi,2
330,172,139,225,663,330,333,0,1,4,p_1.30.24_LL3f_mi,2
331,182,140,228,652,331,321,0,1,4,p_1.30.24_LL3f_mi,2
332,175,136,225,657,350,307,0,1,4,p_1.30.24_LL3f_mi,2
333,168,133,224,659,349,310,0,1,4,p_1.30.24_LL3f_mi,2
334,184,142,233,633,337,296,0,1,4,p_1.30.24_LL3f_mi,2
335,171,139,214,686,343,343,0,1,4,p_1.30.24_LL3f_mi,2
336,176,142,218,687,337,350,0,1,4,p_1.30.24_LL3f_mi,2
337,182,143,224,657,310,347,0,1,4,p_1.30.24_LL3f_mi,2
338,170,133,220,676,308,368,0,1,4,p_1.30.24_LL3f_mi,2
339,176,139,222,667,316,351,0,1,4,p_1.30.24_LL3f_mi,2
340,175,147,221,668,313,355,0,1,4,p_1.30.24_LL3f_mi,2
341,179,142,230,653,308,345,0,1,4,p_1.30.24_LL3f_mi,2
342,174,133,222,669,327,342,0,1,4,p_1.30.24_LL3f_mi,2
343,180,139,230,646,324,322,0,1,4,p_1.30.24_LL3f_mi,2
344,174,133,225,664,347,317,0,1,4,p_1.30.24_LL3f_mi,2
345,162,125,213,698,357,341,0,1,4,p_1.30.24_LL3f_mi,2
346,169,139,223,665,318,347,0,1,4,p_1.30.24_LL3f_mi,2
347,178,139,225,662,302,360,0,1,4,p_1.30.24_LL3f_mi,2
348,175,131,229,651,303,348,0,1,4,p_1.30.24_LL3f_mi,2
349,184,141,228,650,310,340,0,1,4,p_1.30.24_LL3f_mi,2
350,180,140,229,644,329,315,0,1,4,p_1.30.24_LL3f_mi,2
1,10,10,14,592,304,288,0,1,5,p_1.30.24_LL3f_mi,2
2,93,85,122,859,437,422,0,1,5,p_1.30.24_LL3f_mi,2
3,123,104,164,799,391,408,0,1,5,p_1.30.24_LL3f_mi,2
4,169,135,215,690,350,340,0,1,5,p_1.30.24_LL3f_mi,2
5,174,134,228,658,337,321,0,1,5,p_1.30.24_LL3f_mi,2
6,176,128,224,657,340,317,0,1,5,p_1.30.24_LL3f_mi,2
7,173,132,226,661,329,332,0,1,5,p_1.30.24_LL3f_mi,2
8,187,137,234,627,324,303,0,1,5,p_1.30.24_LL3f_mi,2
9,174,140,224,666,329,337,0,1,5,p_1.30.24_LL3f_mi,2
10,172,131,222,671,340,331,0,1,5,p_1.30.24_LL3f_mi,2
11,166,132,214,685,341,344,0,1,5,p_1.30.24_LL3f_mi,2
12,171,131,218,684,350,334,0,1,5,p_1.30.24_LL3f_mi,2
13,164,135,219,671,333,338,0,1,5,p_1.30.24_LL3f_mi,2
14,188,144,233,638,312,326,0,1,5,p_1.30.24_LL3f_mi,2
15,173,137,226,667,333,334,0,1,5,p_1.30.24_LL3f_mi,2
16,177,138,224,666,351,315,0,1,5,p_1.30.24_LL3f_mi,2
17,171,129,220,678,342,336,0,1,5,p_1.30.24_LL3f_mi,2
18,172,128,218,680,353,327,0,1,5,p_1.30.24_LL3f_mi,2
19,169,137,224,664,349,315,0,1,5,p_1.30.24_LL3f_mi,2
20,170,133,221,674,360,314,0,1,5,p_1.30.24_LL3f_mi,2
21,172,130,223,667,348,319,0,1,5,p_1.30.24_LL3f_mi,2
22,174,139,218,677,344,333,0,1,5,p_1.30.24_LL3f_mi,2
23,178,136,221,679,350,329,0,1,5,p_1.30.24_LL3f_mi,2
24,171,131,224,668,340,328,0,1,5,p_1.30.24_LL3f_mi,2
25,175,134,215,686,350,336,0,1,5,p_1.30.24_LL3f_mi,2
26,156,117,199,724,353,371,0,1,5,p_1.30.24_LL3f_mi,2
27,182,140,236,634,318,316,0,1,5,p_1.30.24_LL3f_mi,2
28,174,138,226,665,338,327,0,1,5,p_1.30.24_LL3f_mi,2
29,171,129,216,686,349,337,0,1,5,p_1.30.24_LL3f_mi,2
30,179,140,221,671,344,327,0,1,5,p_1.30.24_LL3f_mi,2
31,173,137,220,676,339,337,0,1,5,p_1.30.24_LL3f_mi,2
32,168,131,221,668,321,347,0,1,5,p_1.30.24_LL3f_mi,2
33,180,131,225,655,321,334,0,1,5,p_1.30.24_LL3f_mi,2
34,179,142,226,654,316,338,0,1,5,p_1.30.24_LL3f_mi,2
35,181,137,228,648,316,332,0,1,5,p_1.30.24_LL3f_mi,2
36,168,131,213,698,339,359,0,1,5,p_1.30.24_LL3f_mi,2
37,176,132,227,655,350,305,0,1,5,p_1.30.24_LL3f_mi,2
38,175,136,224,660,340,320,0,1,5,p_1.30.24_LL3f_mi,2
39,172,137,221,670,337,333,0,1,5,p_1.30.24_LL3f_mi,2
40,181,135,231,642,335,307,0,1,5,p_1.30.24_LL3f_mi,2
41,186,140,232,647,317,330,0,1,5,p_1.30.24_LL3f_mi,2
42,175,141,218,678,336,342,0,1,5,p_1.30.24_LL3f_mi,2
43,173,130,223,666,314,352,0,1,5,p_1.30.24_LL3f_mi,2
44,183,145,229,647,315,332,0,1,5,p_1.30.24_LL3f_mi,2
45,165,142,221,673,328,345,0,1,5,p_1.30.24_LL3f_mi,2
46,170,130,223,668,343,325,0,1,5,p_1.30.24_LL3f_mi,2
47,173,131,223,667,335,332,0,1,5,p_1.30.24_LL3f_mi,2
48,171,132,228,657,344,313,0,1,5,p_1.30.24_LL3f_mi,2
49,165,125,223,668,340,328,0,1,5,p_1.30.24_LL3f_mi,2
50,171,129,215,686,354,332,0,1,5,p_1.30.24_LL3f_mi,2
51,162,126,208,711,375,336,0,1,5,p_1.30.24_LL3f_mi,2
52,175,135,226,657,344,313,0,1,5,p_1.30.24_LL3f_mi,2
53,173,129,220,678,352,326,0,1,5,p_1.30.24_LL3f_mi,2
54,174,134,218,678,336,342,0,1,5,p_1.30.24_LL3f_mi,2
55,172,130,220,673,334,339,0,1,5,p_1.30.24_LL3f_mi,2
56,173,135,221,670,328,342,0,1,5,p_1.30.24_LL3f_mi,2
57,178,133,231,639,315,324,0,1,5,p_1.30.24_LL3f_mi,2
58,178,136,227,654,330,324,0,1,5,p_1.30.24_LL3f_mi,2
59,177,138,222,669,333,336,0,1,5,p_1.30.24_LL3f_mi,2
60,178,132,227,655,331,324,0,1,5,p_1.30.24_LL3f_mi,2
61,176,133,230,651,342,309,0,1,5,p_1.30.24_LL3f_mi,2
62,172,132,223,667,349,318,0,1,5,p_1.30.24_LL3f_mi,2
63,170,130,218,683,347,336,0,1,5,p_1.30.24_LL3f_mi,2
64,167,140,207,711,373,338,0,1,5,p_1.30.24_LL3f_mi,2
65,174,136,219,679,348,331,0,1,5,p_1.30.24_LL3f_mi,2
66,168,135,219,679,341,338,0,1,5,p_1.30.24_LL3f_mi,2
67,167,127,220,674,329,345,0,1,5,p_1.30.24_LL3f_mi,2
68,174,129,225,658,315,343,0,1,5,p_1.30.24_LL3f_mi,2
69,183,140,226,655,311,344,0,1,5,p_1.30.24_LL3f_mi,2
70,174,132,219,677,347,330,0,1,5,p_1.30.24_LL3f_mi,2
71,179,135,228,645,318,327,0,1,5,p_1.30.24_LL3f_mi,2
72,181,142,224,671,329,342,0,1,5,p_1.30.24_LL3f_mi,2
73,181,145,228,653,329,324,0,1,5,p_1.30.24_LL3f_mi,2
74,169,136,219,676,334,342,0,1,5,p_1.30.24_LL3f_mi,2
75,167,129,223,665,337,328,0,1,5,p_1.30.24_LL3f_mi,2
76,155,120,202,721,373,348,0,1,5,p_1.30.24_LL3f_mi,2
77,180,134,228,652,329,323,0,1,5,p_1.30.24_LL3f_mi,2
78,175,131,225,659,325,334,0,1,5,p_1.30.24_LL3f_mi,2
79,179,136,230,647,313,334,0,1,5,p_1.30.24_LL3f_mi,2
80,171,127,217,682,334,348,0,1,5,p_1.30.24_LL3f_mi,2
81,165,128,218,685,332,353,0,1,5,p_1.30.24_LL3f_mi,2
82,174,128,230,644,310,334,0,1,5,p_1.30.24_LL3f_mi,2
83,182,145,224,659,313,346,0,1,5,p_1.30.24_LL3f_mi,2
84,178,135,223,667,319,348,0,1,5,p_1.30.24_LL3f_mi,2
85,178,140,220,676,342,334,0,1,5,p_1.30.24_LL3f_mi,2
86,175,138,228,651,323,328,0,1,5,p_1.30.24_LL3f_mi,2
87,172,139,218,684,334,350,0,1,5,p_1.30.24_LL3f_mi,2
88,185,146,233,637,311,326,0,1,5,p_1.30.24_LL3f_mi,2
89,181,146,223,665,317,348,0,1,5,p_1.30.24_LL3f_mi,2
90,176,132,223,664,326,338,0,1,5,p_1.30.24_LL3f_mi,2
91,176,141,225,665,330,335,0,1,5,p_1.30.24_LL3f_mi,2
92,176,137,228,655,329,326,0,1,5,p_1.30.24_LL3f_mi,2
93,173,131,228,648,324,324,0,1,5,p_1.30.24_LL3f_mi,2
94,173,129,226,659,338,321,0,1,5,p_1.30.24_LL3f_mi,2
95,176,139,225,662,338,324,0,1,5,p_1.30.24_LL3f_mi,2
96,170,132,219,675,346,329,0,1,5,p_1.30.24_LL3f_mi,2
97,173,140,221,671,342,329,0,1,5,p_1.30.24_LL3f_mi,2
98,175,140,220,678,351,327,0,1,5,p_1.30.24_LL3f_mi,2
99,175,134,229,647,339,308,0,1,5,p_1.30.24_LL3f_mi,2
100,148,123,196,662,352,310,0,1,5,p_1.30.24_LL3f_mi,2
101,106,90,135,694,350,344,0,1,5,p_1.30.24_LL3f_mi,2
102,123,96,164,556,288,268,0,1,5,p_1.30.24_LL3f_mi,2
103,122,96,150,509,246,263,0,1,5,p_1.30.24_LL3f_mi,2
104,103,83,130,475,223,252,0,1,5,p_1.30.24_LL3f_mi,2
105,81,67,104,446,214,232,0,1,5,p_1.30.24_LL3f_mi,2
106,63,57,80,410,202,208,0,1,5,p_1.30.24_LL3f_mi,2
107,61,55,78,338,173,165,0,1,5,p_1.30.24_LL3f_mi,2
108,44,37,60,297,154,143,0,1,5,p_1.30.24_LL3f_mi,2
109,41,36,50,235,126,109,0,1,5,p_1.30.24_LL3f_mi,2
110,28,26,34,202,107,95,0,1,5,p_1.30.24_LL3f_mi,2
111,29,25,37,166,81,85,0,1,5,p_1.30.24_LL3f_mi,2
112,29,24,38,138,61,77,0,1,5,p_1.30.24_LL3f_mi,2
113,31,23,37,121,58,63,0,1,5,p_1.30.24_LL3f_mi,2
114,29,20,36,111,50,61,0,1,5,p_1.30.24_LL3f_mi,2
115,24,19,32,99,47,52,0,1,5,p_1.30.24_LL3f_mi,2
116,26,23,34,107,47,60,0,1,5,p_1.30.24_LL3f_mi,2
117,29,22,32,101,47,54,0,1,5,p_1.30.24_LL3f_mi,2
118,24,18,34,104,45,59,0,1,5,p_1.30.24_LL3f_mi,2
119,23,16,30,96,42,54,0,1,5,p_1.30.24_LL3f_mi,2
120,23,18,31,95,42,53,0,1,5,p_1.30.24_LL3f_mi,2
121,21,17,31,91,41,50,0,1,5,p_1.30.24_LL3f_mi,2
122,27,19,32,96,48,48,0,1,5,p_1.30.24_LL3f_mi,2
123,21,14,29,81,40,41,0,1,5,p_1.30.24_LL3f_mi,2
124,23,18,31,89,39,50,0,1,5,p_1.30.24_LL3f_mi,2
125,23,18,34,111,49,62,15,1,5,p_1.30.24_LL3f_mi,2
126,25,20,34,115,59,56,10,1,5,p_1.30.24_LL3f_mi,2
127,25,21,33,105,54,51,6,1,5,p_1.30.24_LL3f_mi,2
128,26,23,36,117,66,51,5,1,5,p_1.30.24_LL3f_mi,2
129,28,20,34,111,64,47,2,1,5,p_1.30.24_LL3f_mi,2
130,27,19,35,107,62,45,0,1,5,p_1.30.24_LL3f_mi,2
131,26,21,35,107,59,48,0,1,5,p_1.30.24_LL3f_mi,2
132,28,21,35,117,61,56,0,1,5,p_1.30.24_LL3f_mi,2
133,29,21,35,110,46,64,0,1,5,p_1.30.24_LL3f_mi,2
134,28,23,35,111,45,66,0,1,5,p_1.30.24_LL3f_mi,2
135,29,24,34,114,43,71,0,1,5,p_1.30.24_LL3f_mi,2
136,28,20,34,108,46,62,0,1,5,p_1.30.24_LL3f_mi,2
137,28,24,34,107,39,68,0,1,5,p_1.30.24_LL3f_mi,2
138,27,20,34,105,42,63,0,1,5,p_1.30.24_LL3f_mi,2
139,24,18,31,92,45,47,0,1,5,p_1.30.24_LL3f_mi,2
140,27,20,35,112,54,58,18,1,5,p_1.30.24_LL3f_mi,2
141,24,20,33,89,42,47,8,1,5,p_1.30.24_LL3f_mi,2
142,25,19,33,97,51,46,6,1,5,p_1.30.24_LL3f_mi,2
143,26,20,36,107,49,58,2,1,5,p_1.30.24_LL3f_mi,2
144,30,22,35,105,47,58,1,1,5,p_1.30.24_LL3f_mi,2
145,26,22,34,105,45,60,0,1,5,p_1.30.24_LL3f_mi,2
146,26,24,33,102,44,58,0,1,5,p_1.30.24_LL3f_mi,2
147,27,25,34,104,44,60,0,1,5,p_1.30.24_LL3f_mi,2
148,29,22,35,107,48,59,0,1,5,p_1.30.24_LL3f_mi,2
149,30,25,36,106,50,56,0,1,5,p_1.30.24_LL3f_mi,2
150,26,20,35,108,48,60,0,1,5,p_1.30.24_LL3f_mi,2
151,44,37,61,110,45,65,0,1,5,p_1.30.24_LL3f_mi,2
152,56,36,87,138,58,80,0,1,5,p_1.30.24_LL3f_mi,2
153,79,54,117,183,87,96,0,1,5,p_1.30.24_LL3f_mi,2
154,103,62,138,223,114,109,0,1,5,p_1.30.24_LL3f_mi,2
155,121,79,163,316,156,160,13,1,5,p_1.30.24_LL3f_mi,2
156,139,104,179,382,176,206,12,1,5,p_1.30.24_LL3f_mi,2
157,153,114,194,446,219,227,7,1,5,p_1.30.24_LL3f_mi,2
158,167,113,209,491,248,243,2,1,5,p_1.30.24_LL3f_mi,2
159,175,126,229,526,270,256,2,1,5,p_1.30.24_LL3f_mi,2
160,195,141,243,584,281,303,0,1,5,p_1.30.24_LL3f_mi,2
161,182,138,232,637,293,344,0,1,5,p_1.30.24_LL3f_mi,2
162,184,142,233,645,317,328,0,1,5,p_1.30.24_LL3f_mi,2
163,168,130,222,667,333,334,0,1,5,p_1.30.24_LL3f_mi,2
164,174,134,227,656,322,334,0,1,5,p_1.30.24_LL3f_mi,2
165,164,130,214,691,328,363,0,1,5,p_1.30.24_LL3f_mi,2
166,181,144,226,654,332,322,0,1,5,p_1.30.24_LL3f_mi,2
167,174,144,224,668,322,346,0,1,5,p_1.30.24_LL3f_mi,2
168,172,140,221,669,319,350,0,1,5,p_1.30.24_LL3f_mi,2
169,175,134,226,658,317,341,0,1,5,p_1.30.24_LL3f_mi,2
170,163,131,211,694,334,360,15,1,5,p_1.30.24_LL3f_mi,2
171,163,137,211,701,331,370,11,1,5,p_1.30.24_LL3f_mi,2
172,177,140,225,657,314,343,9,1,5,p_1.30.24_LL3f_mi,2
173,176,133,226,658,326,332,4,1,5,p_1.30.24_LL3f_mi,2
174,181,132,229,647,332,315,0,1,5,p_1.30.24_LL3f_mi,2
175,181,140,231,637,329,308,0,1,5,p_1.30.24_LL3f_mi,2
176,163,134,209,703,350,353,0,1,5,p_1.30.24_LL3f_mi,2
177,175,140,224,660,332,328,0,1,5,p_1.30.24_LL3f_mi,2
178,180,139,225,659,328,331,0,1,5,p_1.30.24_LL3f_mi,2
179,175,137,224,668,325,343,0,1,5,p_1.30.24_LL3f_mi,2
180,174,131,220,672,345,327,0,1,5,p_1.30.24_LL3f_mi,2
181,174,138,221,674,321,353,0,1,5,p_1.30.24_LL3f_mi,2
182,176,134,226,654,319,335,0,1,5,p_1.30.24_LL3f_mi,2
183,179,142,228,656,314,342,0,1,5,p_1.30.24_LL3f_mi,2
184,172,134,219,679,327,352,0,1,5,p_1.30.24_LL3f_mi,2
185,178,137,227,648,327,321,0,1,5,p_1.30.24_LL3f_mi,2
186,175,140,221,667,325,342,0,1,5,p_1.30.24_LL3f_mi,2
187,169,134,222,668,313,355,0,1,5,p_1.30.24_LL3f_mi,2
188,179,143,228,661,318,343,0,1,5,p_1.30.24_LL3f_mi,2
189,173,131,220,676,326,350,0,1,5,p_1.30.24_LL3f_mi,2
190,171,139,225,656,319,337,0,1,5,p_1.30.24_LL3f_mi,2
191,174,127,223,661,327,334,0,1,5,p_1.30.24_LL3f_mi,2
192,173,134,221,668,337,331,0,1,5,p_1.30.24_LL3f_mi,2
193,178,134,219,678,331,347,0,1,5,p_1.30.24_LL3f_mi,2
194,175,137,222,667,334,333,0,1,5,p_1.30.24_LL3f_mi,2
195,172,127,221,671,355,316,0,1,5,p_1.30.24_LL3f_mi,2
196,184,135,226,657,357,300,0,1,5,p_1.30.24_LL3f_mi,2
197,177,138,226,657,348,309,0,1,5,p_1.30.24_LL3f_mi,2
198,162,123,209,707,371,336,0,1,5,p_1.30.24_LL3f_mi,2
199,168,136,214,693,348,345,0,1,5,p_1.30.24_LL3f_mi,2
200,170,134,224,668,350,318,0,1,5,p_1.30.24_LL3f_mi,2
201,157,129,199,731,383,348,0,1,5,p_1.30.24_LL3f_mi,2
202,174,143,226,656,328,328,0,1,5,p_1.30.24_LL3f_mi,2
203,172,139,228,659,330,329,0,1,5,p_1.30.24_LL3f_mi,2
204,180,136,226,653,323,330,0,1,5,p_1.30.24_LL3f_mi,2
205,177,139,222,671,326,345,0,1,5,p_1.30.24_LL3f_mi,2
206,171,134,221,669,319,350,0,1,5,p_1.30.24_LL3f_mi,2
207,182,138,231,644,315,329,0,1,5,p_1.30.24_LL3f_mi,2
208,178,134,222,662,335,327,0,1,5,p_1.30.24_LL3f_mi,2
209,176,135,219,679,343,336,0,1,5,p_1.30.24_LL3f_mi,2
210,168,136,219,670,337,333,0,1,5,p_1.30.24_LL3f_mi,2
211,178,138,227,653,329,324,0,1,5,p_1.30.24_LL3f_mi,2
212,171,132,222,670,326,344,0,1,5,p_1.30.24_LL3f_mi,2
213,172,141,222,669,316,353,0,1,5,p_1.30.24_LL3f_mi,2
214,171,128,216,688,332,356,0,1,5,p_1.30.24_LL3f_mi,2
215,175,141,224,663,322,341,0,1,5,p_1.30.24_LL3f_mi,2
216,177,134,227,657,315,342,0,1,5,p_1.30.24_LL3f_mi,2
217,174,138,218,680,341,339,0,1,5,p_1.30.24_LL3f_mi,2
218,166,124,217,688,350,338,0,1,5,p_1.30.24_LL3f_mi,2
219,167,134,218,683,332,351,0,1,5,p_1.30.24_LL3f_mi,2
220,177,138,223,666,313,353,0,1,5,p_1.30.24_LL3f_mi,2
221,170,141,220,677,303,374,0,1,5,p_1.30.24_LL3f_mi,2
222,168,132,225,655,297,358,0,1,5,p_1.30.24_LL3f_mi,2
223,166,137,221,675,321,354,0,1,5,p_1.30.24_LL3f_mi,2
224,176,135,225,663,315,348,0,1,5,p_1.30.24_LL3f_mi,2
225,173,140,222,673,307,366,0,1,5,p_1.30.24_LL3f_mi,2
226,181,136,219,682,319,363,0,1,5,p_1.30.24_LL3f_mi,2
227,177,142,231,646,306,340,0,1,5,p_1.30.24_LL3f_mi,2
228,173,138,226,650,318,332,0,1,5,p_1.30.24_LL3f_mi,2
229,176,130,220,671,334,337,0,1,5,p_1.30.24_LL3f_mi,2
230,179,138,225,664,331,333,0,1,5,p_1.30.24_LL3f_mi,2
231,178,139,224,668,316,352,0,1,5,p_1.30.24_LL3f_mi,2
232,179,135,233,639,306,333,0,1,5,p_1.30.24_LL3f_mi,2
233,182,139,233,637,304,333,0,1,5,p_1.30.24_LL3f_mi,2
234,174,124,224,658,326,332,0,1,5,p_1.30.24_LL3f_mi,2
235,164,127,218,679,344,335,0,1,5,p_1.30.24_LL3f_mi,2
236,165,129,217,683,335,348,0,1,5,p_1.30.24_LL3f_mi,2
237,171,136,217,690,336,354,0,1,5,p_1.30.24_LL3f_mi,2
238,172,135,225,659,331,328,0,1,5,p_1.30.24_LL3f_mi,2
239,168,140,230,644,306,338,0,1,5,p_1.30.24_LL3f_mi,2
240,176,137,223,668,326,342,0,1,5,p_1.30.24_LL3f_mi,2
241,164,136,212,697,335,362,0,1,5,p_1.30.24_LL3f_mi,2
242,173,131,221,672,333,339,0,1,5,p_1.30.24_LL3f_mi,2
243,177,131,226,654,345,309,0,1,5,p_1.30.24_LL3f_mi,2
244,170,128,224,665,353,312,0,1,5,p_1.30.24_LL3f_mi,2
245,178,135,226,665,363,302,0,1,5,p_1.30.24_LL3f_mi,2
246,179,145,220,678,371,307,0,1,5,p_1.30.24_LL3f_mi,2
247,178,138,226,657,348,309,0,1,5,p_1.30.24_LL3f_mi,2
248,183,144,230,651,337,314,0,1,5,p_1.30.24_LL3f_mi,2
249,173,132,227,657,348,309,0,1,5,p_1.30.24_LL3f_mi,2
250,172,129,222,670,331,339,0,1,5,p_1.30.24_LL3f_mi,2
251,157,124,198,726,370,356,0,1,5,p_1.30.24_LL3f_mi,2
252,173,144,225,662,332,330,0,1,5,p_1.30.24_LL3f_mi,2
253,169,134,223,669,323,346,0,1,5,p_1.30.24_LL3f_mi,2
254,173,138,223,668,323,345,0,1,5,p_1.30.24_LL3f_mi,2
255,174,134,224,661,314,347,0,1,5,p_1.30.24_LL3f_mi,2
256,179,141,224,661,312,349,0,1,5,p_1.30.24_LL3f_mi,2
257,173,139,221,672,315,357,0,1,5,p_1.30.24_LL3f_mi,2
258,181,142,233,635,314,321,0,1,5,p_1.30.24_LL3f_mi,2
259,169,134,223,673,336,337,0,1,5,p_1.30.24_LL3f_mi,2
260,173,127,220,672,336,336,0,1,5,p_1.30.24_LL3f_mi,2
261,172,129,227,659,334,325,0,1,5,p_1.30.24_LL3f_mi,2
262,166,133,222,664,342,322,0,1,5,p_1.30.24_LL3f_mi,2
263,176,141,220,676,355,321,0,1,5,p_1.30.24_LL3f_mi,2
264,179,134,222,671,348,323,0,1,5,p_1.30.24_LL3f_mi,2
265,171,137,217,683,357,326,0,1,5,p_1.30.24_LL3f_mi,2
266,175,138,224,665,336,329,0,1,5,p_1.30.24_LL3f_mi,2
267,169,136,221,676,337,339,0,1,5,p_1.30.24_LL3f_mi,2
268,178,145,222,671,330,341,0,1,5,p_1.30.24_LL3f_mi,2
269,177,141,233,633,308,325,0,1,5,p_1.30.24_LL3f_mi,2
270,174,134,228,650,314,336,0,1,5,p_1.30.24_LL3f_mi,2
271,168,134,224,666,324,342,0,1,5,p_1.30.24_LL3f_mi,2
272,175,140,228,659,321,338,0,1,5,p_1.30.24_LL3f_mi,2
273,174,136,226,658,327,331,0,1,5,p_1.30.24_LL3f_mi,2
274,170,132,223,673,323,350,0,1,5,p_1.30.24_LL3f_mi,2
275,178,141,226,664,318,346,0,1,5,p_1.30.24_LL3f_mi,2
276,160,125,203,720,348,372,0,1,5,p_1.30.24_LL3f_mi,2
277,181,139,225,660,313,347,0,1,5,p_1.30.24_LL3f_mi,2
278,172,134,226,659,326,333,0,1,5,p_1.30.24_LL3f_mi,2
279,176,133,231,641,327,314,0,1,5,p_1.30.24_LL3f_mi,2
280,175,132,227,655,344,311,0,1,5,p_1.30.24_LL3f_mi,2
281,171,130,219,672,344,328,0,1,5,p_1.30.24_LL3f_mi,2
282,177,135,232,638,332,306,0,1,5,p_1.30.24_LL3f_mi,2
283,180,136,227,660,362,298,0,1,5,p_1.30.24_LL3f_mi,2
284,173,134,226,662,360,302,0,1,5,p_1.30.24_LL3f_mi,2
285,174,137,225,661,343,318,0,1,5,p_1.30.24_LL3f_mi,2
286,170,134,219,678,348,330,0,1,5,p_1.30.24_LL3f_mi,2
287,178,139,227,659,346,313,0,1,5,p_1.30.24_LL3f_mi,2
288,184,136,233,629,336,293,0,1,5,p_1.30.24_LL3f_mi,2
289,188,140,231,643,334,309,0,1,5,p_1.30.24_LL3f_mi,2
290,176,136,222,674,332,342,0,1,5,p_1.30.24_LL3f_mi,2
291,176,132,229,647,330,317,0,1,5,p_1.30.24_LL3f_mi,2
292,173,134,227,659,338,321,0,1,5,p_1.30.24_LL3f_mi,2
293,173,132,221,673,353,320,0,1,5,p_1.30.24_LL3f_mi,2
294,163,123,220,675,340,335,0,1,5,p_1.30.24_LL3f_mi,2
295,182,149,230,640,311,329,0,1,5,p_1.30.24_LL3f_mi,2
296,168,133,222,678,333,345,0,1,5,p_1.30.24_LL3f_mi,2
297,174,134,228,653,326,327,0,1,5,p_1.30.24_LL3f_mi,2
298,172,131,221,679,342,337,0,1,5,p_1.30.24_LL3f_mi,2
299,177,141,229,647,323,324,0,1,5,p_1.30.24_LL3f_mi,2
300,169,132,226,663,339,324,0,1,5,p_1.30.24_LL3f_mi,2
301,157,133,208,710,364,346,0,1,5,p_1.30.24_LL3f_mi,2
302,169,127,217,687,361,326,0,1,5,p_1.30.24_LL3f_mi,2
303,175,140,224,664,338,326,0,1,5,p_1.30.24_LL3f_mi,2
304,180,144,229,639,321,318,0,1,5,p_1.30.24_LL3f_mi,2
305,177,138,230,646,314,332,0,1,5,p_1.30.24_LL3f_mi,2
306,174,137,221,677,333,344,0,1,5,p_1.30.24_LL3f_mi,2
307,168,138,219,677,321,356,0,1,5,p_1.30.24_LL3f_mi,2
308,180,138,229,645,296,349,0,1,5,p_1.30.24_LL3f_mi,2
309,181,146,224,660,296,364,0,1,5,p_1.30.24_LL3f_mi,2
310,177,142,229,654,303,351,0,1,5,p_1.30.24_LL3f_mi,2
311,164,132,217,682,315,367,0,1,5,p_1.30.24_LL3f_mi,2
312,177,147,223,666,306,360,0,1,5,p_1.30.24_LL3f_mi,2
313,176,143,230,655,308,347,0,1,5,p_1.30.24_LL3f_mi,2
314,168,130,220,673,334,339,0,1,5,p_1.30.24_LL3f_mi,2
315,174,139,226,657,328,329,0,1,5,p_1.30.24_LL3f_mi,2
316,169,139,225,663,330,333,0,1,5,p_1.30.24_LL3f_mi,2
317,169,138,220,675,332,343,0,1,5,p_1.30.24_LL3f_mi,2
318,175,139,223,666,330,336,0,1,5,p_1.30.24_LL3f_mi,2
319,179,131,229,642,324,318,0,1,5,p_1.30.24_LL3f_mi,2
320,179,137,228,651,337,314,0,1,5,p_1.30.24_LL3f_mi,2
321,167,131,220,678,346,332,0,1,5,p_1.30.24_LL3f_mi,2
322,174,135,223,664,332,332,0,1,5,p_1.30.24_LL3f_mi,2
323,170,142,219,672,318,354,0,1,5,p_1.30.24_LL3f_mi,2
324,167,134,218,689,318,371,0,1,5,p_1.30.24_LL3f_mi,2
325,173,137,223,661,314,347,0,1,5,p_1.30.24_LL3f_mi,2
326,169,131,216,693,335,358,0,1,5,p_1.30.24_LL3f_mi,2
327,185,141,233,629,322,307,0,1,5,p_1.30.24_LL3f_mi,2
328,177,133,236,623,318,305,0,1,5,p_1.30.24_LL3f_mi,2
329,182,136,230,643,312,331,0,1,5,p_1.30.24_LL3f_mi,2
330,173,138,223,666,308,358,0,1,5,p_1.30.24_LL3f_mi,2
331,173,142,226,660,291,369,0,1,5,p_1.30.24_LL3f_mi,2
332,184,146,230,646,300,346,0,1,5,p_1.30.24_LL3f_mi,2
333,168,128,214,682,320,362,0,1,5,p_1.30.24_LL3f_mi,2
334,169,135,217,685,330,355,0,1,5,p_1.30.24_LL3f_mi,2
335,180,141,231,642,324,318,0,1,5,p_1.30.24_LL3f_mi,2
336,180,143,228,652,333,319,0,1,5,p_1.30.24_LL3f_mi,2
337,171,129,219,681,336,345,0,1,5,p_1.30.24_LL3f_mi,2
338,175,142,225,657,321,336,0,1,5,p_1.30.24_LL3f_mi,2
339,176,135,231,641,304,337,0,1,5,p_1.30.24_LL3f_mi,2
340,175,141,229,660,324,336,0,1,5,p_1.30.24_LL3f_mi,2
341,174,139,221,666,332,334,0,1,5,p_1.30.24_LL3f_mi,2
342,170,133,218,682,319,363,0,1,5,p_1.30.24_LL3f_mi,2
343,178,140,221,676,313,363,0,1,5,p_1.30.24_LL3f_mi,2
344,168,126,215,679,326,353,0,1,5,p_1.30.24_LL3f_mi,2
345,179,136,229,643,312,331,0,1,5,p_1.30.24_LL3f_mi,2
346,168,135,220,678,330,348,0,1,5,p_1.30.24_LL3f_mi,2
347,170,130,230,640,317,323,0,1,5,p_1.30.24_LL3f_mi,2
348,181,136,234,622,296,326,0,1,5,p_1.30.24_LL3f_mi,2
349,179,142,230,643,302,341,0,1,5,p_1.30.24_LL3f_mi,2
350,171,140,219,675,324,351,0,1,5,p_1.30.24_LL3f_mi,2
1,4,4,6,637,314,323,0,1,1,p_1.30.24_LL3f_mi,3
2,105,93,134,845,405,440,0,1,1,p_1.30.24_LL3f_mi,3
3,131,107,169,785,386,399,0,1,1,p_1.30.24_LL3f_mi,3
4,161,133,203,715,345,370,0,1,1,p_1.30.24_LL3f_mi,3
5,178,130,228,651,325,326,0,1,1,p_1.30.24_LL3f_mi,3
6,179,137,233,639,304,335,0,1,1,p_1.30.24_LL3f_mi,3
7,177,141,226,662,318,344,0,1,1,p_1.30.24_LL3f_mi,3
8,175,136,224,664,311,353,0,1,1,p_1.30.24_LL3f_mi,3
9,164,122,217,681,316,365,0,1,1,p_1.30.24_LL3f_mi,3
10,178,135,228,649,315,334,0,1,1,p_1.30.24_LL3f_mi,3
11,177,137,229,652,329,323,0,1,1,p_1.30.24_LL3f_mi,3
12,163,129,221,675,335,340,0,1,1,p_1.30.24_LL3f_mi,3
13,177,126,224,664,344,320,0,1,1,p_1.30.24_LL3f_mi,3
14,166,131,221,672,356,316,0,1,1,p_1.30.24_LL3f_mi,3
15,170,124,221,678,351,327,0,1,1,p_1.30.24_LL3f_mi,3
16,175,130,223,663,332,331,0,1,1,p_1.30.24_LL3f_mi,3
17,172,122,223,664,347,317,0,1,1,p_1.30.24_LL3f_mi,3
18,172,141,225,661,329,332,0,1,1,p_1.30.24_LL3f_mi,3
19,166,134,227,659,325,334,0,1,1,p_1.30.24_LL3f_mi,3
20,167,137,219,677,321,356,0,1,1,p_1.30.24_LL3f_mi,3
21,172,137,227,651,316,335,0,1,1,p_1.30.24_LL3f_mi,3
22,172,142,220,674,322,352,0,1,1,p_1.30.24_LL3f_mi,3
23,181,141,232,639,300,339,0,1,1,p_1.30.24_LL3f_mi,3
24,179,136,230,638,319,319,0,1,1,p_1.30.24_LL3f_mi,3
25,178,142,225,663,337,326,0,1,1,p_1.30.24_LL3f_mi,3
26,163,134,208,711,365,346,0,1,1,p_1.30.24_LL3f_mi,3
27,180,130,229,652,333,319,0,1,1,p_1.30.24_LL3f_mi,3
28,169,135,225,658,339,319,0,1,1,p_1.30.24_LL3f_mi,3
29,176,143,221,664,342,322,0,1,1,p_1.30.24_LL3f_mi,3
30,178,133,222,667,340,327,0,1,1,p_1.30.24_LL3f_mi,3
31,175,138,222,666,321,345,0,1,1,p_1.30.24_LL3f_mi,3
32,169,130,223,671,305,366,0,1,1,p_1.30.24_LL3f_mi,3
33,171,138,222,673,307,366,0,1,1,p_1.30.24_LL3f_mi,3
34,176,134,232,637,299,338,0,1,1,p_1.30.24_LL3f_mi,3
35,165,131,222,665,313,352,0,1,1,p_1.30.24_LL3f_mi,3
36,178,142,224,664,336,328,0,1,1,p_1.30.24_LL3f_mi,3
37,180,134,224,665,335,330,0,1,1,p_1.30.24_LL3f_mi,3
38,172,134,227,654,327,327,0,1,1,p_1.30.24_LL3f_mi,3
39,176,137,225,665,325,340,0,1,1,p_1.30.24_LL3f_mi,3
40,178,138,224,666,337,329,0,1,1,p_1.30.24_LL3f_mi,3
41,171,134,217,678,333,345,0,1,1,p_1.30.24_LL3f_mi,3
42,176,134,225,666,346,320,0,1,1,p_1.30.24_LL3f_mi,3
43,175,129,227,659,345,314,0,1,1,p_1.30.24_LL3f_mi,3
44,167,131,218,681,357,324,0,1,1,p_1.30.24_LL3f_mi,3
45,173,127,226,665,339,326,0,1,1,p_1.30.24_LL3f_mi,3
46,179,137,225,659,342,317,0,1,1,p_1.30.24_LL3f_mi,3
47,171,142,217,681,357,324,0,1,1,p_1.30.24_LL3f_mi,3
48,175,143,229,648,328,320,0,1,1,p_1.30.24_LL3f_mi,3
49,178,145,226,655,331,324,0,1,1,p_1.30.24_LL3f_mi,3
50,179,142,227,658,322,336,0,1,1,p_1.30.24_LL3f_mi,3
51,166,128,209,711,361,350,0,1,1,p_1.30.24_LL3f_mi,3
52,173,132,222,677,340,337,0,1,1,p_1.30.24_LL3f_mi,3
53,167,135,225,656,340,316,0,1,1,p_1.30.24_LL3f_mi,3
54,176,135,227,654,333,321,0,1,1,p_1.30.24_LL3f_mi,3
55,177,137,224,671,340,331,0,1,1,p_1.30.24_LL3f_mi,3
56,172,139,225,665,329,336,0,1,1,p_1.30.24_LL3f_mi,3
57,180,138,230,646,306,340,0,1,1,p_1.30.24_LL3f_mi,3
58,165,133,222,665,318,347,0,1,1,p_1.30.24_LL3f_mi,3
59,175,134,229,647,315,332,0,1,1,p_1.30.24_LL3f_mi,3
60,181,138,231,640,321,319,0,1,1,p_1.30.24_LL3f_mi,3
61,172,132,222,676,337,339,0,1,1,p_1.30.24_LL3f_mi,3
62,171,137,228,653,313,340,0,1,1,p_1.30.24_LL3f_mi,3
63,180,131,227,662,319,343,0,1,1,p_1.30.24_LL3f_mi,3
64,171,137,223,665,328,337,0,1,1,p_1.30.24_LL3f_mi,3
65,165,131,216,687,345,342,0,1,1,p_1.30.24_LL3f_mi,3
66,175,129,223,668,337,331,0,1,1,p_1.30.24_LL3f_mi,3
67,166,125,216,682,354,328,0,1,1,p_1.30.24_LL3f_mi,3
68,188,139,231,647,334,313,0,1,1,p_1.30.24_LL3f_mi,3
69,176,139,219,676,338,338,0,1,1,p_1.30.24_LL3f_mi,3
70,169,129,220,676,331,345,0,1,1,p_1.30.24_LL3f_mi,3
71,175,137,221,670,336,334,0,1,1,p_1.30.24_LL3f_mi,3
72,180,134,222,665,329,336,0,1,1,p_1.30.24_LL3f_mi,3
73,176,133,215,691,348,343,0,1,1,p_1.30.24_LL3f_mi,3
74,184,142,229,644,321,323,0,1,1,p_1.30.24_LL3f_mi,3
75,172,141,221,671,323,348,0,1,1,p_1.30.24_LL3f_mi,3
76,162,137,204,720,360,360,0,1,1,p_1.30.24_LL3f_mi,3
77,180,136,231,644,324,320,0,1,1,p_1.30.24_LL3f_mi,3
78,175,137,227,659,335,324,0,1,1,p_1.30.24_LL3f_mi,3
79,173,146,214,689,337,352,0,1,1,p_1.30.24_LL3f_mi,3
80,170,140,217,682,335,347,0,1,1,p_1.30.24_LL3f_mi,3
81,171,130,221,672,340,332,0,1,1,p_1.30.24_LL3f_mi,3
82,168,133,221,676,344,332,0,1,1,p_1.30.24_LL3f_mi,3
83,183,136,228,643,313,330,0,1,1,p_1.30.24_LL3f_mi,3
84,180,142,227,659,330,329,0,1,1,p_1.30.24_LL3f_mi,3
85,177,129,229,646,329,317,0,1,1,p_1.30.24_LL3f_mi,3
86,179,138,231,635,309,326,0,1,1,p_1.30.24_LL3f_mi,3
87,174,132,227,658,323,335,0,1,1,p_1.30.24_LL3f_mi,3
88,179,141,224,662,319,343,0,1,1,p_1.30.24_LL3f_mi,3
89,174,137,222,670,328,342,0,1,1,p_1.30.24_LL3f_mi,3
90,176,141,228,651,320,331,0,1,1,p_1.30.24_LL3f_mi,3
91,173,140,225,659,310,349,0,1,1,p_1.30.24_LL3f_mi,3
92,161,134,215,684,330,354,0,1,1,p_1.30.24_LL3f_mi,3
93,177,137,226,659,323,336,0,1,1,p_1.30.24_LL3f_mi,3
94,180,136,224,659,339,320,0,1,1,p_1.30.24_LL3f_mi,3
95,177,131,229,654,349,305,0,1,1,p_1.30.24_LL3f_mi,3
96,167,124,222,675,355,320,0,1,1,p_1.30.24_LL3f_mi,3
97,170,140,216,688,361,327,0,1,1,p_1.30.24_LL3f_mi,3
98,162,130,209,704,373,331,0,1,1,p_1.30.24_LL3f_mi,3
99,172,135,226,661,332,329,0,1,1,p_1.30.24_LL3f_mi,3
100,160,126,197,651,312,339,0,1,1,p_1.30.24_LL3f_mi,3
101,109,91,141,682,324,358,0,1,1,p_1.30.24_LL3f_mi,3
102,120,102,156,580,273,307,0,1,1,p_1.30.24_LL3f_mi,3
103,111,91,137,535,254,281,0,1,1,p_1.30.24_LL3f_mi,3
104,97,73,124,484,234,250,0,1,1,p_1.30.24_LL3f_mi,3
105,91,72,114,428,209,219,0,1,1,p_1.30.24_LL3f_mi,3
106,78,60,98,378,190,188,0,1,1,p_1.30.24_LL3f_mi,3
107,59,46,74,348,180,168,0,1,1,p_1.30.24_LL3f_mi,3
108,58,43,76,262,135,127,0,1,1,p_1.30.24_LL3f_mi,3
109,29,26,38,257,139,118,0,1,1,p_1.30.24_LL3f_mi,3
110,24,17,32,201,109,92,0,1,1,p_1.30.24_LL3f_mi,3
111,28,21,38,155,86,69,0,1,1,p_1.30.24_LL3f_mi,3
112,29,26,35,143,77,66,0,1,1,p_1.30.24_LL3f_mi,3
113,27,19,36,117,70,47,0,1,1,p_1.30.24_LL3f_mi,3
114,25,18,35,115,66,49,0,1,1,p_1.30.24_LL3f_mi,3
115,26,23,34,106,60,46,0,1,1,p_1.30.24_LL3f_mi,3
116,25,21,32,99,57,42,0,1,1,p_1.30.24_LL3f_mi,3
117,24,20,32,92,50,42,0,1,1,p_1.30.24_LL3f_mi,3
118,26,20,34,107,53,54,0,1,1,p_1.30.24_LL3f_mi,3
119,27,22,33,111,51,60,0,1,1,p_1.30.24_LL3f_mi,3
120,30,25,37,107,55,52,0,1,1,p_1.30.24_LL3f_mi,3
121,25,19,33,102,55,47,0,1,1,p_1.30.24_LL3f_mi,3
122,28,21,35,107,63,44,0,1,1,p_1.30.24_LL3f_mi,3
123,24,21,33,104,54,50,0,1,1,p_1.30.24_LL3f_mi,3
124,25,20,33,103,56,47,0,1,1,p_1.30.24_LL3f_mi,3
125,26,19,37,127,65,62,16,1,1,p_1.30.24_LL3f_mi,3
126,27,23,36,129,67,62,10,1,1,p_1.30.24_LL3f_mi,3
127,29,21,35,120,58,62,10,1,1,p_1.30.24_LL3f_mi,3
128,28,22,35,112,54,58,5,1,1,p_1.30.24_LL3f_mi,3
129,28,25,36,111,54,57,2,1,1,p_1.30.24_LL3f_mi,3
130,28,20,36,112,55,57,1,1,1,p_1.30.24_LL3f_mi,3
131,27,20,34,108,50,58,0,1,1,p_1.30.24_LL3f_mi,3
132,32,26,37,117,49,68,0,1,1,p_1.30.24_LL3f_mi,3
133,25,20,35,106,49,57,0,1,1,p_1.30.24_LL3f_mi,3
134,24,19,32,95,48,47,0,1,1,p_1.30.24_LL3f_mi,3
135,25,18,33,95,57,38,0,1,1,p_1.30.24_LL3f_mi,3
136,27,21,34,101,57,44,0,1,1,p_1.30.24_LL3f_mi,3
137,23,18,30,86,46,40,0,1,1,p_1.30.24_LL3f_mi,3
138,26,20,31,82,43,39,0,1,1,p_1.30.24_LL3f_mi,3
139,26,19,33,91,45,46,0,1,1,p_1.30.24_LL3f_mi,3
140,28,22,36,118,59,59,18,1,1,p_1.30.24_LL3f_mi,3
141,21,17,32,109,55,54,14,1,1,p_1.30.24_LL3f_mi,3
142,24,19,33,110,52,58,6,1,1,p_1.30.24_LL3f_mi,3
143,26,22,34,107,50,57,3,1,1,p_1.30.24_LL3f_mi,3
144,26,22,35,112,46,66,1,1,1,p_1.30.24_LL3f_mi,3
145,26,19,34,108,49,59,0,1,1,p_1.30.24_LL3f_mi,3
146,26,20,33,99,48,51,0,1,1,p_1.30.24_LL3f_mi,3
147,25,20,32,98,47,51,0,1,1,p_1.30.24_LL3f_mi,3
148,25,20,32,100,48,52,0,1,1,p_1.30.24_LL3f_mi,3
149,25,22,34,102,52,50,0,1,1,p_1.30.24_LL3f_mi,3
150,24,23,34,106,51,55,0,1,1,p_1.30.24_LL3f_mi,3
151,45,31,64,98,45,53,0,1,1,p_1.30.24_LL3f_mi,3
152,55,40,86,127,56,71,0,1,1,p_1.30.24_LL3f_mi,3
153,77,58,117,183,79,104,0,1,1,p_1.30.24_LL3f_mi,3
154,107,71,143,250,119,131,0,1,1,p_1.30.24_LL3f_mi,3
155,124,86,161,319,158,161,19,1,1,p_1.30.24_LL3f_mi,3
156,135,98,177,388,194,194,14,1,1,p_1.30.24_LL3f_mi,3
157,153,120,193,461,221,240,7,1,1,p_1.30.24_LL3f_mi,3
158,158,119,206,514,251,263,3,1,1,p_1.30.24_LL3f_mi,3
159,179,127,226,538,256,282,2,1,1,p_1.30.24_LL3f_mi,3
160,187,141,243,590,291,299,0,1,1,p_1.30.24_LL3f_mi,3
161,175,128,224,658,328,330,0,1,1,p_1.30.24_LL3f_mi,3
162,177,137,225,654,333,321,0,1,1,p_1.30.24_LL3f_mi,3
163,174,133,218,684,347,337,0,1,1,p_1.30.24_LL3f_mi,3
164,174,131,224,666,329,337,0,1,1,p_1.30.24_LL3f_mi,3
165,170,136,219,672,329,343,0,1,1,p_1.30.24_LL3f_mi,3
166,178,133,227,657,338,319,0,1,1,p_1.30.24_LL3f_mi,3
167,185,142,233,639,321,318,0,1,1,p_1.30.24_LL3f_mi,3
168,178,143,227,659,318,341,0,1,1,p_1.30.24_LL3f_mi,3
169,180,133,228,654,314,340,0,1,1,p_1.30.24_LL3f_mi,3
170,177,138,220,684,333,351,18,1,1,p_1.30.24_LL3f_mi,3
171,172,134,223,675,318,357,12,1,1,p_1.30.24_LL3f_mi,3
172,180,143,227,657,304,353,6,1,1,p_1.30.24_LL3f_mi,3
173,176,139,223,671,308,363,1,1,1,p_1.30.24_LL3f_mi,3
174,174,139,223,664,311,353,1,1,1,p_1.30.24_LL3f_mi,3
175,177,134,222,661,315,346,1,1,1,p_1.30.24_LL3f_mi,3
176,154,125,206,713,353,360,0,1,1,p_1.30.24_LL3f_mi,3
177,177,134,221,668,324,344,0,1,1,p_1.30.24_LL3f_mi,3
178,177,131,229,661,334,327,0,1,1,p_1.30.24_LL3f_mi,3
179,178,136,224,663,333,330,0,1,1,p_1.30.24_LL3f_mi,3
180,173,136,223,663,336,327,0,1,1,p_1.30.24_LL3f_mi,3
181,171,136,220,675,324,351,0,1,1,p_1.30.24_LL3f_mi,3
182,178,147,227,656,319,337,0,1,1,p_1.30.24_LL3f_mi,3
183,176,138,224,663,315,348,0,1,1,p_1.30.24_LL3f_mi,3
184,178,133,227,652,317,335,0,1,1,p_1.30.24_LL3f_mi,3
185,172,130,217,683,351,332,0,1,1,p_1.30.24_LL3f_mi,3
186,169,137,221,676,356,320,0,1,1,p_1.30.24_LL3f_mi,3
187,179,140,226,654,326,328,0,1,1,p_1.30.24_LL3f_mi,3
188,168,124,225,666,334,332,0,1,1,p_1.30.24_LL3f_mi,3
189,171,138,227,654,327,327,0,1,1,p_1.30.24_LL3f_mi,3
190,181,142,231,647,311,336,0,1,1,p_1.30.24_LL3f_mi,3
191,174,129,224,671,314,357,0,1,1,p_1.30.24_LL3f_mi,3
192,170,130,219,677,315,362,0,1,1,p_1.30.24_LL3f_mi,3
193,177,130,217,681,326,355,0,1,1,p_1.30.24_LL3f_mi,3
194,185,148,230,644,299,345,0,1,1,p_1.30.24_LL3f_mi,3
195,174,132,227,653,319,334,0,1,1,p_1.30.24_LL3f_mi,3
196,181,133,228,653,319,334,0,1,1,p_1.30.24_LL3f_mi,3
197,173,131,225,658,328,330,0,1,1,p_1.30.24_LL3f_mi,3
198,165,131,221,671,331,340,0,1,1,p_1.30.24_LL3f_mi,3
199,186,139,230,645,328,317,0,1,1,p_1.30.24_LL3f_mi,3
200,171,134,223,667,345,322,0,1,1,p_1.30.24_LL3f_mi,3
201,153,124,196,735,390,345,0,1,1,p_1.30.24_LL3f_mi,3
202,172,131,228,649,338,311,0,1,1,p_1.30.24_LL3f_mi,3
203,178,138,226,664,339,325,0,1,1,p_1.30.24_LL3f_mi,3
204,177,139,229,647,316,331,0,1,1,p_1.30.24_LL3f_mi,3
205,178,140,226,661,325,336,0,1,1,p_1.30.24_LL3f_mi,3
206,176,139,231,639,328,311,0,1,1,p_1.30.24_LL3f_mi,3
207,171,137,225,660,326,334,0,1,1,p_1.30.24_LL3f_mi,3
208,175,135,228,648,330,318,0,1,1,p_1.30.24_LL3f_mi,3
209,182,142,232,642,321,321,0,1,1,p_1.30.24_LL3f_mi,3
210,178,135,218,684,350,334,0,1,1,p_1.30.24_LL3f_mi,3
211,175,133,227,662,346,316,0,1,1,p_1.30.24_LL3f_mi,3
212,162,128,214,691,358,333,0,1,1,p_1.30.24_LL3f_mi,3
213,170,141,220,676,339,337,0,1,1,p_1.30.24_LL3f_mi,3
214,162,138,216,688,327,361,0,1,1,p_1.30.24_LL3f_mi,3
215,167,127,232,640,311,329,0,1,1,p_1.30.24_LL3f_mi,3
216,174,143,228,657,324,333,0,1,1,p_1.30.24_LL3f_mi,3
217,173,130,226,656,332,324,0,1,1,p_1.30.24_LL3f_mi,3
218,174,138,218,684,335,349,0,1,1,p_1.30.24_LL3f_mi,3
219,168,133,216,689,327,362,0,1,1,p_1.30.24_LL3f_mi,3
220,175,137,224,671,327,344,0,1,1,p_1.30.24_LL3f_mi,3
221,179,136,228,654,332,322,0,1,1,p_1.30.24_LL3f_mi,3
222,187,142,231,650,334,316,0,1,1,p_1.30.24_LL3f_mi,3
223,170,134,221,674,346,328,0,1,1,p_1.30.24_LL3f_mi,3
224,175,135,223,671,343,328,0,1,1,p_1.30.24_LL3f_mi,3
225,169,132,215,693,345,348,0,1,1,p_1.30.24_LL3f_mi,3
226,163,130,205,719,352,367,0,1,1,p_1.30.24_LL3f_mi,3
227,179,136,230,644,315,329,0,1,1,p_1.30.24_LL3f_mi,3
228,175,136,222,670,338,332,0,1,1,p_1.30.24_LL3f_mi,3
229,174,128,222,668,340,328,0,1,1,p_1.30.24_LL3f_mi,3
230,177,135,225,667,338,329,0,1,1,p_1.30.24_LL3f_mi,3
231,174,144,227,659,334,325,0,1,1,p_1.30.24_LL3f_mi,3
232,174,130,221,677,328,349,0,1,1,p_1.30.24_LL3f_mi,3
233,167,139,223,664,316,348,0,1,1,p_1.30.24_LL3f_mi,3
234,170,143,216,686,336,350,0,1,1,p_1.30.24_LL3f_mi,3
235,180,132,231,644,322,322,0,1,1,p_1.30.24_LL3f_mi,3
236,176,135,226,658,317,341,0,1,1,p_1.30.24_LL3f_mi,3
237,169,132,224,665,324,341,0,1,1,p_1.30.24_LL3f_mi,3
238,170,129,223,678,331,347,0,1,1,p_1.30.24_LL3f_mi,3
239,173,136,223,672,329,343,0,1,1,p_1.30.24_LL3f_mi,3
240,166,128,215,684,331,353,0,1,1,p_1.30.24_LL3f_mi,3
241,179,139,226,662,329,333,0,1,1,p_1.30.24_LL3f_mi,3
242,174,131,221,672,330,342,0,1,1,p_1.30.24_LL3f_mi,3
243,176,137,225,666,326,340,0,1,1,p_1.30.24_LL3f_mi,3
244,171,135,220,675,337,338,0,1,1,p_1.30.24_LL3f_mi,3
245,172,136,225,665,317,348,0,1,1,p_1.30.24_LL3f_mi,3
246,179,138,227,648,331,317,0,1,1,p_1.30.24_LL3f_mi,3
247,172,133,221,674,343,331,0,1,1,p_1.30.24_LL3f_mi,3
248,169,138,216,689,352,337,0,1,1,p_1.30.24_LL3f_mi,3
249,164,129,218,685,361,324,0,1,1,p_1.30.24_LL3f_mi,3
250,175,135,220,675,362,313,0,1,1,p_1.30.24_LL3f_mi,3
251,164,126,212,706,390,316,0,1,1,p_1.30.24_LL3f_mi,3
252,174,136,222,674,366,308,0,1,1,p_1.30.24_LL3f_mi,3
253,178,132,229,658,340,318,0,1,1,p_1.30.24_LL3f_mi,3
254,165,134,214,692,360,332,0,1,1,p_1.30.24_LL3f_mi,3
255,174,138,222,666,349,317,0,1,1,p_1.30.24_LL3f_mi,3
256,175,138,215,687,345,342,0,1,1,p_1.30.24_LL3f_mi,3
257,173,141,218,680,342,338,0,1,1,p_1.30.24_LL3f_mi,3
258,175,136,223,667,326,341,0,1,1,p_1.30.24_LL3f_mi,3
259,182,139,230,644,301,343,0,1,1,p_1.30.24_LL3f_mi,3
260,171,136,225,662,325,337,0,1,1,p_1.30.24_LL3f_mi,3
261,175,138,219,679,345,334,0,1,1,p_1.30.24_LL3f_mi,3
262,172,125,221,673,365,308,0,1,1,p_1.30.24_LL3f_mi,3
263,181,134,229,653,358,295,0,1,1,p_1.30.24_LL3f_mi,3
264,173,134,226,652,351,301,0,1,1,p_1.30.24_LL3f_mi,3
265,177,130,226,660,365,295,0,1,1,p_1.30.24_LL3f_mi,3
266,173,136,219,676,344,332,0,1,1,p_1.30.24_LL3f_mi,3
267,166,131,217,683,355,328,0,1,1,p_1.30.24_LL3f_mi,3
268,181,137,231,633,340,293,0,1,1,p_1.30.24_LL3f_mi,3
269,178,128,231,642,347,295,0,1,1,p_1.30.24_LL3f_mi,3
270,167,130,221,673,363,310,0,1,1,p_1.30.24_LL3f_mi,3
271,184,138,230,652,346,306,0,1,1,p_1.30.24_LL3f_mi,3
272,177,133,223,667,355,312,0,1,1,p_1.30.24_LL3f_mi,3
273,177,139,227,651,352,299,0,1,1,p_1.30.24_LL3f_mi,3
274,168,129,221,672,357,315,0,1,1,p_1.30.24_LL3f_mi,3
275,181,139,228,652,332,320,0,1,1,p_1.30.24_LL3f_mi,3
276,169,133,214,696,340,356,0,1,1,p_1.30.24_LL3f_mi,3
277,179,137,227,652,332,320,0,1,1,p_1.30.24_LL3f_mi,3
278,175,138,228,656,338,318,0,1,1,p_1.30.24_LL3f_mi,3
279,175,137,230,650,334,316,0,1,1,p_1.30.24_LL3f_mi,3
280,180,133,215,689,359,330,0,1,1,p_1.30.24_LL3f_mi,3
281,177,131,227,654,341,313,0,1,1,p_1.30.24_LL3f_mi,3
282,177,143,228,653,337,316,0,1,1,p_1.30.24_LL3f_mi,3
283,176,137,221,675,362,313,0,1,1,p_1.30.24_LL3f_mi,3
284,186,148,225,653,340,313,0,1,1,p_1.30.24_LL3f_mi,3
285,171,142,223,671,351,320,0,1,1,p_1.30.24_LL3f_mi,3
286,167,133,220,673,338,335,0,1,1,p_1.30.24_LL3f_mi,3
287,176,141,218,679,331,348,0,1,1,p_1.30.24_LL3f_mi,3
288,180,132,221,670,314,356,0,1,1,p_1.30.24_LL3f_mi,3
289,180,135,230,637,309,328,0,1,1,p_1.30.24_LL3f_mi,3
290,177,138,233,638,299,339,0,1,1,p_1.30.24_LL3f_mi,3
291,177,135,228,654,318,336,0,1,1,p_1.30.24_LL3f_mi,3
292,177,139,223,664,341,323,0,1,1,p_1.30.24_LL3f_mi,3
293,163,129,222,676,360,316,0,1,1,p_1.30.24_LL3f_mi,3
294,180,130,224,662,350,312,0,1,1,p_1.30.24_LL3f_mi,3
295,175,136,225,664,330,334,0,1,1,p_1.30.24_LL3f_mi,3
296,169,135,218,682,337,345,0,1,1,p_1.30.24_LL3f_mi,3
297,175,141,218,680,343,337,0,1,1,p_1.30.24_LL3f_mi,3
298,176,138,226,658,333,325,0,1,1,p_1.30.24_LL3f_mi,3
299,187,138,237,628,314,314,0,1,1,p_1.30.24_LL3f_mi,3
300,178,136,226,659,337,322,0,1,1,p_1.30.24_LL3f_mi,3
301,164,126,208,710,357,353,0,1,1,p_1.30.24_LL3f_mi,3
302,176,143,223,667,335,332,0,1,1,p_1.30.24_LL3f_mi,3
303,172,122,223,664,346,318,0,1,1,p_1.30.24_LL3f_mi,3
304,188,133,233,638,343,295,0,1,1,p_1.30.24_LL3f_mi,3
305,181,138,224,661,337,324,0,1,1,p_1.30.24_LL3f_mi,3
306,185,140,232,640,314,326,0,1,1,p_1.30.24_LL3f_mi,3
307,172,135,218,682,326,356,0,1,1,p_1.30.24_LL3f_mi,3
308,169,137,214,692,332,360,0,1,1,p_1.30.24_LL3f_mi,3
309,177,135,226,664,309,355,0,1,1,p_1.30.24_LL3f_mi,3
310,174,137,222,667,326,341,0,1,1,p_1.30.24_LL3f_mi,3
311,184,140,230,649,317,332,0,1,1,p_1.30.24_LL3f_mi,3
312,164,124,218,684,341,343,0,1,1,p_1.30.24_LL3f_mi,3
313,182,140,229,656,325,331,0,1,1,p_1.30.24_LL3f_mi,3
314,175,133,218,682,343,339,0,1,1,p_1.30.24_LL3f_mi,3
315,177,138,222,666,341,325,0,1,1,p_1.30.24_LL3f_mi,3
316,181,140,232,642,335,307,0,1,1,p_1.30.24_LL3f_mi,3
317,178,133,225,656,336,320,0,1,1,p_1.30.24_LL3f_mi,3
318,174,135,226,658,334,324,0,1,1,p_1.30.24_LL3f_mi,3
319,168,132,217,684,332,352,0,1,1,p_1.30.24_LL3f_mi,3
320,181,150,230,645,319,326,0,1,1,p_1.30.24_LL3f_mi,3
321,177,144,233,642,310,332,0,1,1,p_1.30.24_LL3f_mi,3
322,176,139,220,678,322,356,0,1,1,p_1.30.24_LL3f_mi,3
323,175,139,220,673,327,346,0,1,1,p_1.30.24_LL3f_mi,3
324,176,135,228,651,316,335,0,1,1,p_1.30.24_LL3f_mi,3
325,176,135,228,652,310,342,0,1,1,p_1.30.24_LL3f_mi,3
326,165,122,214,699,337,362,0,1,1,p_1.30.24_LL3f_mi,3
327,172,133,219,682,349,333,0,1,1,p_1.30.24_LL3f_mi,3
328,178,139,220,671,339,332,0,1,1,p_1.30.24_LL3f_mi,3
329,180,145,225,660,343,317,0,1,1,p_1.30.24_LL3f_mi,3
330,177,131,227,652,333,319,0,1,1,p_1.30.24_LL3f_mi,3
331,177,137,229,652,322,330,0,1,1,p_1.30.24_LL3f_mi,3
332,177,137,224,666,330,336,0,1,1,p_1.30.24_LL3f_mi,3
333,166,131,218,677,331,346,0,1,1,p_1.30.24_LL3f_mi,3
334,173,139,221,669,320,349,0,1,1,p_1.30.24_LL3f_mi,3
335,173,141,226,661,321,340,0,1,1,p_1.30.24_LL3f_mi,3
336,181,143,230,645,321,324,0,1,1,p_1.30.24_LL3f_mi,3
337,174,133,226,658,326,332,0,1,1,p_1.30.24_LL3f_mi,3
338,171,136,224,666,322,344,0,1,1,p_1.30.24_LL3f_mi,3
339,166,135,219,677,341,336,0,1,1,p_1.30.24_LL3f_mi,3
340,178,141,215,687,346,341,0,1,1,p_1.30.24_LL3f_mi,3
341,161,131,212,694,343,351,0,1,1,p_1.30.24_LL3f_mi,3
342,169,137,227,659,320,339,0,1,1,p_1.30.24_LL3f_mi,3
343,174,132,226,654,336,318,0,1,1,p_1.30.24_LL3f_mi,3
344,177,128,230,651,324,327,0,1,1,p_1.30.24_LL3f_mi,3
345,172,137,224,664,335,329,0,1,1,p_1.30.24_LL3f_mi,3
346,177,134,225,664,325,339,0,1,1,p_1.30.24_LL3f_mi,3
347,164,131,214,690,334,356,0,1,1,p_1.30.24_LL3f_mi,3
348,173,144,223,666,318,348,0,1,1,p_1.30.24_LL3f_mi,3
349,177,146,225,663,307,356,0,1,1,p_1.30.24_LL3f_mi,3
350,175,149,220,676,322,354,0,1,1,p_1.30.24_LL3f_mi,3
1,2,2,2,650,336,314,0,1,2,p_1.30.24_LL3f_mi,3
2,113,98,137,837,414,423,0,1,2,p_1.30.24_LL3f_mi,3
3,145,114,180,765,385,380,0,1,2,p_1.30.24_LL3f_mi,3
4,164,130,206,709,361,348,0,1,2,p_1.30.24_LL3f_mi,3
5,176,139,226,651,328,323,0,1,2,p_1.30.24_LL3f_mi,3
6,176,137,224,672,334,338,0,1,2,p_1.30.24_LL3f_mi,3
7,184,140,226,663,331,332,0,1,2,p_1.30.24_LL3f_mi,3
8,172,132,221,677,342,335,0,1,2,p_1.30.24_LL3f_mi,3
9,173,133,228,654,324,330,0,1,2,p_1.30.24_LL3f_mi,3
10,175,140,223,661,328,333,0,1,2,p_1.30.24_LL3f_mi,3
11,173,138,221,674,350,324,0,1,2,p_1.30.24_LL3f_mi,3
12,167,126,220,672,341,331,0,1,2,p_1.30.24_LL3f_mi,3
13,169,132,222,674,341,333,0,1,2,p_1.30.24_LL3f_mi,3
14,177,133,229,646,322,324,0,1,2,p_1.30.24_LL3f_mi,3
15,169,132,225,663,327,336,0,1,2,p_1.30.24_LL3f_mi,3
16,178,143,221,668,342,326,0,1,2,p_1.30.24_LL3f_mi,3
17,174,142,226,661,342,319,0,1,2,p_1.30.24_LL3f_mi,3
18,175,131,226,661,322,339,0,1,2,p_1.30.24_LL3f_mi,3
19,177,142,221,672,324,348,0,1,2,p_1.30.24_LL3f_mi,3
20,178,140,226,662,321,341,0,1,2,p_1.30.24_LL3f_mi,3
21,172,138,223,664,334,330,0,1,2,p_1.30.24_LL3f_mi,3
22,187,147,234,624,309,315,0,1,2,p_1.30.24_LL3f_mi,3
23,174,132,225,660,328,332,0,1,2,p_1.30.24_LL3f_mi,3
24,184,145,229,650,316,334,0,1,2,p_1.30.24_LL3f_mi,3
25,172,137,226,659,315,344,0,1,2,p_1.30.24_LL3f_mi,3
26,163,132,209,712,346,366,0,1,2,p_1.30.24_LL3f_mi,3
27,166,136,214,690,337,353,0,1,2,p_1.30.24_LL3f_mi,3
28,180,138,230,642,311,331,0,1,2,p_1.30.24_LL3f_mi,3
29,185,149,230,646,307,339,0,1,2,p_1.30.24_LL3f_mi,3
30,174,144,224,660,320,340,0,1,2,p_1.30.24_LL3f_mi,3
31,191,153,231,639,306,333,0,1,2,p_1.30.24_LL3f_mi,3
32,173,140,226,654,317,337,0,1,2,p_1.30.24_LL3f_mi,3
33,169,128,220,669,329,340,0,1,2,p_1.30.24_LL3f_mi,3
34,167,127,217,684,337,347,0,1,2,p_1.30.24_LL3f_mi,3
35,177,132,226,665,336,329,0,1,2,p_1.30.24_LL3f_mi,3
36,168,142,219,687,334,353,0,1,2,p_1.30.24_LL3f_mi,3
37,178,140,227,654,297,357,0,1,2,p_1.30.24_LL3f_mi,3
38,174,135,223,669,289,380,0,1,2,p_1.30.24_LL3f_mi,3
39,179,142,223,668,301,367,0,1,2,p_1.30.24_LL3f_mi,3
40,173,134,223,673,312,361,0,1,2,p_1.30.24_LL3f_mi,3
41,178,135,222,676,317,359,0,1,2,p_1.30.24_LL3f_mi,3
42,165,139,218,677,321,356,0,1,2,p_1.30.24_LL3f_mi,3
43,177,134,228,654,312,342,0,1,2,p_1.30.24_LL3f_mi,3
44,175,140,219,678,326,352,0,1,2,p_1.30.24_LL3f_mi,3
45,178,140,227,653,317,336,0,1,2,p_1.30.24_LL3f_mi,3
46,172,138,219,675,323,352,0,1,2,p_1.30.24_LL3f_mi,3
47,172,139,223,658,314,344,0,1,2,p_1.30.24_LL3f_mi,3
48,176,134,224,664,333,331,0,1,2,p_1.30.24_LL3f_mi,3
49,168,137,220,676,335,341,0,1,2,p_1.30.24_LL3f_mi,3
50,164,131,218,684,339,345,0,1,2,p_1.30.24_LL3f_mi,3
51,156,120,204,715,357,358,0,1,2,p_1.30.24_LL3f_mi,3
52,181,129,231,647,330,317,0,1,2,p_1.30.24_LL3f_mi,3
53,178,135,226,659,330,329,0,1,2,p_1.30.24_LL3f_mi,3
54,167,123,223,674,344,330,0,1,2,p_1.30.24_LL3f_mi,3
55,171,135,226,655,345,310,0,1,2,p_1.30.24_LL3f_mi,3
56,171,133,217,683,349,334,0,1,2,p_1.30.24_LL3f_mi,3
57,176,136,217,680,331,349,0,1,2,p_1.30.24_LL3f_mi,3
58,182,140,228,655,322,333,0,1,2,p_1.30.24_LL3f_mi,3
59,168,135,221,679,333,346,0,1,2,p_1.30.24_LL3f_mi,3
60,170,136,215,695,340,355,0,1,2,p_1.30.24_LL3f_mi,3
61,173,138,223,666,317,349,0,1,2,p_1.30.24_LL3f_mi,3
62,179,137,230,641,308,333,0,1,2,p_1.30.24_LL3f_mi,3
63,173,139,229,655,325,330,0,1,2,p_1.30.24_LL3f_mi,3
64,182,138,232,650,324,326,0,1,2,p_1.30.24_LL3f_mi,3
65,178,144,221,668,328,340,0,1,2,p_1.30.24_LL3f_mi,3
66,175,139,227,654,327,327,0,1,2,p_1.30.24_LL3f_mi,3
67,175,130,224,662,337,325,0,1,2,p_1.30.24_LL3f_mi,3
68,167,138,218,690,347,343,0,1,2,p_1.30.24_LL3f_mi,3
69,180,140,229,647,319,328,0,1,2,p_1.30.24_LL3f_mi,3
70,176,132,230,651,309,342,0,1,2,p_1.30.24_LL3f_mi,3
71,168,128,223,673,327,346,0,1,2,p_1.30.24_LL3f_mi,3
72,167,130,219,679,336,343,0,1,2,p_1.30.24_LL3f_mi,3
73,175,138,221,675,342,333,0,1,2,p_1.30.24_LL3f_mi,3
74,170,136,221,672,344,328,0,1,2,p_1.30.24_LL3f_mi,3
75,170,135,220,674,343,331,0,1,2,p_1.30.24_LL3f_mi,3
76,152,128,200,722,369,353,0,1,2,p_1.30.24_LL3f_mi,3
77,180,143,228,649,343,306,0,1,2,p_1.30.24_LL3f_mi,3
78,184,134,236,628,343,285,0,1,2,p_1.30.24_LL3f_mi,3
79,178,133,229,648,324,324,0,1,2,p_1.30.24_LL3f_mi,3
80,166,130,222,669,324,345,0,1,2,p_1.30.24_LL3f_mi,3
81,179,145,224,665,333,332,0,1,2,p_1.30.24_LL3f_mi,3
82,181,133,226,656,324,332,0,1,2,p_1.30.24_LL3f_mi,3
83,181,133,230,644,319,325,0,1,2,p_1.30.24_LL3f_mi,3
84,174,133,233,635,322,313,0,1,2,p_1.30.24_LL3f_mi,3
85,173,133,226,659,325,334,0,1,2,p_1.30.24_LL3f_mi,3
86,178,145,222,669,321,348,0,1,2,p_1.30.24_LL3f_mi,3
87,181,141,229,651,316,335,0,1,2,p_1.30.24_LL3f_mi,3
88,180,141,223,670,334,336,0,1,2,p_1.30.24_LL3f_mi,3
89,173,136,216,689,346,343,0,1,2,p_1.30.24_LL3f_mi,3
90,171,129,214,690,370,320,0,1,2,p_1.30.24_LL3f_mi,3
91,178,136,232,634,324,310,0,1,2,p_1.30.24_LL3f_mi,3
92,177,133,226,659,342,317,0,1,2,p_1.30.24_LL3f_mi,3
93,179,141,230,642,331,311,0,1,2,p_1.30.24_LL3f_mi,3
94,175,136,223,670,345,325,0,1,2,p_1.30.24_LL3f_mi,3
95,171,133,225,669,349,320,0,1,2,p_1.30.24_LL3f_mi,3
96,164,128,216,681,336,345,0,1,2,p_1.30.24_LL3f_mi,3
97,172,134,222,675,308,367,0,1,2,p_1.30.24_LL3f_mi,3
98,175,137,221,672,321,351,0,1,2,p_1.30.24_LL3f_mi,3
99,169,132,223,671,314,357,0,1,2,p_1.30.24_LL3f_mi,3
100,144,121,184,685,321,364,0,1,2,p_1.30.24_LL3f_mi,3
101,104,84,135,693,337,356,0,1,2,p_1.30.24_LL3f_mi,3
102,119,102,154,576,269,307,0,1,2,p_1.30.24_LL3f_mi,3
103,122,92,152,503,249,254,0,1,2,p_1.30.24_LL3f_mi,3
104,109,88,132,472,223,249,0,1,2,p_1.30.24_LL3f_mi,3
105,90,71,113,429,212,217,0,1,2,p_1.30.24_LL3f_mi,3
106,67,57,89,393,209,184,0,1,2,p_1.30.24_LL3f_mi,3
107,52,45,67,355,187,168,0,1,2,p_1.30.24_LL3f_mi,3
108,50,40,66,285,145,140,0,1,2,p_1.30.24_LL3f_mi,3
109,32,30,42,252,130,122,0,1,2,p_1.30.24_LL3f_mi,3
110,27,24,33,197,106,91,0,1,2,p_1.30.24_LL3f_mi,3
111,29,27,36,155,81,74,0,1,2,p_1.30.24_LL3f_mi,3
112,32,29,39,143,74,69,0,1,2,p_1.30.24_LL3f_mi,3
113,29,25,36,126,68,58,0,1,2,p_1.30.24_LL3f_mi,3
114,28,21,33,114,61,53,0,1,2,p_1.30.24_LL3f_mi,3
115,25,15,31,95,49,46,0,1,2,p_1.30.24_LL3f_mi,3
116,28,18,34,94,50,44,0,1,2,p_1.30.24_LL3f_mi,3
117,25,20,34,100,53,47,0,1,2,p_1.30.24_LL3f_mi,3
118,27,21,34,105,60,45,0,1,2,p_1.30.24_LL3f_mi,3
119,27,21,33,100,51,49,0,1,2,p_1.30.24_LL3f_mi,3
120,27,22,35,106,52,54,0,1,2,p_1.30.24_LL3f_mi,3
121,26,20,33,101,50,51,0,1,2,p_1.30.24_LL3f_mi,3
122,26,22,33,97,38,59,0,1,2,p_1.30.24_LL3f_mi,3
123,26,18,32,93,37,56,0,1,2,p_1.30.24_LL3f_mi,3
124,27,23,34,98,41,57,0,1,2,p_1.30.24_LL3f_mi,3
125,30,27,39,122,59,63,19,1,2,p_1.30.24_LL3f_mi,3
126,28,23,37,135,63,72,11,1,2,p_1.30.24_LL3f_mi,3
127,27,19,36,124,57,67,10,1,2,p_1.30.24_LL3f_mi,3
128,27,22,37,123,58,65,3,1,2,p_1.30.24_LL3f_mi,3
129,25,17,36,118,58,60,1,1,2,p_1.30.24_LL3f_mi,3
130,27,24,36,116,53,63,0,1,2,p_1.30.24_LL3f_mi,3
131,24,20,34,107,54,53,0,1,2,p_1.30.24_LL3f_mi,3
132,28,21,33,96,44,52,0,1,2,p_1.30.24_LL3f_mi,3
133,27,23,36,109,51,58,0,1,2,p_1.30.24_LL3f_mi,3
134,29,23,35,109,47,62,0,1,2,p_1.30.24_LL3f_mi,3
135,26,22,34,109,56,53,0,1,2,p_1.30.24_LL3f_mi,3
136,24,19,32,99,51,48,0,1,2,p_1.30.24_LL3f_mi,3
137,27,20,33,97,52,45,0,1,2,p_1.30.24_LL3f_mi,3
138,25,21,34,99,49,50,0,1,2,p_1.30.24_LL3f_mi,3
139,28,22,33,101,50,51,0,1,2,p_1.30.24_LL3f_mi,3
140,24,21,36,121,59,62,19,1,2,p_1.30.24_LL3f_mi,3
141,27,17,35,108,56,52,13,1,2,p_1.30.24_LL3f_mi,3
142,28,19,34,98,51,47,4,1,2,p_1.30.24_LL3f_mi,3
143,28,23,34,100,49,51,1,1,2,p_1.30.24_LL3f_mi,3
144,25,19,33,104,56,48,1,1,2,p_1.30.24_LL3f_mi,3
145,28,20,33,103,55,48,0,1,2,p_1.30.24_LL3f_mi,3
146,25,19,31,92,51,41,0,1,2,p_1.30.24_LL3f_mi,3
147,24,17,30,90,47,43,0,1,2,p_1.30.24_LL3f_mi,3
148,21,19,29,83,37,46,0,1,2,p_1.30.24_LL3f_mi,3
149,28,22,33,91,46,45,0,1,2,p_1.30.24_LL3f_mi,3
150,25,24,34,96,38,58,0,1,2,p_1.30.24_LL3f_mi,3
151,40,31,59,101,41,60,0,1,2,p_1.30.24_LL3f_mi,3
152,53,39,79,132,56,76,0,1,2,p_1.30.24_LL3f_mi,3
153,79,56,114,172,88,84,0,1,2,p_1.30.24_LL3f_mi,3
154,104,69,136,229,119,110,0,1,2,p_1.30.24_LL3f_mi,3
155,124,79,162,310,169,141,24,1,2,p_1.30.24_LL3f_mi,3
156,137,102,179,382,192,190,13,1,2,p_1.30.24_LL3f_mi,3
157,140,104,193,439,232,207,6,1,2,p_1.30.24_LL3f_mi,3
158,167,117,212,478,258,220,1,1,2,p_1.30.24_LL3f_mi,3
159,184,128,226,546,286,260,0,1,2,p_1.30.24_LL3f_mi,3
160,192,138,244,578,305,273,0,1,2,p_1.30.24_LL3f_mi,3
161,183,137,237,618,318,300,0,1,2,p_1.30.24_LL3f_mi,3
162,180,130,225,659,348,311,0,1,2,p_1.30.24_LL3f_mi,3
163,174,130,217,681,361,320,0,1,2,p_1.30.24_LL3f_mi,3
164,168,133,222,673,350,323,0,1,2,p_1.30.24_LL3f_mi,3
165,178,136,228,651,333,318,0,1,2,p_1.30.24_LL3f_mi,3
166,171,133,225,664,342,322,0,1,2,p_1.30.24_LL3f_mi,3
167,171,134,222,670,328,342,0,1,2,p_1.30.24_LL3f_mi,3
168,174,133,223,666,329,337,0,1,2,p_1.30.24_LL3f_mi,3
169,178,139,225,660,328,332,0,1,2,p_1.30.24_LL3f_mi,3
170,174,136,222,679,350,329,20,1,2,p_1.30.24_LL3f_mi,3
171,182,138,228,652,349,303,8,1,2,p_1.30.24_LL3f_mi,3
172,176,123,225,659,349,310,6,1,2,p_1.30.24_LL3f_mi,3
173,177,141,223,671,345,326,0,1,2,p_1.30.24_LL3f_mi,3
174,167,129,220,680,339,341,0,1,2,p_1.30.24_LL3f_mi,3
175,166,142,220,678,328,350,0,1,2,p_1.30.24_LL3f_mi,3
176,163,133,204,719,351,368,0,1,2,p_1.30.24_LL3f_mi,3
177,184,137,227,653,320,333,0,1,2,p_1.30.24_LL3f_mi,3
178,173,136,229,646,303,343,0,1,2,p_1.30.24_LL3f_mi,3
179,180,145,225,659,307,352,0,1,2,p_1.30.24_LL3f_mi,3
180,177,137,227,650,315,335,0,1,2,p_1.30.24_LL3f_mi,3
181,174,137,222,667,314,353,0,1,2,p_1.30.24_LL3f_mi,3
182,177,135,227,657,335,322,0,1,2,p_1.30.24_LL3f_mi,3
183,178,134,223,665,331,334,0,1,2,p_1.30.24_LL3f_mi,3
184,173,137,223,661,328,333,0,1,2,p_1.30.24_LL3f_mi,3
185,176,138,225,663,315,348,0,1,2,p_1.30.24_LL3f_mi,3
186,180,129,231,646,291,355,0,1,2,p_1.30.24_LL3f_mi,3
187,178,147,223,666,303,363,0,1,2,p_1.30.24_LL3f_mi,3
188,174,131,225,660,322,338,0,1,2,p_1.30.24_LL3f_mi,3
189,179,134,224,669,340,329,0,1,2,p_1.30.24_LL3f_mi,3
190,175,131,224,661,328,333,0,1,2,p_1.30.24_LL3f_mi,3
191,172,144,219,677,313,364,0,1,2,p_1.30.24_LL3f_mi,3
192,172,137,218,680,324,356,0,1,2,p_1.30.24_LL3f_mi,3
193,170,133,219,677,323,354,0,1,2,p_1.30.24_LL3f_mi,3
194,174,134,228,650,321,329,0,1,2,p_1.30.24_LL3f_mi,3
195,165,132,222,667,338,329,0,1,2,p_1.30.24_LL3f_mi,3
196,179,143,226,657,323,334,0,1,2,p_1.30.24_LL3f_mi,3
197,177,135,229,652,322,330,0,1,2,p_1.30.24_LL3f_mi,3
198,173,130,223,661,327,334,0,1,2,p_1.30.24_LL3f_mi,3
199,179,134,226,658,343,315,0,1,2,p_1.30.24_LL3f_mi,3
200,177,136,224,663,345,318,0,1,2,p_1.30.24_LL3f_mi,3
201,159,131,206,717,354,363,0,1,2,p_1.30.24_LL3f_mi,3
202,169,137,218,684,348,336,0,1,2,p_1.30.24_LL3f_mi,3
203,175,138,227,662,341,321,0,1,2,p_1.30.24_LL3f_mi,3
204,176,137,224,663,331,332,0,1,2,p_1.30.24_LL3f_mi,3
205,179,134,229,648,305,343,0,1,2,p_1.30.24_LL3f_mi,3
206,181,139,229,651,301,350,0,1,2,p_1.30.24_LL3f_mi,3
207,170,136,218,680,327,353,0,1,2,p_1.30.24_LL3f_mi,3
208,170,139,218,680,334,346,0,1,2,p_1.30.24_LL3f_mi,3
209,174,144,224,659,313,346,0,1,2,p_1.30.24_LL3f_mi,3
210,174,134,225,653,324,329,0,1,2,p_1.30.24_LL3f_mi,3
211,176,144,229,651,335,316,0,1,2,p_1.30.24_LL3f_mi,3
212,168,135,221,672,328,344,0,1,2,p_1.30.24_LL3f_mi,3
213,161,135,208,708,333,375,0,1,2,p_1.30.24_LL3f_mi,3
214,172,132,222,667,313,354,0,1,2,p_1.30.24_LL3f_mi,3
215,165,131,217,685,321,364,0,1,2,p_1.30.24_LL3f_mi,3
216,175,146,226,662,316,346,0,1,2,p_1.30.24_LL3f_mi,3
217,176,143,221,668,325,343,0,1,2,p_1.30.24_LL3f_mi,3
218,180,133,228,649,317,332,0,1,2,p_1.30.24_LL3f_mi,3
219,176,132,232,644,312,332,0,1,2,p_1.30.24_LL3f_mi,3
220,170,134,221,669,340,329,0,1,2,p_1.30.24_LL3f_mi,3
221,160,124,214,691,344,347,0,1,2,p_1.30.24_LL3f_mi,3
222,185,140,230,637,308,329,0,1,2,p_1.30.24_LL3f_mi,3
223,183,140,227,652,321,331,0,1,2,p_1.30.24_LL3f_mi,3
224,170,138,223,663,338,325,0,1,2,p_1.30.24_LL3f_mi,3
225,178,141,225,657,327,330,0,1,2,p_1.30.24_LL3f_mi,3
226,154,128,202,722,372,350,0,1,2,p_1.30.24_LL3f_mi,3
227,162,133,208,701,364,337,0,1,2,p_1.30.24_LL3f_mi,3
228,180,141,223,660,342,318,0,1,2,p_1.30.24_LL3f_mi,3
229,174,134,225,660,333,327,0,1,2,p_1.30.24_LL3f_mi,3
230,174,135,221,670,343,327,0,1,2,p_1.30.24_LL3f_mi,3
231,174,130,226,659,313,346,0,1,2,p_1.30.24_LL3f_mi,3
232,171,138,224,662,312,350,0,1,2,p_1.30.24_LL3f_mi,3
233,170,146,215,686,317,369,0,1,2,p_1.30.24_LL3f_mi,3
234,170,134,223,665,325,340,0,1,2,p_1.30.24_LL3f_mi,3
235,173,134,223,667,329,338,0,1,2,p_1.30.24_LL3f_mi,3
236,181,135,228,650,314,336,0,1,2,p_1.30.24_LL3f_mi,3
237,176,139,222,666,319,347,0,1,2,p_1.30.24_LL3f_mi,3
238,175,137,225,661,326,335,0,1,2,p_1.30.24_LL3f_mi,3
239,172,134,226,664,333,331,0,1,2,p_1.30.24_LL3f_mi,3
240,183,142,232,640,316,324,0,1,2,p_1.30.24_LL3f_mi,3
241,170,138,221,674,345,329,0,1,2,p_1.30.24_LL3f_mi,3
242,170,132,220,677,336,341,0,1,2,p_1.30.24_LL3f_mi,3
243,178,133,221,672,340,332,0,1,2,p_1.30.24_LL3f_mi,3
244,171,133,214,691,360,331,0,1,2,p_1.30.24_LL3f_mi,3
245,189,149,231,642,325,317,0,1,2,p_1.30.24_LL3f_mi,3
246,177,128,225,660,337,323,0,1,2,p_1.30.24_LL3f_mi,3
247,171,136,222,668,341,327,0,1,2,p_1.30.24_LL3f_mi,3
248,166,132,221,674,340,334,0,1,2,p_1.30.24_LL3f_mi,3
249,171,139,220,675,328,347,0,1,2,p_1.30.24_LL3f_mi,3
250,178,139,222,667,308,359,0,1,2,p_1.30.24_LL3f_mi,3
251,165,127,210,705,345,360,0,1,2,p_1.30.24_LL3f_mi,3
252,182,134,232,638,314,324,0,1,2,p_1.30.24_LL3f_mi,3
253,174,134,225,654,341,313,0,1,2,p_1.30.24_LL3f_mi,3
254,177,135,224,667,331,336,0,1,2,p_1.30.24_LL3f_mi,3
255,174,138,224,669,325,344,0,1,2,p_1.30.24_LL3f_mi,3
256,175,146,228,652,324,328,0,1,2,p_1.30.24_LL3f_mi,3
257,176,139,223,672,330,342,0,1,2,p_1.30.24_LL3f_mi,3
258,178,136,228,653,317,336,0,1,2,p_1.30.24_LL3f_mi,3
259,165,127,218,685,326,359,0,1,2,p_1.30.24_LL3f_mi,3
260,174,131,218,672,328,344,0,1,2,p_1.30.24_LL3f_mi,3
261,180,140,225,662,311,351,0,1,2,p_1.30.24_LL3f_mi,3
262,172,132,225,662,312,350,0,1,2,p_1.30.24_LL3f_mi,3
263,169,127,217,687,320,367,0,1,2,p_1.30.24_LL3f_mi,3
264,172,127,222,672,318,354,0,1,2,p_1.30.24_LL3f_mi,3
265,177,141,230,637,294,343,0,1,2,p_1.30.24_LL3f_mi,3
266,173,137,221,673,328,345,0,1,2,p_1.30.24_LL3f_mi,3
267,174,136,225,671,323,348,0,1,2,p_1.30.24_LL3f_mi,3
268,166,127,224,667,324,343,0,1,2,p_1.30.24_LL3f_mi,3
269,172,137,228,646,293,353,0,1,2,p_1.30.24_LL3f_mi,3
270,174,134,227,656,316,340,0,1,2,p_1.30.24_LL3f_mi,3
271,172,136,220,677,336,341,0,1,2,p_1.30.24_LL3f_mi,3
272,175,128,226,666,336,330,0,1,2,p_1.30.24_LL3f_mi,3
273,171,134,222,667,340,327,0,1,2,p_1.30.24_LL3f_mi,3
274,166,129,215,689,338,351,0,1,2,p_1.30.24_LL3f_mi,3
275,175,135,224,666,336,330,0,1,2,p_1.30.24_LL3f_mi,3
276,159,123,201,725,373,352,0,1,2,p_1.30.24_LL3f_mi,3
277,169,135,223,663,341,322,0,1,2,p_1.30.24_LL3f_mi,3
278,183,141,231,635,318,317,0,1,2,p_1.30.24_LL3f_mi,3
279,180,143,231,649,332,317,0,1,2,p_1.30.24_LL3f_mi,3
280,177,139,228,652,327,325,0,1,2,p_1.30.24_LL3f_mi,3
281,180,134,222,669,343,326,0,1,2,p_1.30.24_LL3f_mi,3
282,170,138,224,665,347,318,0,1,2,p_1.30.24_LL3f_mi,3
283,173,135,226,656,336,320,0,1,2,p_1.30.24_LL3f_mi,3
284,177,141,222,672,338,334,0,1,2,p_1.30.24_LL3f_mi,3
285,169,127,223,664,334,330,0,1,2,p_1.30.24_LL3f_mi,3
286,184,140,227,652,327,325,0,1,2,p_1.30.24_LL3f_mi,3
287,179,144,228,653,319,334,0,1,2,p_1.30.24_LL3f_mi,3
288,182,127,230,648,333,315,0,1,2,p_1.30.24_LL3f_mi,3
289,172,133,224,665,330,335,0,1,2,p_1.30.24_LL3f_mi,3
290,177,136,231,639,324,315,0,1,2,p_1.30.24_LL3f_mi,3
291,181,144,233,636,327,309,0,1,2,p_1.30.24_LL3f_mi,3
292,179,131,225,665,351,314,0,1,2,p_1.30.24_LL3f_mi,3
293,171,139,224,669,338,331,0,1,2,p_1.30.24_LL3f_mi,3
294,177,142,226,664,343,321,0,1,2,p_1.30.24_LL3f_mi,3
295,165,134,209,700,348,352,0,1,2,p_1.30.24_LL3f_mi,3
296,173,137,219,682,336,346,0,1,2,p_1.30.24_LL3f_mi,3
297,172,135,220,679,348,331,0,1,2,p_1.30.24_LL3f_mi,3
298,176,135,229,651,342,309,0,1,2,p_1.30.24_LL3f_mi,3
299,178,135,222,674,369,305,0,1,2,p_1.30.24_LL3f_mi,3
300,168,126,218,683,354,329,0,1,2,p_1.30.24_LL3f_mi,3
301,161,130,205,714,368,346,0,1,2,p_1.30.24_LL3f_mi,3
302,166,133,219,682,346,336,0,1,2,p_1.30.24_LL3f_mi,3
303,184,144,232,635,319,316,0,1,2,p_1.30.24_LL3f_mi,3
304,174,135,226,656,325,331,0,1,2,p_1.30.24_LL3f_mi,3
305,161,130,213,693,343,350,0,1,2,p_1.30.24_LL3f_mi,3
306,168,140,215,694,332,362,0,1,2,p_1.30.24_LL3f_mi,3
307,162,129,211,701,333,368,0,1,2,p_1.30.24_LL3f_mi,3
308,177,136,226,661,318,343,0,1,2,p_1.30.24_LL3f_mi,3
309,176,137,232,636,298,338,0,1,2,p_1.30.24_LL3f_mi,3
310,171,142,228,651,301,350,0,1,2,p_1.30.24_LL3f_mi,3
311,176,130,226,655,314,341,0,1,2,p_1.30.24_LL3f_mi,3
312,178,130,231,644,311,333,0,1,2,p_1.30.24_LL3f_mi,3
313,173,140,222,674,311,363,0,1,2,p_1.30.24_LL3f_mi,3
314,170,133,223,668,306,362,0,1,2,p_1.30.24_LL3f_mi,3
315,167,131,220,680,317,363,0,1,2,p_1.30.24_LL3f_mi,3
316,165,130,220,682,340,342,0,1,2,p_1.30.24_LL3f_mi,3
317,174,144,222,669,334,335,0,1,2,p_1.30.24_LL3f_mi,3
318,167,130,220,680,341,339,0,1,2,p_1.30.24_LL3f_mi,3
319,177,134,220,676,327,349,0,1,2,p_1.30.24_LL3f_mi,3
320,170,125,220,674,332,342,0,1,2,p_1.30.24_LL3f_mi,3
321,170,124,226,658,343,315,0,1,2,p_1.30.24_LL3f_mi,3
322,176,134,230,643,337,306,0,1,2,p_1.30.24_LL3f_mi,3
323,165,128,213,690,371,319,0,1,2,p_1.30.24_LL3f_mi,3
324,172,136,218,681,341,340,0,1,2,p_1.30.24_LL3f_mi,3
325,180,133,232,644,322,322,0,1,2,p_1.30.24_LL3f_mi,3
326,162,133,207,711,349,362,0,1,2,p_1.30.24_LL3f_mi,3
327,172,141,225,667,306,361,0,1,2,p_1.30.24_LL3f_mi,3
328,182,145,228,650,314,336,0,1,2,p_1.30.24_LL3f_mi,3
329,172,134,228,655,325,330,0,1,2,p_1.30.24_LL3f_mi,3
330,176,139,223,668,328,340,0,1,2,p_1.30.24_LL3f_mi,3
331,173,142,224,663,327,336,0,1,2,p_1.30.24_LL3f_mi,3
332,177,141,229,650,320,330,0,1,2,p_1.30.24_LL3f_mi,3
333,191,134,235,629,313,316,0,1,2,p_1.30.24_LL3f_mi,3
334,183,141,228,653,332,321,0,1,2,p_1.30.24_LL3f_mi,3
335,170,130,222,667,331,336,0,1,2,p_1.30.24_LL3f_mi,3
336,170,135,222,673,334,339,0,1,2,p_1.30.24_LL3f_mi,3
337,183,139,228,649,316,333,0,1,2,p_1.30.24_LL3f_mi,3
338,179,138,232,640,317,323,0,1,2,p_1.30.24_LL3f_mi,3
339,169,131,222,667,326,341,0,1,2,p_1.30.24_LL3f_mi,3
340,174,146,219,679,335,344,0,1,2,p_1.30.24_LL3f_mi,3
341,180,145,230,646,314,332,0,1,2,p_1.30.24_LL3f_mi,3
342,179,140,233,642,316,326,0,1,2,p_1.30.24_LL3f_mi,3
343,171,136,225,665,322,343,0,1,2,p_1.30.24_LL3f_mi,3
344,173,135,221,679,339,340,0,1,2,p_1.30.24_LL3f_mi,3
345,179,137,224,673,338,335,0,1,2,p_1.30.24_LL3f_mi,3
346,175,135,225,659,327,332,0,1,2,p_1.30.24_LL3f_mi,3
347,182,136,230,639,326,313,0,1,2,p_1.30.24_LL3f_mi,3
348,177,131,228,658,342,316,0,1,2,p_1.30.24_LL3f_mi,3
349,171,130,224,661,336,325,0,1,2,p_1.30.24_LL3f_mi,3
350,173,141,217,691,329,362,0,1,2,p_1.30.24_LL3f_mi,3
1,5,5,5,625,308,317,0,1,3,p_1.30.24_LL3f_mi,3
2,102,90,132,847,418,429,0,1,3,p_1.30.24_LL3f_mi,3
3,130,110,168,792,385,407,0,1,3,p_1.30.24_LL3f_mi,3
4,160,132,199,725,343,382,0,1,3,p_1.30.24_LL3f_mi,3
5,174,135,225,662,337,325,0,1,3,p_1.30.24_LL3f_mi,3
6,182,138,234,628,315,313,0,1,3,p_1.30.24_LL3f_mi,3
7,177,133,226,653,320,333,0,1,3,p_1.30.24_LL3f_mi,3
8,177,127,221,672,332,340,0,1,3,p_1.30.24_LL3f_mi,3
9,173,135,216,681,324,357,0,1,3,p_1.30.24_LL3f_mi,3
10,171,141,219,681,338,343,0,1,3,p_1.30.24_LL3f_mi,3
11,165,133,214,693,345,348,0,1,3,p_1.30.24_LL3f_mi,3
12,179,146,222,668,327,341,0,1,3,p_1.30.24_LL3f_mi,3
13,184,134,231,651,325,326,0,1,3,p_1.30.24_LL3f_mi,3
14,176,133,227,652,325,327,0,1,3,p_1.30.24_LL3f_mi,3
15,178,133,224,673,340,333,0,1,3,p_1.30.24_LL3f_mi,3
16,164,131,216,685,328,357,0,1,3,p_1.30.24_LL3f_mi,3
17,177,137,224,666,321,345,0,1,3,p_1.30.24_LL3f_mi,3
18,178,140,230,644,329,315,0,1,3,p_1.30.24_LL3f_mi,3
19,175,132,226,659,345,314,0,1,3,p_1.30.24_LL3f_mi,3
20,181,135,234,629,317,312,0,1,3,p_1.30.24_LL3f_mi,3
21,173,133,223,669,320,349,0,1,3,p_1.30.24_LL3f_mi,3
22,172,127,221,670,336,334,0,1,3,p_1.30.24_LL3f_mi,3
23,171,135,224,663,333,330,0,1,3,p_1.30.24_LL3f_mi,3
24,181,137,229,650,325,325,0,1,3,p_1.30.24_LL3f_mi,3
25,178,134,226,661,324,337,0,1,3,p_1.30.24_LL3f_mi,3
26,170,134,217,685,348,337,0,1,3,p_1.30.24_LL3f_mi,3
27,175,132,227,653,340,313,0,1,3,p_1.30.24_LL3f_mi,3
28,176,136,235,630,320,310,0,1,3,p_1.30.24_LL3f_mi,3
29,182,142,229,646,326,320,0,1,3,p_1.30.24_LL3f_mi,3
30,175,140,220,677,341,336,0,1,3,p_1.30.24_LL3f_mi,3
31,166,128,218,683,354,329,0,1,3,p_1.30.24_LL3f_mi,3
32,165,134,217,681,361,320,0,1,3,p_1.30.24_LL3f_mi,3
33,168,135,223,660,347,313,0,1,3,p_1.30.24_LL3f_mi,3
34,174,136,223,658,345,313,0,1,3,p_1.30.24_LL3f_mi,3
35,180,141,226,659,335,324,0,1,3,p_1.30.24_LL3f_mi,3
36,166,127,214,685,358,327,0,1,3,p_1.30.24_LL3f_mi,3
37,170,136,222,668,346,322,0,1,3,p_1.30.24_LL3f_mi,3
38,170,130,226,657,325,332,0,1,3,p_1.30.24_LL3f_mi,3
39,172,132,226,667,334,333,0,1,3,p_1.30.24_LL3f_mi,3
40,172,138,221,677,345,332,0,1,3,p_1.30.24_LL3f_mi,3
41,181,138,219,679,354,325,0,1,3,p_1.30.24_LL3f_mi,3
42,179,132,222,678,369,309,0,1,3,p_1.30.24_LL3f_mi,3
43,166,131,215,688,360,328,0,1,3,p_1.30.24_LL3f_mi,3
44,176,138,224,666,338,328,0,1,3,p_1.30.24_LL3f_mi,3
45,171,134,222,674,350,324,0,1,3,p_1.30.24_LL3f_mi,3
46,178,131,224,664,346,318,0,1,3,p_1.30.24_LL3f_mi,3
47,168,132,221,675,335,340,0,1,3,p_1.30.24_LL3f_mi,3
48,167,133,219,673,331,342,0,1,3,p_1.30.24_LL3f_mi,3
49,166,133,221,675,325,350,0,1,3,p_1.30.24_LL3f_mi,3
50,168,141,227,651,324,327,0,1,3,p_1.30.24_LL3f_mi,3
51,171,135,209,709,348,361,0,1,3,p_1.30.24_LL3f_mi,3
52,161,129,215,685,333,352,0,1,3,p_1.30.24_LL3f_mi,3
53,178,137,228,649,317,332,0,1,3,p_1.30.24_LL3f_mi,3
54,167,135,219,686,334,352,0,1,3,p_1.30.24_LL3f_mi,3
55,174,136,220,676,322,354,0,1,3,p_1.30.24_LL3f_mi,3
56,176,144,225,665,315,350,0,1,3,p_1.30.24_LL3f_mi,3
57,177,136,228,654,311,343,0,1,3,p_1.30.24_LL3f_mi,3
58,187,141,236,621,299,322,0,1,3,p_1.30.24_LL3f_mi,3
59,175,135,227,657,329,328,0,1,3,p_1.30.24_LL3f_mi,3
60,168,137,220,677,334,343,0,1,3,p_1.30.24_LL3f_mi,3
61,166,125,213,689,361,328,0,1,3,p_1.30.24_LL3f_mi,3
62,173,141,222,665,362,303,0,1,3,p_1.30.24_LL3f_mi,3
63,177,139,228,654,347,307,0,1,3,p_1.30.24_LL3f_mi,3
64,188,136,234,634,322,312,0,1,3,p_1.30.24_LL3f_mi,3
65,172,134,221,671,341,330,0,1,3,p_1.30.24_LL3f_mi,3
66,183,140,227,652,341,311,0,1,3,p_1.30.24_LL3f_mi,3
67,169,134,216,686,352,334,0,1,3,p_1.30.24_LL3f_mi,3
68,173,128,222,669,345,324,0,1,3,p_1.30.24_LL3f_mi,3
69,172,129,222,669,344,325,0,1,3,p_1.30.24_LL3f_mi,3
70,171,131,223,666,348,318,0,1,3,p_1.30.24_LL3f_mi,3
71,174,141,224,658,342,316,0,1,3,p_1.30.24_LL3f_mi,3
72,181,133,231,645,348,297,0,1,3,p_1.30.24_LL3f_mi,3
73,175,131,222,674,349,325,0,1,3,p_1.30.24_LL3f_mi,3
74,174,132,222,670,353,317,0,1,3,p_1.30.24_LL3f_mi,3
75,172,131,219,677,361,316,0,1,3,p_1.30.24_LL3f_mi,3
76,160,128,204,721,382,339,0,1,3,p_1.30.24_LL3f_mi,3
77,169,131,224,665,343,322,0,1,3,p_1.30.24_LL3f_mi,3
78,174,134,228,648,330,318,0,1,3,p_1.30.24_LL3f_mi,3
79,172,130,231,646,325,321,0,1,3,p_1.30.24_LL3f_mi,3
80,163,133,215,692,345,347,0,1,3,p_1.30.24_LL3f_mi,3
81,170,138,220,677,345,332,0,1,3,p_1.30.24_LL3f_mi,3
82,170,131,221,671,340,331,0,1,3,p_1.30.24_LL3f_mi,3
83,179,137,229,649,316,333,0,1,3,p_1.30.24_LL3f_mi,3
84,177,140,220,674,336,338,0,1,3,p_1.30.24_LL3f_mi,3
85,177,136,225,660,325,335,0,1,3,p_1.30.24_LL3f_mi,3
86,173,131,223,662,326,336,0,1,3,p_1.30.24_LL3f_mi,3
87,167,128,217,686,333,353,0,1,3,p_1.30.24_LL3f_mi,3
88,175,137,226,662,323,339,0,1,3,p_1.30.24_LL3f_mi,3
89,173,136,224,662,324,338,0,1,3,p_1.30.24_LL3f_mi,3
90,175,137,226,662,332,330,0,1,3,p_1.30.24_LL3f_mi,3
91,166,133,219,678,349,329,0,1,3,p_1.30.24_LL3f_mi,3
92,176,132,226,659,326,333,0,1,3,p_1.30.24_LL3f_mi,3
93,175,140,224,663,323,340,0,1,3,p_1.30.24_LL3f_mi,3
94,182,140,235,626,309,317,0,1,3,p_1.30.24_LL3f_mi,3
95,171,138,216,688,342,346,0,1,3,p_1.30.24_LL3f_mi,3
96,172,137,224,665,323,342,0,1,3,p_1.30.24_LL3f_mi,3
97,179,137,231,654,337,317,0,1,3,p_1.30.24_LL3f_mi,3
98,173,133,224,663,331,332,0,1,3,p_1.30.24_LL3f_mi,3
99,174,141,226,661,325,336,0,1,3,p_1.30.24_LL3f_mi,3
100,154,123,194,655,321,334,0,1,3,p_1.30.24_LL3f_mi,3
101,106,96,143,684,331,353,0,1,3,p_1.30.24_LL3f_mi,3
102,125,92,163,559,291,268,0,1,3,p_1.30.24_LL3f_mi,3
103,114,93,144,523,257,266,0,1,3,p_1.30.24_LL3f_mi,3
104,93,86,117,500,242,258,0,1,3,p_1.30.24_LL3f_mi,3
105,86,72,109,437,224,213,0,1,3,p_1.30.24_LL3f_mi,3
106,66,53,87,405,205,200,0,1,3,p_1.30.24_LL3f_mi,3
107,55,45,66,360,183,177,0,1,3,p_1.30.24_LL3f_mi,3
108,56,45,72,279,139,140,0,1,3,p_1.30.24_LL3f_mi,3
109,43,37,54,229,113,116,0,1,3,p_1.30.24_LL3f_mi,3
110,28,26,34,208,105,103,0,1,3,p_1.30.24_LL3f_mi,3
111,31,27,37,178,89,89,0,1,3,p_1.30.24_LL3f_mi,3
112,30,26,38,148,69,79,0,1,3,p_1.30.24_LL3f_mi,3
113,26,20,36,119,52,67,0,1,3,p_1.30.24_LL3f_mi,3
114,28,22,36,119,50,69,0,1,3,p_1.30.24_LL3f_mi,3
115,28,22,34,117,52,65,0,1,3,p_1.30.24_LL3f_mi,3
116,30,23,36,109,41,68,0,1,3,p_1.30.24_LL3f_mi,3
117,25,19,33,105,47,58,0,1,3,p_1.30.24_LL3f_mi,3
118,26,21,34,106,44,62,0,1,3,p_1.30.24_LL3f_mi,3
119,25,20,33,104,41,63,0,1,3,p_1.30.24_LL3f_mi,3
120,25,18,34,103,44,59,0,1,3,p_1.30.24_LL3f_mi,3
121,27,22,34,102,44,58,0,1,3,p_1.30.24_LL3f_mi,3
122,30,24,35,107,45,62,0,1,3,p_1.30.24_LL3f_mi,3
123,23,16,32,94,46,48,0,1,3,p_1.30.24_LL3f_mi,3
124,25,17,32,85,55,30,0,1,3,p_1.30.24_LL3f_mi,3
125,22,15,36,115,64,51,20,1,3,p_1.30.24_LL3f_mi,3
126,26,18,34,117,65,52,11,1,3,p_1.30.24_LL3f_mi,3
127,26,22,34,106,58,48,7,1,3,p_1.30.24_LL3f_mi,3
128,25,22,34,106,49,57,4,1,3,p_1.30.24_LL3f_mi,3
129,25,18,35,101,41,60,1,1,3,p_1.30.24_LL3f_mi,3
130,25,20,33,101,50,51,0,1,3,p_1.30.24_LL3f_mi,3
131,24,21,31,98,45,53,0,1,3,p_1.30.24_LL3f_mi,3
132,27,25,33,100,43,57,0,1,3,p_1.30.24_LL3f_mi,3
133,22,18,32,100,53,47,0,1,3,p_1.30.24_LL3f_mi,3
134,24,19,32,106,47,59,0,1,3,p_1.30.24_LL3f_mi,3
135,27,20,34,100,39,61,0,1,3,p_1.30.24_LL3f_mi,3
136,27,20,33,95,38,57,0,1,3,p_1.30.24_LL3f_mi,3
137,27,20,32,92,39,53,0,1,3,p_1.30.24_LL3f_mi,3
138,27,22,33,98,46,52,0,1,3,p_1.30.24_LL3f_mi,3
139,26,16,33,96,47,49,0,1,3,p_1.30.24_LL3f_mi,3
140,30,25,36,124,62,62,20,1,3,p_1.30.24_LL3f_mi,3
141,27,22,35,111,54,57,9,1,3,p_1.30.24_LL3f_mi,3
142,27,23,32,106,53,53,6,1,3,p_1.30.24_LL3f_mi,3
143,26,22,35,107,60,47,4,1,3,p_1.30.24_LL3f_mi,3
144,27,19,35,100,62,38,1,1,3,p_1.30.24_LL3f_mi,3
145,26,18,33,99,56,43,0,1,3,p_1.30.24_LL3f_mi,3
146,29,22,34,105,53,52,0,1,3,p_1.30.24_LL3f_mi,3
147,28,22,35,106,51,55,0,1,3,p_1.30.24_LL3f_mi,3
148,27,21,34,108,48,60,0,1,3,p_1.30.24_LL3f_mi,3
149,25,21,32,93,50,43,0,1,3,p_1.30.24_LL3f_mi,3
150,29,25,34,102,50,52,0,1,3,p_1.30.24_LL3f_mi,3
151,58,36,78,112,59,53,0,1,3,p_1.30.24_LL3f_mi,3
152,72,46,96,149,75,74,0,1,3,p_1.30.24_LL3f_mi,3
153,94,55,123,201,109,92,0,1,3,p_1.30.24_LL3f_mi,3
154,107,75,143,263,137,126,0,1,3,p_1.30.24_LL3f_mi,3
155,130,87,162,352,182,170,19,1,3,p_1.30.24_LL3f_mi,3
156,147,106,181,399,199,200,8,1,3,p_1.30.24_LL3f_mi,3
157,155,119,192,462,234,228,7,1,3,p_1.30.24_LL3f_mi,3
158,159,114,208,509,265,244,1,1,3,p_1.30.24_LL3f_mi,3
159,169,124,226,543,277,266,1,1,3,p_1.30.24_LL3f_mi,3
160,192,151,241,590,284,306,0,1,3,p_1.30.24_LL3f_mi,3
161,190,138,235,626,283,343,0,1,3,p_1.30.24_LL3f_mi,3
162,176,137,222,669,325,344,0,1,3,p_1.30.24_LL3f_mi,3
163,163,129,212,691,339,352,0,1,3,p_1.30.24_LL3f_mi,3
164,171,128,223,666,338,328,0,1,3,p_1.30.24_LL3f_mi,3
165,170,134,222,673,343,330,0,1,3,p_1.30.24_LL3f_mi,3
166,165,123,219,677,341,336,0,1,3,p_1.30.24_LL3f_mi,3
167,180,139,229,655,318,337,0,1,3,p_1.30.24_LL3f_mi,3
168,169,139,223,668,319,349,0,1,3,p_1.30.24_LL3f_mi,3
169,168,130,220,682,329,353,0,1,3,p_1.30.24_LL3f_mi,3
170,160,131,203,724,362,362,22,1,3,p_1.30.24_LL3f_mi,3
171,168,135,217,680,343,337,8,1,3,p_1.30.24_LL3f_mi,3
172,171,128,225,659,341,318,4,1,3,p_1.30.24_LL3f_mi,3
173,174,136,224,660,331,329,2,1,3,p_1.30.24_LL3f_mi,3
174,177,138,223,668,326,342,1,1,3,p_1.30.24_LL3f_mi,3
175,176,142,221,676,330,346,0,1,3,p_1.30.24_LL3f_mi,3
176,153,119,199,729,349,380,0,1,3,p_1.30.24_LL3f_mi,3
177,182,144,228,654,317,337,0,1,3,p_1.30.24_LL3f_mi,3
178,179,140,225,662,332,330,0,1,3,p_1.30.24_LL3f_mi,3
179,180,137,222,673,345,328,0,1,3,p_1.30.24_LL3f_mi,3
180,167,130,223,662,339,323,0,1,3,p_1.30.24_LL3f_mi,3
181,173,137,222,672,351,321,0,1,3,p_1.30.24_LL3f_mi,3
182,169,127,220,682,354,328,0,1,3,p_1.30.24_LL3f_mi,3
183,179,139,230,645,345,300,0,1,3,p_1.30.24_LL3f_mi,3
184,165,131,213,690,358,332,0,1,3,p_1.30.24_LL3f_mi,3
185,163,129,220,672,337,335,0,1,3,p_1.30.24_LL3f_mi,3
186,172,132,219,679,329,350,0,1,3,p_1.30.24_LL3f_mi,3
187,166,138,213,694,317,377,0,1,3,p_1.30.24_LL3f_mi,3
188,176,145,230,649,294,355,0,1,3,p_1.30.24_LL3f_mi,3
189,169,127,215,690,330,360,0,1,3,p_1.30.24_LL3f_mi,3
190,170,136,222,671,318,353,0,1,3,p_1.30.24_LL3f_mi,3
191,186,142,234,640,320,320,0,1,3,p_1.30.24_LL3f_mi,3
192,178,134,229,646,320,326,0,1,3,p_1.30.24_LL3f_mi,3
193,179,148,224,663,325,338,0,1,3,p_1.30.24_LL3f_mi,3
194,184,154,225,662,321,341,0,1,3,p_1.30.24_LL3f_mi,3
195,182,142,229,654,324,330,0,1,3,p_1.30.24_LL3f_mi,3
196,180,141,223,665,321,344,0,1,3,p_1.30.24_LL3f_mi,3
197,164,133,209,702,344,358,0,1,3,p_1.30.24_LL3f_mi,3
198,174,134,222,670,337,333,0,1,3,p_1.30.24_LL3f_mi,3
199,177,142,228,650,341,309,0,1,3,p_1.30.24_LL3f_mi,3
200,175,133,226,657,342,315,0,1,3,p_1.30.24_LL3f_mi,3
201,163,136,208,706,349,357,0,1,3,p_1.30.24_LL3f_mi,3
202,177,137,228,653,314,339,0,1,3,p_1.30.24_LL3f_mi,3
203,166,129,220,679,331,348,0,1,3,p_1.30.24_LL3f_mi,3
204,169,133,218,680,342,338,0,1,3,p_1.30.24_LL3f_mi,3
205,175,136,223,667,342,325,0,1,3,p_1.30.24_LL3f_mi,3
206,170,137,219,675,345,330,0,1,3,p_1.30.24_LL3f_mi,3
207,175,136,224,669,338,331,0,1,3,p_1.30.24_LL3f_mi,3
208,176,131,225,661,331,330,0,1,3,p_1.30.24_LL3f_mi,3
209,168,129,220,671,317,354,0,1,3,p_1.30.24_LL3f_mi,3
210,175,134,229,650,298,352,0,1,3,p_1.30.24_LL3f_mi,3
211,163,133,225,665,319,346,0,1,3,p_1.30.24_LL3f_mi,3
212,179,136,225,662,325,337,0,1,3,p_1.30.24_LL3f_mi,3
213,176,139,221,669,324,345,0,1,3,p_1.30.24_LL3f_mi,3
214,165,135,220,680,332,348,0,1,3,p_1.30.24_LL3f_mi,3
215,170,137,225,653,319,334,0,1,3,p_1.30.24_LL3f_mi,3
216,174,135,220,678,341,337,0,1,3,p_1.30.24_LL3f_mi,3
217,180,133,227,660,335,325,0,1,3,p_1.30.24_LL3f_mi,3
218,183,138,227,652,322,330,0,1,3,p_1.30.24_LL3f_mi,3
219,172,137,226,654,327,327,0,1,3,p_1.30.24_LL3f_mi,3
220,170,124,219,682,348,334,0,1,3,p_1.30.24_LL3f_mi,3
221,170,131,216,683,357,326,0,1,3,p_1.30.24_LL3f_mi,3
222,168,135,224,661,356,305,0,1,3,p_1.30.24_LL3f_mi,3
223,179,139,227,653,335,318,0,1,3,p_1.30.24_LL3f_mi,3
224,164,125,214,692,381,311,0,1,3,p_1.30.24_LL3f_mi,3
225,169,133,219,672,363,309,0,1,3,p_1.30.24_LL3f_mi,3
226,168,139,212,701,359,342,0,1,3,p_1.30.24_LL3f_mi,3
227,175,126,225,663,333,330,0,1,3,p_1.30.24_LL3f_mi,3
228,177,132,224,667,323,344,0,1,3,p_1.30.24_LL3f_mi,3
229,171,133,218,676,323,353,0,1,3,p_1.30.24_LL3f_mi,3
230,177,138,226,661,323,338,0,1,3,p_1.30.24_LL3f_mi,3
231,179,142,231,643,302,341,0,1,3,p_1.30.24_LL3f_mi,3
232,175,140,222,674,317,357,0,1,3,p_1.30.24_LL3f_mi,3
233,173,132,221,670,317,353,0,1,3,p_1.30.24_LL3f_mi,3
234,176,137,227,654,322,332,0,1,3,p_1.30.24_LL3f_mi,3
235,175,134,223,668,344,324,0,1,3,p_1.30.24_LL3f_mi,3
236,173,127,222,671,343,328,0,1,3,p_1.30.24_LL3f_mi,3
237,180,134,224,665,347,318,0,1,3,p_1.30.24_LL3f_mi,3
238,176,133,226,657,337,320,0,1,3,p_1.30.24_LL3f_mi,3
239,165,123,214,691,352,339,0,1,3,p_1.30.24_LL3f_mi,3
240,173,135,231,636,303,333,0,1,3,p_1.30.24_LL3f_mi,3
241,179,140,227,652,310,342,0,1,3,p_1.30.24_LL3f_mi,3
242,181,143,228,650,322,328,0,1,3,p_1.30.24_LL3f_mi,3
243,171,128,222,669,341,328,0,1,3,p_1.30.24_LL3f_mi,3
244,172,133,228,655,346,309,0,1,3,p_1.30.24_LL3f_mi,3
245,174,144,212,695,356,339,0,1,3,p_1.30.24_LL3f_mi,3
246,176,138,230,644,333,311,0,1,3,p_1.30.24_LL3f_mi,3
247,178,143,220,675,353,322,0,1,3,p_1.30.24_LL3f_mi,3
248,172,134,220,676,356,320,0,1,3,p_1.30.24_LL3f_mi,3
249,173,129,230,641,329,312,0,1,3,p_1.30.24_LL3f_mi,3
250,178,138,225,658,336,322,0,1,3,p_1.30.24_LL3f_mi,3
251,152,119,194,739,378,361,0,1,3,p_1.30.24_LL3f_mi,3
252,178,141,221,676,347,329,0,1,3,p_1.30.24_LL3f_mi,3
253,182,138,234,634,318,316,0,1,3,p_1.30.24_LL3f_mi,3
254,178,142,226,658,319,339,0,1,3,p_1.30.24_LL3f_mi,3
255,174,134,223,667,324,343,0,1,3,p_1.30.24_LL3f_mi,3
256,177,138,228,656,305,351,0,1,3,p_1.30.24_LL3f_mi,3
257,175,133,218,682,333,349,0,1,3,p_1.30.24_LL3f_mi,3
258,174,136,224,657,327,330,0,1,3,p_1.30.24_LL3f_mi,3
259,180,137,228,641,335,306,0,1,3,p_1.30.24_LL3f_mi,3
260,179,134,225,660,357,303,0,1,3,p_1.30.24_LL3f_mi,3
261,177,140,230,637,320,317,0,1,3,p_1.30.24_LL3f_mi,3
262,173,138,227,655,320,335,0,1,3,p_1.30.24_LL3f_mi,3
263,172,137,222,674,337,337,0,1,3,p_1.30.24_LL3f_mi,3
264,162,128,215,688,359,329,0,1,3,p_1.30.24_LL3f_mi,3
265,173,135,224,668,353,315,0,1,3,p_1.30.24_LL3f_mi,3
266,177,130,222,668,347,321,0,1,3,p_1.30.24_LL3f_mi,3
267,171,130,227,653,346,307,0,1,3,p_1.30.24_LL3f_mi,3
268,174,132,221,667,358,309,0,1,3,p_1.30.24_LL3f_mi,3
269,164,133,214,690,367,323,0,1,3,p_1.30.24_LL3f_mi,3
270,176,127,227,653,345,308,0,1,3,p_1.30.24_LL3f_mi,3
271,175,139,227,651,341,310,0,1,3,p_1.30.24_LL3f_mi,3
272,169,133,224,666,339,327,0,1,3,p_1.30.24_LL3f_mi,3
273,172,128,225,660,342,318,0,1,3,p_1.30.24_LL3f_mi,3
274,181,127,224,670,347,323,0,1,3,p_1.30.24_LL3f_mi,3
275,180,130,228,652,349,303,0,1,3,p_1.30.24_LL3f_mi,3
276,154,129,202,728,381,347,0,1,3,p_1.30.24_LL3f_mi,3
277,180,132,229,650,345,305,0,1,3,p_1.30.24_LL3f_mi,3
278,169,133,220,674,342,332,0,1,3,p_1.30.24_LL3f_mi,3
279,171,136,223,671,330,341,0,1,3,p_1.30.24_LL3f_mi,3
280,180,138,230,648,323,325,0,1,3,p_1.30.24_LL3f_mi,3
281,178,139,238,614,285,329,0,1,3,p_1.30.24_LL3f_mi,3
282,184,147,228,650,303,347,0,1,3,p_1.30.24_LL3f_mi,3
283,170,130,214,688,340,348,0,1,3,p_1.30.24_LL3f_mi,3
284,174,136,225,664,331,333,0,1,3,p_1.30.24_LL3f_mi,3
285,170,128,223,677,339,338,0,1,3,p_1.30.24_LL3f_mi,3
286,168,131,215,689,344,345,0,1,3,p_1.30.24_LL3f_mi,3
287,181,137,227,651,315,336,0,1,3,p_1.30.24_LL3f_mi,3
288,178,131,234,631,316,315,0,1,3,p_1.30.24_LL3f_mi,3
289,178,141,225,661,318,343,0,1,3,p_1.30.24_LL3f_mi,3
290,173,142,221,674,322,352,0,1,3,p_1.30.24_LL3f_mi,3
291,176,140,222,678,323,355,0,1,3,p_1.30.24_LL3f_mi,3
292,171,134,226,656,310,346,0,1,3,p_1.30.24_LL3f_mi,3
293,179,145,223,666,330,336,0,1,3,p_1.30.24_LL3f_mi,3
294,178,138,226,656,331,325,0,1,3,p_1.30.24_LL3f_mi,3
295,171,126,220,680,361,319,0,1,3,p_1.30.24_LL3f_mi,3
296,183,133,224,670,344,326,0,1,3,p_1.30.24_LL3f_mi,3
297,177,124,231,642,327,315,0,1,3,p_1.30.24_LL3f_mi,3
298,176,137,225,669,344,325,0,1,3,p_1.30.24_LL3f_mi,3
299,173,141,225,662,352,310,0,1,3,p_1.30.24_LL3f_mi,3
300,176,127,228,655,346,309,0,1,3,p_1.30.24_LL3f_mi,3
301,169,133,216,694,368,326,0,1,3,p_1.30.24_LL3f_mi,3
302,171,131,229,648,348,300,0,1,3,p_1.30.24_LL3f_mi,3
303,166,139,223,672,351,321,0,1,3,p_1.30.24_LL3f_mi,3
304,171,144,221,673,336,337,0,1,3,p_1.30.24_LL3f_mi,3
305,185,136,228,657,322,335,0,1,3,p_1.30.24_LL3f_mi,3
306,170,130,223,667,344,323,0,1,3,p_1.30.24_LL3f_mi,3
307,171,136,218,686,349,337,0,1,3,p_1.30.24_LL3f_mi,3
308,173,134,217,682,331,351,0,1,3,p_1.30.24_LL3f_mi,3
309,179,139,229,644,310,334,0,1,3,p_1.30.24_LL3f_mi,3
310,178,136,227,661,338,323,0,1,3,p_1.30.24_LL3f_mi,3
311,176,140,222,668,335,333,0,1,3,p_1.30.24_LL3f_mi,3
312,174,136,226,653,335,318,0,1,3,p_1.30.24_LL3f_mi,3
313,178,130,228,652,336,316,0,1,3,p_1.30.24_LL3f_mi,3
314,182,138,225,668,347,321,0,1,3,p_1.30.24_LL3f_mi,3
315,168,133,226,661,332,329,0,1,3,p_1.30.24_LL3f_mi,3
316,171,128,222,665,334,331,0,1,3,p_1.30.24_LL3f_mi,3
317,168,143,218,677,323,354,0,1,3,p_1.30.24_LL3f_mi,3
318,171,131,220,676,323,353,0,1,3,p_1.30.24_LL3f_mi,3
319,174,138,219,679,324,355,0,1,3,p_1.30.24_LL3f_mi,3
320,176,142,224,666,308,358,0,1,3,p_1.30.24_LL3f_mi,3
321,176,139,220,671,314,357,0,1,3,p_1.30.24_LL3f_mi,3
322,174,128,229,644,290,354,0,1,3,p_1.30.24_LL3f_mi,3
323,182,143,226,662,309,353,0,1,3,p_1.30.24_LL3f_mi,3
324,168,135,218,683,324,359,0,1,3,p_1.30.24_LL3f_mi,3
325,174,134,223,663,339,324,0,1,3,p_1.30.24_LL3f_mi,3
326,159,122,209,701,376,325,0,1,3,p_1.30.24_LL3f_mi,3
327,170,130,223,664,352,312,0,1,3,p_1.30.24_LL3f_mi,3
328,170,128,226,658,346,312,0,1,3,p_1.30.24_LL3f_mi,3
329,168,131,221,680,351,329,0,1,3,p_1.30.24_LL3f_mi,3
330,174,132,223,670,350,320,0,1,3,p_1.30.24_LL3f_mi,3
331,169,132,215,692,358,334,0,1,3,p_1.30.24_LL3f_mi,3
332,169,129,221,677,349,328,0,1,3,p_1.30.24_LL3f_mi,3
333,175,135,223,667,322,345,0,1,3,p_1.30.24_LL3f_mi,3
334,187,144,233,638,310,328,0,1,3,p_1.30.24_LL3f_mi,3
335,170,132,215,691,333,358,0,1,3,p_1.30.24_LL3f_mi,3
336,173,140,217,685,328,357,0,1,3,p_1.30.24_LL3f_mi,3
337,178,135,230,643,301,342,0,1,3,p_1.30.24_LL3f_mi,3
338,172,135,227,652,299,353,0,1,3,p_1.30.24_LL3f_mi,3
339,179,135,221,665,313,352,0,1,3,p_1.30.24_LL3f_mi,3
340,174,142,223,662,329,333,0,1,3,p_1.30.24_LL3f_mi,3
341,180,148,223,671,319,352,0,1,3,p_1.30.24_LL3f_mi,3
342,174,145,226,651,313,338,0,1,3,p_1.30.24_LL3f_mi,3
343,169,144,225,662,308,354,0,1,3,p_1.30.24_LL3f_mi,3
344,173,133,223,667,331,336,0,1,3,p_1.30.24_LL3f_mi,3
345,170,129,218,683,348,335,0,1,3,p_1.30.24_LL3f_mi,3
346,175,139,224,663,326,337,0,1,3,p_1.30.24_LL3f_mi,3
347,175,137,226,660,329,331,0,1,3,p_1.30.24_LL3f_mi,3
348,172,133,224,666,343,323,0,1,3,p_1.30.24_LL3f_mi,3
349,177,136,220,670,367,303,0,1,3,p_1.30.24_LL3f_mi,3
350,172,137,223,671,361,310,0,1,3,p_1.30.24_LL3f_mi,3
1,8,8,11,620,294,326,0,1,4,p_1.30.24_LL3f_mi,3
2,88,82,116,870,405,465,0,1,4,p_1.30.24_LL3f_mi,3
3,119,105,156,809,370,439,0,1,4,p_1.30.24_LL3f_mi,3
4,165,129,215,685,315,370,0,1,4,p_1.30.24_LL3f_mi,3
5,179,139,223,661,308,353,0,1,4,p_1.30.24_LL3f_mi,3
6,180,145,233,632,298,334,0,1,4,p_1.30.24_LL3f_mi,3
7,173,138,227,653,321,332,0,1,4,p_1.30.24_LL3f_mi,3
8,165,122,223,662,336,326,0,1,4,p_1.30.24_LL3f_mi,3
9,172,138,213,692,342,350,0,1,4,p_1.30.24_LL3f_mi,3
10,176,131,222,673,334,339,0,1,4,p_1.30.24_LL3f_mi,3
11,172,137,224,667,330,337,0,1,4,p_1.30.24_LL3f_mi,3
12,180,140,230,639,315,324,0,1,4,p_1.30.24_LL3f_mi,3
13,179,141,224,666,320,346,0,1,4,p_1.30.24_LL3f_mi,3
14,186,132,234,632,306,326,0,1,4,p_1.30.24_LL3f_mi,3
15,171,133,225,667,320,347,0,1,4,p_1.30.24_LL3f_mi,3
16,164,125,216,689,330,359,0,1,4,p_1.30.24_LL3f_mi,3
17,168,135,220,672,323,349,0,1,4,p_1.30.24_LL3f_mi,3
18,172,138,223,674,330,344,0,1,4,p_1.30.24_LL3f_mi,3
19,168,132,222,673,340,333,0,1,4,p_1.30.24_LL3f_mi,3
20,174,133,221,671,344,327,0,1,4,p_1.30.24_LL3f_mi,3
21,173,143,222,672,340,332,0,1,4,p_1.30.24_LL3f_mi,3
22,176,136,221,671,336,335,0,1,4,p_1.30.24_LL3f_mi,3
23,180,135,227,652,319,333,0,1,4,p_1.30.24_LL3f_mi,3
24,170,138,212,691,347,344,0,1,4,p_1.30.24_LL3f_mi,3
25,182,131,231,643,314,329,0,1,4,p_1.30.24_LL3f_mi,3
26,163,131,208,700,361,339,0,1,4,p_1.30.24_LL3f_mi,3
27,174,134,225,665,347,318,0,1,4,p_1.30.24_LL3f_mi,3
28,162,124,215,690,369,321,0,1,4,p_1.30.24_LL3f_mi,3
29,173,133,225,660,341,319,0,1,4,p_1.30.24_LL3f_mi,3
30,183,134,230,649,327,322,0,1,4,p_1.30.24_LL3f_mi,3
31,174,131,223,666,342,324,0,1,4,p_1.30.24_LL3f_mi,3
32,174,135,223,671,343,328,0,1,4,p_1.30.24_LL3f_mi,3
33,179,138,224,668,332,336,0,1,4,p_1.30.24_LL3f_mi,3
34,172,141,224,663,336,327,0,1,4,p_1.30.24_LL3f_mi,3
35,172,134,218,681,360,321,0,1,4,p_1.30.24_LL3f_mi,3
36,175,132,221,679,339,340,0,1,4,p_1.30.24_LL3f_mi,3
37,180,142,232,638,305,333,0,1,4,p_1.30.24_LL3f_mi,3
38,172,141,228,651,303,348,0,1,4,p_1.30.24_LL3f_mi,3
39,181,142,233,639,303,336,0,1,4,p_1.30.24_LL3f_mi,3
40,181,145,227,656,314,342,0,1,4,p_1.30.24_LL3f_mi,3
41,170,138,216,688,319,369,0,1,4,p_1.30.24_LL3f_mi,3
42,173,142,222,668,334,334,0,1,4,p_1.30.24_LL3f_mi,3
43,166,129,227,651,323,328,0,1,4,p_1.30.24_LL3f_mi,3
44,169,137,217,684,349,335,0,1,4,p_1.30.24_LL3f_mi,3
45,179,142,225,659,331,328,0,1,4,p_1.30.24_LL3f_mi,3
46,164,125,218,678,339,339,0,1,4,p_1.30.24_LL3f_mi,3
47,172,130,221,670,354,316,0,1,4,p_1.30.24_LL3f_mi,3
48,167,136,217,683,360,323,0,1,4,p_1.30.24_LL3f_mi,3
49,176,129,227,654,341,313,0,1,4,p_1.30.24_LL3f_mi,3
50,174,146,225,665,344,321,0,1,4,p_1.30.24_LL3f_mi,3
51,165,140,212,701,355,346,0,1,4,p_1.30.24_LL3f_mi,3
52,171,137,220,676,347,329,0,1,4,p_1.30.24_LL3f_mi,3
53,173,137,222,669,328,341,0,1,4,p_1.30.24_LL3f_mi,3
54,168,127,222,669,339,330,0,1,4,p_1.30.24_LL3f_mi,3
55,183,145,226,658,318,340,0,1,4,p_1.30.24_LL3f_mi,3
56,186,146,231,647,326,321,0,1,4,p_1.30.24_LL3f_mi,3
57,183,142,227,656,326,330,0,1,4,p_1.30.24_LL3f_mi,3
58,168,135,220,677,317,360,0,1,4,p_1.30.24_LL3f_mi,3
59,173,136,221,674,317,357,0,1,4,p_1.30.24_LL3f_mi,3
60,168,132,222,675,313,362,0,1,4,p_1.30.24_LL3f_mi,3
61,173,134,217,686,337,349,0,1,4,p_1.30.24_LL3f_mi,3
62,171,135,219,683,337,346,0,1,4,p_1.30.24_LL3f_mi,3
63,171,135,217,684,345,339,0,1,4,p_1.30.24_LL3f_mi,3
64,167,127,221,668,334,334,0,1,4,p_1.30.24_LL3f_mi,3
65,164,130,217,682,339,343,0,1,4,p_1.30.24_LL3f_mi,3
66,176,144,228,653,325,328,0,1,4,p_1.30.24_LL3f_mi,3
67,179,142,229,642,313,329,0,1,4,p_1.30.24_LL3f_mi,3
68,176,130,229,651,333,318,0,1,4,p_1.30.24_LL3f_mi,3
69,174,131,224,660,331,329,0,1,4,p_1.30.24_LL3f_mi,3
70,170,126,227,657,349,308,0,1,4,p_1.30.24_LL3f_mi,3
71,172,132,224,662,350,312,0,1,4,p_1.30.24_LL3f_mi,3
72,172,125,219,676,379,297,0,1,4,p_1.30.24_LL3f_mi,3
73,178,137,225,658,351,307,0,1,4,p_1.30.24_LL3f_mi,3
74,173,129,220,677,361,316,0,1,4,p_1.30.24_LL3f_mi,3
75,175,129,229,649,340,309,0,1,4,p_1.30.24_LL3f_mi,3
76,156,126,204,714,362,352,0,1,4,p_1.30.24_LL3f_mi,3
77,181,139,227,661,328,333,0,1,4,p_1.30.24_LL3f_mi,3
78,174,136,225,662,340,322,0,1,4,p_1.30.24_LL3f_mi,3
79,167,134,219,678,351,327,0,1,4,p_1.30.24_LL3f_mi,3
80,178,137,230,646,346,300,0,1,4,p_1.30.24_LL3f_mi,3
81,181,136,227,651,356,295,0,1,4,p_1.30.24_LL3f_mi,3
82,181,139,224,667,349,318,0,1,4,p_1.30.24_LL3f_mi,3
83,173,137,225,666,339,327,0,1,4,p_1.30.24_LL3f_mi,3
84,166,136,216,681,343,338,0,1,4,p_1.30.24_LL3f_mi,3
85,175,139,225,662,339,323,0,1,4,p_1.30.24_LL3f_mi,3
86,178,134,230,642,343,299,0,1,4,p_1.30.24_LL3f_mi,3
87,168,128,220,670,357,313,0,1,4,p_1.30.24_LL3f_mi,3
88,175,139,220,680,355,325,0,1,4,p_1.30.24_LL3f_mi,3
89,178,130,228,651,341,310,0,1,4,p_1.30.24_LL3f_mi,3
90,171,129,221,677,339,338,0,1,4,p_1.30.24_LL3f_mi,3
91,180,140,226,654,323,331,0,1,4,p_1.30.24_LL3f_mi,3
92,176,139,233,645,322,323,0,1,4,p_1.30.24_LL3f_mi,3
93,175,141,224,664,336,328,0,1,4,p_1.30.24_LL3f_mi,3
94,168,132,214,699,346,353,0,1,4,p_1.30.24_LL3f_mi,3
95,168,139,220,674,321,353,0,1,4,p_1.30.24_LL3f_mi,3
96,178,133,228,649,315,334,0,1,4,p_1.30.24_LL3f_mi,3
97,174,137,222,675,323,352,0,1,4,p_1.30.24_LL3f_mi,3
98,175,130,224,670,334,336,0,1,4,p_1.30.24_LL3f_mi,3
99,173,140,228,658,317,341,0,1,4,p_1.30.24_LL3f_mi,3
100,160,137,194,664,340,324,0,1,4,p_1.30.24_LL3f_mi,3
101,112,93,150,674,344,330,0,1,4,p_1.30.24_LL3f_mi,3
102,124,99,157,573,282,291,0,1,4,p_1.30.24_LL3f_mi,3
103,113,98,146,520,274,246,0,1,4,p_1.30.24_LL3f_mi,3
104,91,75,120,491,271,220,0,1,4,p_1.30.24_LL3f_mi,3
105,80,63,102,449,236,213,0,1,4,p_1.30.24_LL3f_mi,3
106,85,67,100,376,192,184,0,1,4,p_1.30.24_LL3f_mi,3
107,57,52,75,347,163,184,0,1,4,p_1.30.24_LL3f_mi,3
108,46,39,59,296,147,149,0,1,4,p_1.30.24_LL3f_mi,3
109,36,30,44,248,116,132,0,1,4,p_1.30.24_LL3f_mi,3
110,27,25,35,194,89,105,0,1,4,p_1.30.24_LL3f_mi,3
111,29,28,37,156,72,84,0,1,4,p_1.30.24_LL3f_mi,3
112,28,26,36,127,56,71,0,1,4,p_1.30.24_LL3f_mi,3
113,29,23,34,105,47,58,0,1,4,p_1.30.24_LL3f_mi,3
114,24,16,35,108,49,59,0,1,4,p_1.30.24_LL3f_mi,3
115,30,23,37,113,57,56,0,1,4,p_1.30.24_LL3f_mi,3
116,25,22,33,109,54,55,0,1,4,p_1.30.24_LL3f_mi,3
117,26,21,35,105,62,43,0,1,4,p_1.30.24_LL3f_mi,3
118,23,18,31,104,58,46,0,1,4,p_1.30.24_LL3f_mi,3
119,24,21,34,102,56,46,0,1,4,p_1.30.24_LL3f_mi,3
120,27,22,36,104,55,49,0,1,4,p_1.30.24_LL3f_mi,3
121,26,19,34,109,60,49,0,1,4,p_1.30.24_LL3f_mi,3
122,27,22,33,102,49,53,0,1,4,p_1.30.24_LL3f_mi,3
123,23,21,31,96,48,48,0,1,4,p_1.30.24_LL3f_mi,3
124,26,19,31,89,40,49,0,1,4,p_1.30.24_LL3f_mi,3
125,24,15,35,109,52,57,16,1,4,p_1.30.24_LL3f_mi,3
126,25,18,36,118,56,62,9,1,4,p_1.30.24_LL3f_mi,3
127,26,22,36,120,54,66,6,1,4,p_1.30.24_LL3f_mi,3
128,26,21,35,115,55,60,3,1,4,p_1.30.24_LL3f_mi,3
129,27,19,34,106,53,53,1,1,4,p_1.30.24_LL3f_mi,3
130,25,23,33,94,43,51,1,1,4,p_1.30.24_LL3f_mi,3
131,24,20,30,89,41,48,0,1,4,p_1.30.24_LL3f_mi,3
132,24,18,33,94,48,46,0,1,4,p_1.30.24_LL3f_mi,3
133,25,19,32,100,47,53,0,1,4,p_1.30.24_LL3f_mi,3
134,25,23,34,100,50,50,0,1,4,p_1.30.24_LL3f_mi,3
135,27,21,34,105,54,51,0,1,4,p_1.30.24_LL3f_mi,3
136,26,24,34,108,56,52,0,1,4,p_1.30.24_LL3f_mi,3
137,30,21,34,107,59,48,0,1,4,p_1.30.24_LL3f_mi,3
138,25,18,34,106,58,48,0,1,4,p_1.30.24_LL3f_mi,3
139,28,20,34,103,55,48,0,1,4,p_1.30.24_LL3f_mi,3
140,24,15,35,115,64,51,19,1,4,p_1.30.24_LL3f_mi,3
141,28,21,33,100,49,51,7,1,4,p_1.30.24_LL3f_mi,3
142,26,20,35,105,52,53,3,1,4,p_1.30.24_LL3f_mi,3
143,27,23,35,110,48,62,2,1,4,p_1.30.24_LL3f_mi,3
144,27,21,34,106,43,63,1,1,4,p_1.30.24_LL3f_mi,3
145,25,22,32,95,38,57,0,1,4,p_1.30.24_LL3f_mi,3
146,23,23,31,102,42,60,0,1,4,p_1.30.24_LL3f_mi,3
147,24,21,33,101,52,49,0,1,4,p_1.30.24_LL3f_mi,3
148,24,17,32,100,54,46,0,1,4,p_1.30.24_LL3f_mi,3
149,27,21,34,98,53,45,0,1,4,p_1.30.24_LL3f_mi,3
150,25,20,33,100,49,51,0,1,4,p_1.30.24_LL3f_mi,3
151,51,34,73,107,53,54,0,1,4,p_1.30.24_LL3f_mi,3
152,63,43,95,143,65,78,0,1,4,p_1.30.24_LL3f_mi,3
153,86,58,122,198,89,109,0,1,4,p_1.30.24_LL3f_mi,3
154,106,78,144,266,119,147,0,1,4,p_1.30.24_LL3f_mi,3
155,131,95,162,334,166,168,21,1,4,p_1.30.24_LL3f_mi,3
156,138,102,178,389,185,204,15,1,4,p_1.30.24_LL3f_mi,3
157,154,104,197,440,229,211,10,1,4,p_1.30.24_LL3f_mi,3
158,163,113,207,511,260,251,1,1,4,p_1.30.24_LL3f_mi,3
159,172,127,228,547,278,269,1,1,4,p_1.30.24_LL3f_mi,3
160,178,123,239,608,299,309,0,1,4,p_1.30.24_LL3f_mi,3
161,179,145,231,639,314,325,0,1,4,p_1.30.24_LL3f_mi,3
162,177,133,227,652,328,324,0,1,4,p_1.30.24_LL3f_mi,3
163,165,141,216,683,348,335,0,1,4,p_1.30.24_LL3f_mi,3
164,174,144,225,660,340,320,0,1,4,p_1.30.24_LL3f_mi,3
165,181,135,228,657,317,340,0,1,4,p_1.30.24_LL3f_mi,3
166,174,132,224,662,316,346,0,1,4,p_1.30.24_LL3f_mi,3
167,173,137,224,669,320,349,0,1,4,p_1.30.24_LL3f_mi,3
168,167,135,216,692,325,367,0,1,4,p_1.30.24_LL3f_mi,3
169,170,136,225,657,300,357,0,1,4,p_1.30.24_LL3f_mi,3
170,177,142,222,671,317,354,22,1,4,p_1.30.24_LL3f_mi,3
171,178,136,226,661,320,341,12,1,4,p_1.30.24_LL3f_mi,3
172,170,139,224,668,331,337,7,1,4,p_1.30.24_LL3f_mi,3
173,165,129,215,693,342,351,4,1,4,p_1.30.24_LL3f_mi,3
174,173,132,220,680,333,347,0,1,4,p_1.30.24_LL3f_mi,3
175,177,133,225,661,314,347,0,1,4,p_1.30.24_LL3f_mi,3
176,170,141,210,707,338,369,0,1,4,p_1.30.24_LL3f_mi,3
177,172,136,224,665,328,337,0,1,4,p_1.30.24_LL3f_mi,3
178,179,131,227,650,335,315,0,1,4,p_1.30.24_LL3f_mi,3
179,181,136,231,644,342,302,0,1,4,p_1.30.24_LL3f_mi,3
180,174,135,221,670,358,312,0,1,4,p_1.30.24_LL3f_mi,3
181,174,132,221,674,346,328,0,1,4,p_1.30.24_LL3f_mi,3
182,166,134,217,688,352,336,0,1,4,p_1.30.24_LL3f_mi,3
183,180,139,226,657,348,309,0,1,4,p_1.30.24_LL3f_mi,3
184,169,136,227,660,335,325,0,1,4,p_1.30.24_LL3f_mi,3
185,171,134,222,667,348,319,0,1,4,p_1.30.24_LL3f_mi,3
186,184,144,229,644,332,312,0,1,4,p_1.30.24_LL3f_mi,3
187,182,138,229,650,326,324,0,1,4,p_1.30.24_LL3f_mi,3
188,182,146,236,624,291,333,0,1,4,p_1.30.24_LL3f_mi,3
189,172,133,229,647,304,343,0,1,4,p_1.30.24_LL3f_mi,3
190,169,134,219,679,321,358,0,1,4,p_1.30.24_LL3f_mi,3
191,175,141,220,681,334,347,0,1,4,p_1.30.24_LL3f_mi,3
192,183,137,228,657,325,332,0,1,4,p_1.30.24_LL3f_mi,3
193,178,129,228,657,345,312,0,1,4,p_1.30.24_LL3f_mi,3
194,181,132,231,646,336,310,0,1,4,p_1.30.24_LL3f_mi,3
195,169,126,219,674,339,335,0,1,4,p_1.30.24_LL3f_mi,3
196,177,132,223,663,340,323,0,1,4,p_1.30.24_LL3f_mi,3
197,177,136,229,652,320,332,0,1,4,p_1.30.24_LL3f_mi,3
198,173,130,221,666,339,327,0,1,4,p_1.30.24_LL3f_mi,3
199,169,136,218,684,343,341,0,1,4,p_1.30.24_LL3f_mi,3
200,170,132,219,676,337,339,0,1,4,p_1.30.24_LL3f_mi,3
201,160,127,206,712,357,355,0,1,4,p_1.30.24_LL3f_mi,3
202,178,145,228,657,325,332,0,1,4,p_1.30.24_LL3f_mi,3
203,179,134,228,654,321,333,0,1,4,p_1.30.24_LL3f_mi,3
204,168,128,219,683,349,334,0,1,4,p_1.30.24_LL3f_mi,3
205,171,136,224,669,339,330,0,1,4,p_1.30.24_LL3f_mi,3
206,177,144,227,662,328,334,0,1,4,p_1.30.24_LL3f_mi,3
207,175,127,229,645,322,323,0,1,4,p_1.30.24_LL3f_mi,3
208,164,127,220,674,362,312,0,1,4,p_1.30.24_LL3f_mi,3
209,185,143,229,654,347,307,0,1,4,p_1.30.24_LL3f_mi,3
210,168,118,217,685,361,324,0,1,4,p_1.30.24_LL3f_mi,3
211,169,141,222,672,341,331,0,1,4,p_1.30.24_LL3f_mi,3
212,176,137,219,683,339,344,0,1,4,p_1.30.24_LL3f_mi,3
213,176,134,225,668,325,343,0,1,4,p_1.30.24_LL3f_mi,3
214,174,137,224,669,323,346,0,1,4,p_1.30.24_LL3f_mi,3
215,172,136,221,671,316,355,0,1,4,p_1.30.24_LL3f_mi,3
216,173,128,225,658,325,333,0,1,4,p_1.30.24_LL3f_mi,3
217,170,135,221,677,334,343,0,1,4,p_1.30.24_LL3f_mi,3
218,179,134,225,663,319,344,0,1,4,p_1.30.24_LL3f_mi,3
219,168,133,213,696,343,353,0,1,4,p_1.30.24_LL3f_mi,3
220,171,126,220,671,332,339,0,1,4,p_1.30.24_LL3f_mi,3
221,171,124,222,671,350,321,0,1,4,p_1.30.24_LL3f_mi,3
222,170,138,224,664,342,322,0,1,4,p_1.30.24_LL3f_mi,3
223,178,135,225,660,353,307,0,1,4,p_1.30.24_LL3f_mi,3
224,187,137,230,643,330,313,0,1,4,p_1.30.24_LL3f_mi,3
225,182,138,230,644,322,322,0,1,4,p_1.30.24_LL3f_mi,3
226,161,129,210,703,348,355,0,1,4,p_1.30.24_LL3f_mi,3
227,182,140,226,656,318,338,0,1,4,p_1.30.24_LL3f_mi,3
228,176,137,226,650,314,336,0,1,4,p_1.30.24_LL3f_mi,3
229,182,143,230,655,328,327,0,1,4,p_1.30.24_LL3f_mi,3
230,169,128,215,687,349,338,0,1,4,p_1.30.24_LL3f_mi,3
231,172,135,223,667,334,333,0,1,4,p_1.30.24_LL3f_mi,3
232,176,135,229,647,323,324,0,1,4,p_1.30.24_LL3f_mi,3
233,174,147,227,652,312,340,0,1,4,p_1.30.24_LL3f_mi,3
234,171,145,218,674,321,353,0,1,4,p_1.30.24_LL3f_mi,3
235,171,137,212,694,335,359,0,1,4,p_1.30.24_LL3f_mi,3
236,173,137,224,665,320,345,0,1,4,p_1.30.24_LL3f_mi,3
237,171,130,221,672,333,339,0,1,4,p_1.30.24_LL3f_mi,3
238,178,143,228,652,324,328,0,1,4,p_1.30.24_LL3f_mi,3
239,170,135,225,662,328,334,0,1,4,p_1.30.24_LL3f_mi,3
240,181,134,226,662,346,316,0,1,4,p_1.30.24_LL3f_mi,3
241,183,140,230,645,309,336,0,1,4,p_1.30.24_LL3f_mi,3
242,178,135,226,666,315,351,0,1,4,p_1.30.24_LL3f_mi,3
243,171,136,219,681,321,360,0,1,4,p_1.30.24_LL3f_mi,3
244,173,139,221,674,329,345,0,1,4,p_1.30.24_LL3f_mi,3
245,178,146,221,674,323,351,0,1,4,p_1.30.24_LL3f_mi,3
246,174,127,227,649,325,324,0,1,4,p_1.30.24_LL3f_mi,3
247,175,141,222,667,330,337,0,1,4,p_1.30.24_LL3f_mi,3
248,171,135,218,686,346,340,0,1,4,p_1.30.24_LL3f_mi,3
249,168,136,220,677,341,336,0,1,4,p_1.30.24_LL3f_mi,3
250,182,149,231,639,324,315,0,1,4,p_1.30.24_LL3f_mi,3
251,171,135,215,686,350,336,0,1,4,p_1.30.24_LL3f_mi,3
252,171,133,222,675,341,334,0,1,4,p_1.30.24_LL3f_mi,3
253,177,139,228,657,326,331,0,1,4,p_1.30.24_LL3f_mi,3
254,181,134,227,664,331,333,0,1,4,p_1.30.24_LL3f_mi,3
255,166,134,211,701,351,350,0,1,4,p_1.30.24_LL3f_mi,3
256,174,134,223,663,346,317,0,1,4,p_1.30.24_LL3f_mi,3
257,176,134,227,660,336,324,0,1,4,p_1.30.24_LL3f_mi,3
258,180,133,230,646,346,300,0,1,4,p_1.30.24_LL3f_mi,3
259,183,138,230,643,336,307,0,1,4,p_1.30.24_LL3f_mi,3
260,170,128,229,647,345,302,0,1,4,p_1.30.24_LL3f_mi,3
261,180,140,222,667,336,331,0,1,4,p_1.30.24_LL3f_mi,3
262,175,139,223,665,333,332,0,1,4,p_1.30.24_LL3f_mi,3
263,181,140,231,639,320,319,0,1,4,p_1.30.24_LL3f_mi,3
264,167,127,223,666,335,331,0,1,4,p_1.30.24_LL3f_mi,3
265,176,139,222,667,342,325,0,1,4,p_1.30.24_LL3f_mi,3
266,175,143,222,667,317,350,0,1,4,p_1.30.24_LL3f_mi,3
267,178,142,229,646,305,341,0,1,4,p_1.30.24_LL3f_mi,3
268,178,139,226,660,309,351,0,1,4,p_1.30.24_LL3f_mi,3
269,170,132,223,665,302,363,0,1,4,p_1.30.24_LL3f_mi,3
270,173,143,223,664,302,362,0,1,4,p_1.30.24_LL3f_mi,3
271,178,147,227,653,311,342,0,1,4,p_1.30.24_LL3f_mi,3
272,180,134,221,676,311,365,0,1,4,p_1.30.24_LL3f_mi,3
273,169,132,216,689,316,373,0,1,4,p_1.30.24_LL3f_mi,3
274,171,140,215,686,315,371,0,1,4,p_1.30.24_LL3f_mi,3
275,171,143,215,691,319,372,0,1,4,p_1.30.24_LL3f_mi,3
276,162,128,205,713,337,376,0,1,4,p_1.30.24_LL3f_mi,3
277,168,136,218,680,319,361,0,1,4,p_1.30.24_LL3f_mi,3
278,181,142,227,654,309,345,0,1,4,p_1.30.24_LL3f_mi,3
279,179,141,227,653,321,332,0,1,4,p_1.30.24_LL3f_mi,3
280,173,136,226,654,335,319,0,1,4,p_1.30.24_LL3f_mi,3
281,169,132,223,660,338,322,0,1,4,p_1.30.24_LL3f_mi,3
282,176,138,221,670,343,327,0,1,4,p_1.30.24_LL3f_mi,3
283,172,133,229,644,326,318,0,1,4,p_1.30.24_LL3f_mi,3
284,181,135,224,663,336,327,0,1,4,p_1.30.24_LL3f_mi,3
285,173,128,224,663,342,321,0,1,4,p_1.30.24_LL3f_mi,3
286,185,141,230,642,333,309,0,1,4,p_1.30.24_LL3f_mi,3
287,175,125,227,655,352,303,0,1,4,p_1.30.24_LL3f_mi,3
288,179,138,229,651,346,305,0,1,4,p_1.30.24_LL3f_mi,3
289,181,134,225,658,344,314,0,1,4,p_1.30.24_LL3f_mi,3
290,176,136,230,640,321,319,0,1,4,p_1.30.24_LL3f_mi,3
291,169,129,222,669,345,324,0,1,4,p_1.30.24_LL3f_mi,3
292,175,134,223,668,338,330,0,1,4,p_1.30.24_LL3f_mi,3
293,168,132,217,688,351,337,0,1,4,p_1.30.24_LL3f_mi,3
294,170,131,227,659,325,334,0,1,4,p_1.30.24_LL3f_mi,3
295,168,133,217,686,350,336,0,1,4,p_1.30.24_LL3f_mi,3
296,171,134,221,670,335,335,0,1,4,p_1.30.24_LL3f_mi,3
297,172,135,220,680,338,342,0,1,4,p_1.30.24_LL3f_mi,3
298,169,132,229,650,314,336,0,1,4,p_1.30.24_LL3f_mi,3
299,170,139,214,692,337,355,0,1,4,p_1.30.24_LL3f_mi,3
300,178,137,221,671,338,333,0,1,4,p_1.30.24_LL3f_mi,3
301,161,129,201,722,360,362,0,1,4,p_1.30.24_LL3f_mi,3
302,178,135,227,653,327,326,0,1,4,p_1.30.24_LL3f_mi,3
303,172,137,231,644,342,302,0,1,4,p_1.30.24_LL3f_mi,3
304,168,130,223,665,326,339,0,1,4,p_1.30.24_LL3f_mi,3
305,177,139,230,647,312,335,0,1,4,p_1.30.24_LL3f_mi,3
306,181,143,224,665,326,339,0,1,4,p_1.30.24_LL3f_mi,3
307,175,137,222,675,345,330,0,1,4,p_1.30.24_LL3f_mi,3
308,170,126,225,667,335,332,0,1,4,p_1.30.24_LL3f_mi,3
309,173,136,222,672,341,331,0,1,4,p_1.30.24_LL3f_mi,3
310,184,143,231,642,328,314,0,1,4,p_1.30.24_LL3f_mi,3
311,173,135,223,661,316,345,0,1,4,p_1.30.24_LL3f_mi,3
312,170,136,223,664,326,338,0,1,4,p_1.30.24_LL3f_mi,3
313,174,139,217,687,339,348,0,1,4,p_1.30.24_LL3f_mi,3
314,186,138,233,629,316,313,0,1,4,p_1.30.24_LL3f_mi,3
315,178,133,232,638,329,309,0,1,4,p_1.30.24_LL3f_mi,3
316,165,119,224,658,330,328,0,1,4,p_1.30.24_LL3f_mi,3
317,172,135,217,686,348,338,0,1,4,p_1.30.24_LL3f_mi,3
318,173,139,227,653,351,302,0,1,4,p_1.30.24_LL3f_mi,3
319,171,132,219,686,363,323,0,1,4,p_1.30.24_LL3f_mi,3
320,176,135,225,661,322,339,0,1,4,p_1.30.24_LL3f_mi,3
321,167,129,221,670,314,356,0,1,4,p_1.30.24_LL3f_mi,3
322,177,142,219,680,317,363,0,1,4,p_1.30.24_LL3f_mi,3
323,177,143,231,638,310,328,0,1,4,p_1.30.24_LL3f_mi,3
324,178,139,234,622,301,321,0,1,4,p_1.30.24_LL3f_mi,3
325,177,138,227,652,323,329,0,1,4,p_1.30.24_LL3f_mi,3
326,163,129,213,697,351,346,0,1,4,p_1.30.24_LL3f_mi,3
327,179,141,227,656,343,313,0,1,4,p_1.30.24_LL3f_mi,3
328,177,145,223,666,349,317,0,1,4,p_1.30.24_LL3f_mi,3
329,176,141,219,684,336,348,0,1,4,p_1.30.24_LL3f_mi,3
330,183,138,231,641,307,334,0,1,4,p_1.30.24_LL3f_mi,3
331,173,146,216,685,337,348,0,1,4,p_1.30.24_LL3f_mi,3
332,172,140,217,688,348,340,0,1,4,p_1.30.24_LL3f_mi,3
333,166,133,214,695,345,350,0,1,4,p_1.30.24_LL3f_mi,3
334,172,134,222,673,326,347,0,1,4,p_1.30.24_LL3f_mi,3
335,177,130,223,665,305,360,0,1,4,p_1.30.24_LL3f_mi,3
336,177,136,224,669,310,359,0,1,4,p_1.30.24_LL3f_mi,3
337,174,137,219,676,327,349,0,1,4,p_1.30.24_LL3f_mi,3
338,173,133,219,678,329,349,0,1,4,p_1.30.24_LL3f_mi,3
339,175,137,220,672,329,343,0,1,4,p_1.30.24_LL3f_mi,3
340,167,137,221,675,326,349,0,1,4,p_1.30.24_LL3f_mi,3
341,180,143,235,632,308,324,0,1,4,p_1.30.24_LL3f_mi,3
342,172,137,220,674,336,338,0,1,4,p_1.30.24_LL3f_mi,3
343,173,136,221,670,345,325,0,1,4,p_1.30.24_LL3f_mi,3
344,161,128,214,691,345,346,0,1,4,p_1.30.24_LL3f_mi,3
345,177,141,232,645,318,327,0,1,4,p_1.30.24_LL3f_mi,3
346,177,132,227,662,328,334,0,1,4,p_1.30.24_LL3f_mi,3
347,156,127,208,709,366,343,0,1,4,p_1.30.24_LL3f_mi,3
348,172,129,218,689,356,333,0,1,4,p_1.30.24_LL3f_mi,3
349,172,130,224,662,326,336,0,1,4,p_1.30.24_LL3f_mi,3
350,175,144,225,660,315,345,0,1,4,p_1.30.24_LL3f_mi,3
1,8,8,11,622,309,313,0,1,5,p_1.30.24_LL3f_mi,3
2,97,86,123,854,414,440,0,1,5,p_1.30.24_LL3f_mi,3
3,142,114,184,758,356,402,0,1,5,p_1.30.24_LL3f_mi,3
4,155,129,201,722,342,380,0,1,5,p_1.30.24_LL3f_mi,3
5,167,124,222,674,313,361,0,1,5,p_1.30.24_LL3f_mi,3
6,183,138,233,633,307,326,0,1,5,p_1.30.24_LL3f_mi,3
7,178,137,232,642,299,343,0,1,5,p_1.30.24_LL3f_mi,3
8,172,139,220,675,313,362,0,1,5,p_1.30.24_LL3f_mi,3
9,176,136,227,655,313,342,0,1,5,p_1.30.24_LL3f_mi,3
10,173,135,218,678,335,343,0,1,5,p_1.30.24_LL3f_mi,3
11,175,132,223,664,330,334,0,1,5,p_1.30.24_LL3f_mi,3
12,168,133,225,657,324,333,0,1,5,p_1.30.24_LL3f_mi,3
13,170,134,220,675,324,351,0,1,5,p_1.30.24_LL3f_mi,3
14,173,135,217,681,340,341,0,1,5,p_1.30.24_LL3f_mi,3
15,179,133,228,649,332,317,0,1,5,p_1.30.24_LL3f_mi,3
16,174,139,226,656,337,319,0,1,5,p_1.30.24_LL3f_mi,3
17,173,135,220,672,350,322,0,1,5,p_1.30.24_LL3f_mi,3
18,184,139,231,647,323,324,0,1,5,p_1.30.24_LL3f_mi,3
19,174,134,224,662,320,342,0,1,5,p_1.30.24_LL3f_mi,3
20,173,135,222,670,318,352,0,1,5,p_1.30.24_LL3f_mi,3
21,172,137,219,674,332,342,0,1,5,p_1.30.24_LL3f_mi,3
22,179,139,224,666,324,342,0,1,5,p_1.30.24_LL3f_mi,3
23,172,141,217,682,332,350,0,1,5,p_1.30.24_LL3f_mi,3
24,166,136,221,670,314,356,0,1,5,p_1.30.24_LL3f_mi,3
25,177,142,224,663,323,340,0,1,5,p_1.30.24_LL3f_mi,3
26,161,131,207,707,341,366,0,1,5,p_1.30.24_LL3f_mi,3
27,173,142,225,660,302,358,0,1,5,p_1.30.24_LL3f_mi,3
28,179,140,227,651,311,340,0,1,5,p_1.30.24_LL3f_mi,3
29,179,143,225,660,324,336,0,1,5,p_1.30.24_LL3f_mi,3
30,185,137,230,649,326,323,0,1,5,p_1.30.24_LL3f_mi,3
31,171,125,228,653,338,315,0,1,5,p_1.30.24_LL3f_mi,3
32,171,143,221,675,353,322,0,1,5,p_1.30.24_LL3f_mi,3
33,176,141,221,677,338,339,0,1,5,p_1.30.24_LL3f_mi,3
34,177,142,226,658,326,332,0,1,5,p_1.30.24_LL3f_mi,3
35,172,138,223,664,319,345,0,1,5,p_1.30.24_LL3f_mi,3
36,179,139,223,666,314,352,0,1,5,p_1.30.24_LL3f_mi,3
37,176,132,223,672,327,345,0,1,5,p_1.30.24_LL3f_mi,3
38,172,140,221,670,325,345,0,1,5,p_1.30.24_LL3f_mi,3
39,170,144,225,664,312,352,0,1,5,p_1.30.24_LL3f_mi,3
40,178,135,231,643,306,337,0,1,5,p_1.30.24_LL3f_mi,3
41,182,141,226,666,332,334,0,1,5,p_1.30.24_LL3f_mi,3
42,171,133,229,652,326,326,0,1,5,p_1.30.24_LL3f_mi,3
43,180,132,227,650,352,298,0,1,5,p_1.30.24_LL3f_mi,3
44,171,125,224,666,371,295,0,1,5,p_1.30.24_LL3f_mi,3
45,172,130,216,687,375,312,0,1,5,p_1.30.24_LL3f_mi,3
46,172,127,222,666,360,306,0,1,5,p_1.30.24_LL3f_mi,3
47,175,140,222,672,349,323,0,1,5,p_1.30.24_LL3f_mi,3
48,173,136,222,670,339,331,0,1,5,p_1.30.24_LL3f_mi,3
49,167,134,213,692,334,358,0,1,5,p_1.30.24_LL3f_mi,3
50,177,138,229,650,317,333,0,1,5,p_1.30.24_LL3f_mi,3
51,163,123,205,710,353,357,0,1,5,p_1.30.24_LL3f_mi,3
52,177,138,223,668,328,340,0,1,5,p_1.30.24_LL3f_mi,3
53,184,140,233,633,302,331,0,1,5,p_1.30.24_LL3f_mi,3
54,175,140,227,651,317,334,0,1,5,p_1.30.24_LL3f_mi,3
55,175,131,220,677,335,342,0,1,5,p_1.30.24_LL3f_mi,3
56,171,127,221,671,337,334,0,1,5,p_1.30.24_LL3f_mi,3
57,179,149,228,653,316,337,0,1,5,p_1.30.24_LL3f_mi,3
58,172,138,228,655,305,350,0,1,5,p_1.30.24_LL3f_mi,3
59,174,137,224,660,316,344,0,1,5,p_1.30.24_LL3f_mi,3
60,182,137,227,655,326,329,0,1,5,p_1.30.24_LL3f_mi,3
61,172,134,219,681,341,340,0,1,5,p_1.30.24_LL3f_mi,3
62,163,125,218,680,359,321,0,1,5,p_1.30.24_LL3f_mi,3
63,172,137,226,651,332,319,0,1,5,p_1.30.24_LL3f_mi,3
64,174,135,226,657,343,314,0,1,5,p_1.30.24_LL3f_mi,3
65,175,134,224,668,344,324,0,1,5,p_1.30.24_LL3f_mi,3
66,183,137,230,659,351,308,0,1,5,p_1.30.24_LL3f_mi,3
67,173,135,223,664,359,305,0,1,5,p_1.30.24_LL3f_mi,3
68,180,141,226,656,326,330,0,1,5,p_1.30.24_LL3f_mi,3
69,166,130,223,663,336,327,0,1,5,p_1.30.24_LL3f_mi,3
70,181,130,222,665,329,336,0,1,5,p_1.30.24_LL3f_mi,3
71,173,138,220,673,325,348,0,1,5,p_1.30.24_LL3f_mi,3
72,169,128,220,669,316,353,0,1,5,p_1.30.24_LL3f_mi,3
73,173,131,222,669,312,357,0,1,5,p_1.30.24_LL3f_mi,3
74,173,137,226,658,294,364,0,1,5,p_1.30.24_LL3f_mi,3
75,178,138,230,646,307,339,0,1,5,p_1.30.24_LL3f_mi,3
76,171,141,213,699,354,345,0,1,5,p_1.30.24_LL3f_mi,3
77,164,133,212,703,361,342,0,1,5,p_1.30.24_LL3f_mi,3
78,179,132,222,675,339,336,0,1,5,p_1.30.24_LL3f_mi,3
79,176,130,225,660,330,330,0,1,5,p_1.30.24_LL3f_mi,3
80,175,134,223,665,344,321,0,1,5,p_1.30.24_LL3f_mi,3
81,178,128,231,645,338,307,0,1,5,p_1.30.24_LL3f_mi,3
82,175,132,225,656,335,321,0,1,5,p_1.30.24_LL3f_mi,3
83,181,145,225,656,335,321,0,1,5,p_1.30.24_LL3f_mi,3
84,183,150,230,644,322,322,0,1,5,p_1.30.24_LL3f_mi,3
85,168,139,219,676,332,344,0,1,5,p_1.30.24_LL3f_mi,3
86,168,136,221,675,324,351,0,1,5,p_1.30.24_LL3f_mi,3
87,180,139,228,652,303,349,0,1,5,p_1.30.24_LL3f_mi,3
88,176,137,224,669,315,354,0,1,5,p_1.30.24_LL3f_mi,3
89,163,133,216,687,319,368,0,1,5,p_1.30.24_LL3f_mi,3
90,171,141,220,681,319,362,0,1,5,p_1.30.24_LL3f_mi,3
91,171,141,227,661,306,355,0,1,5,p_1.30.24_LL3f_mi,3
92,176,133,224,669,315,354,0,1,5,p_1.30.24_LL3f_mi,3
93,172,139,221,664,311,353,0,1,5,p_1.30.24_LL3f_mi,3
94,170,139,219,680,339,341,0,1,5,p_1.30.24_LL3f_mi,3
95,169,132,216,682,341,341,0,1,5,p_1.30.24_LL3f_mi,3
96,167,134,215,685,354,331,0,1,5,p_1.30.24_LL3f_mi,3
97,174,132,221,666,326,340,0,1,5,p_1.30.24_LL3f_mi,3
98,172,134,224,670,335,335,0,1,5,p_1.30.24_LL3f_mi,3
99,171,135,216,687,345,342,0,1,5,p_1.30.24_LL3f_mi,3
100,147,123,198,645,303,342,0,1,5,p_1.30.24_LL3f_mi,3
101,109,90,142,685,313,372,0,1,5,p_1.30.24_LL3f_mi,3
102,132,103,165,558,268,290,0,1,5,p_1.30.24_LL3f_mi,3
103,109,91,138,539,257,282,0,1,5,p_1.30.24_LL3f_mi,3
104,93,75,124,488,243,245,0,1,5,p_1.30.24_LL3f_mi,3
105,86,73,108,441,213,228,0,1,5,p_1.30.24_LL3f_mi,3
106,79,67,99,373,176,197,0,1,5,p_1.30.24_LL3f_mi,3
107,59,48,77,342,155,187,0,1,5,p_1.30.24_LL3f_mi,3
108,50,45,60,294,136,158,0,1,5,p_1.30.24_LL3f_mi,3
109,20,20,30,267,122,145,0,1,5,p_1.30.24_LL3f_mi,3
110,26,23,32,202,95,107,0,1,5,p_1.30.24_LL3f_mi,3
111,29,28,38,135,60,75,0,1,5,p_1.30.24_LL3f_mi,3
112,31,26,37,127,68,59,0,1,5,p_1.30.24_LL3f_mi,3
113,27,22,35,119,62,57,0,1,5,p_1.30.24_LL3f_mi,3
114,28,24,36,119,63,56,0,1,5,p_1.30.24_LL3f_mi,3
115,26,22,34,113,60,53,0,1,5,p_1.30.24_LL3f_mi,3
116,28,23,34,112,64,48,0,1,5,p_1.30.24_LL3f_mi,3
117,27,19,35,102,55,47,0,1,5,p_1.30.24_LL3f_mi,3
118,31,22,36,106,57,49,0,1,5,p_1.30.24_LL3f_mi,3
119,29,22,34,103,63,40,0,1,5,p_1.30.24_LL3f_mi,3
120,29,20,33,97,61,36,0,1,5,p_1.30.24_LL3f_mi,3
121,27,21,35,102,58,44,0,1,5,p_1.30.24_LL3f_mi,3
122,27,19,34,100,55,45,0,1,5,p_1.30.24_LL3f_mi,3
123,27,20,34,105,56,49,0,1,5,p_1.30.24_LL3f_mi,3
124,27,22,35,105,54,51,0,1,5,p_1.30.24_LL3f_mi,3
125,24,20,36,115,54,61,17,1,5,p_1.30.24_LL3f_mi,3
126,27,24,36,120,56,64,9,1,5,p_1.30.24_LL3f_mi,3
127,29,24,38,117,50,67,7,1,5,p_1.30.24_LL3f_mi,3
128,26,20,34,113,55,58,1,1,5,p_1.30.24_LL3f_mi,3
129,27,22,36,116,56,60,2,1,5,p_1.30.24_LL3f_mi,3
130,29,22,35,111,59,52,0,1,5,p_1.30.24_LL3f_mi,3
131,25,17,32,95,55,40,0,1,5,p_1.30.24_LL3f_mi,3
132,24,21,34,109,60,49,0,1,5,p_1.30.24_LL3f_mi,3
133,29,24,35,104,49,55,0,1,5,p_1.30.24_LL3f_mi,3
134,25,21,31,93,47,46,0,1,5,p_1.30.24_LL3f_mi,3
135,30,20,34,104,53,51,0,1,5,p_1.30.24_LL3f_mi,3
136,26,18,32,99,61,38,0,1,5,p_1.30.24_LL3f_mi,3
137,24,16,31,91,54,37,0,1,5,p_1.30.24_LL3f_mi,3
138,24,18,33,96,54,42,0,1,5,p_1.30.24_LL3f_mi,3
139,23,16,32,98,55,43,0,1,5,p_1.30.24_LL3f_mi,3
140,27,23,35,118,60,58,16,1,5,p_1.30.24_LL3f_mi,3
141,27,22,37,121,69,52,12,1,5,p_1.30.24_LL3f_mi,3
142,26,16,36,115,66,49,5,1,5,p_1.30.24_LL3f_mi,3
143,28,21,34,110,60,50,2,1,5,p_1.30.24_LL3f_mi,3
144,25,21,35,119,61,58,1,1,5,p_1.30.24_LL3f_mi,3
145,28,22,34,101,53,48,0,1,5,p_1.30.24_LL3f_mi,3
146,25,20,32,96,42,54,0,1,5,p_1.30.24_LL3f_mi,3
147,25,17,33,101,47,54,0,1,5,p_1.30.24_LL3f_mi,3
148,27,21,35,101,49,52,0,1,5,p_1.30.24_LL3f_mi,3
149,28,21,34,106,53,53,0,1,5,p_1.30.24_LL3f_mi,3
150,28,21,34,108,52,56,0,1,5,p_1.30.24_LL3f_mi,3
151,60,36,82,119,65,54,0,1,5,p_1.30.24_LL3f_mi,3
152,74,44,102,163,87,76,0,1,5,p_1.30.24_LL3f_mi,3
153,91,59,122,205,102,103,0,1,5,p_1.30.24_LL3f_mi,3
154,111,74,145,269,137,132,0,1,5,p_1.30.24_LL3f_mi,3
155,124,90,162,357,184,173,18,1,5,p_1.30.24_LL3f_mi,3
156,137,91,179,380,205,175,7,1,5,p_1.30.24_LL3f_mi,3
157,152,104,196,441,241,200,0,1,5,p_1.30.24_LL3f_mi,3
158,160,113,211,489,276,213,0,1,5,p_1.30.24_LL3f_mi,3
159,182,130,229,527,288,239,0,1,5,p_1.30.24_LL3f_mi,3
160,190,143,239,598,326,272,0,1,5,p_1.30.24_LL3f_mi,3
161,181,146,228,646,332,314,0,1,5,p_1.30.24_LL3f_mi,3
162,186,141,229,647,324,323,0,1,5,p_1.30.24_LL3f_mi,3
163,172,125,232,635,343,292,0,1,5,p_1.30.24_LL3f_mi,3
164,174,136,228,650,347,303,0,1,5,p_1.30.24_LL3f_mi,3
165,170,129,222,669,340,329,0,1,5,p_1.30.24_LL3f_mi,3
166,178,129,225,664,328,336,0,1,5,p_1.30.24_LL3f_mi,3
167,176,140,224,654,319,335,0,1,5,p_1.30.24_LL3f_mi,3
168,171,140,219,682,318,364,0,1,5,p_1.30.24_LL3f_mi,3
169,180,134,220,677,333,344,0,1,5,p_1.30.24_LL3f_mi,3
170,172,137,216,689,343,346,21,1,5,p_1.30.24_LL3f_mi,3
171,167,127,218,683,339,344,8,1,5,p_1.30.24_LL3f_mi,3
172,171,132,222,667,341,326,2,1,5,p_1.30.24_LL3f_mi,3
173,175,134,227,658,311,347,1,1,5,p_1.30.24_LL3f_mi,3
174,163,133,215,692,337,355,0,1,5,p_1.30.24_LL3f_mi,3
175,177,139,225,665,327,338,0,1,5,p_1.30.24_LL3f_mi,3
176,161,130,205,713,350,363,0,1,5,p_1.30.24_LL3f_mi,3
177,175,133,229,648,319,329,0,1,5,p_1.30.24_LL3f_mi,3
178,181,146,225,657,308,349,0,1,5,p_1.30.24_LL3f_mi,3
179,179,143,227,667,309,358,0,1,5,p_1.30.24_LL3f_mi,3
180,164,127,214,686,331,355,0,1,5,p_1.30.24_LL3f_mi,3
181,180,138,233,643,311,332,0,1,5,p_1.30.24_LL3f_mi,3
182,181,135,228,658,312,346,0,1,5,p_1.30.24_LL3f_mi,3
183,172,137,219,680,326,354,0,1,5,p_1.30.24_LL3f_mi,3
184,176,137,224,661,319,342,0,1,5,p_1.30.24_LL3f_mi,3
185,167,136,216,684,324,360,0,1,5,p_1.30.24_LL3f_mi,3
186,173,137,222,667,314,353,0,1,5,p_1.30.24_LL3f_mi,3
187,162,132,217,681,334,347,0,1,5,p_1.30.24_LL3f_mi,3
188,174,137,228,650,322,328,0,1,5,p_1.30.24_LL3f_mi,3
189,181,139,231,642,309,333,0,1,5,p_1.30.24_LL3f_mi,3
190,175,130,229,644,313,331,0,1,5,p_1.30.24_LL3f_mi,3
191,178,147,226,659,312,347,0,1,5,p_1.30.24_LL3f_mi,3
192,177,138,225,659,315,344,0,1,5,p_1.30.24_LL3f_mi,3
193,176,136,230,643,324,319,0,1,5,p_1.30.24_LL3f_mi,3
194,166,133,217,684,340,344,0,1,5,p_1.30.24_LL3f_mi,3
195,168,131,219,677,342,335,0,1,5,p_1.30.24_LL3f_mi,3
196,181,144,223,661,348,313,0,1,5,p_1.30.24_LL3f_mi,3
197,182,141,225,665,329,336,0,1,5,p_1.30.24_LL3f_mi,3
198,176,135,220,670,314,356,0,1,5,p_1.30.24_LL3f_mi,3
199,166,133,219,678,311,367,0,1,5,p_1.30.24_LL3f_mi,3
200,168,144,224,663,315,348,0,1,5,p_1.30.24_LL3f_mi,3
201,158,131,208,708,345,363,0,1,5,p_1.30.24_LL3f_mi,3
202,180,130,230,646,320,326,0,1,5,p_1.30.24_LL3f_mi,3
203,176,133,231,647,325,322,0,1,5,p_1.30.24_LL3f_mi,3
204,178,139,228,658,331,327,0,1,5,p_1.30.24_LL3f_mi,3
205,175,138,223,667,333,334,0,1,5,p_1.30.24_LL3f_mi,3
206,180,142,224,670,341,329,0,1,5,p_1.30.24_LL3f_mi,3
207,163,127,213,689,356,333,0,1,5,p_1.30.24_LL3f_mi,3
208,175,129,216,690,345,345,0,1,5,p_1.30.24_LL3f_mi,3
209,180,144,230,644,324,320,0,1,5,p_1.30.24_LL3f_mi,3
210,169,137,221,675,340,335,0,1,5,p_1.30.24_LL3f_mi,3
211,176,129,223,668,347,321,0,1,5,p_1.30.24_LL3f_mi,3
212,173,125,222,671,360,311,0,1,5,p_1.30.24_LL3f_mi,3
213,170,126,216,690,353,337,0,1,5,p_1.30.24_LL3f_mi,3
214,178,140,226,657,326,331,0,1,5,p_1.30.24_LL3f_mi,3
215,180,142,227,657,306,351,0,1,5,p_1.30.24_LL3f_mi,3
216,176,139,228,652,306,346,0,1,5,p_1.30.24_LL3f_mi,3
217,172,135,219,679,322,357,0,1,5,p_1.30.24_LL3f_mi,3
218,172,143,221,676,312,364,0,1,5,p_1.30.24_LL3f_mi,3
219,166,131,213,692,337,355,0,1,5,p_1.30.24_LL3f_mi,3
220,171,134,218,679,339,340,0,1,5,p_1.30.24_LL3f_mi,3
221,174,139,226,660,333,327,0,1,5,p_1.30.24_LL3f_mi,3
222,179,132,224,660,334,326,0,1,5,p_1.30.24_LL3f_mi,3
223,173,133,223,666,353,313,0,1,5,p_1.30.24_LL3f_mi,3
224,167,139,219,679,343,336,0,1,5,p_1.30.24_LL3f_mi,3
225,171,132,222,667,329,338,0,1,5,p_1.30.24_LL3f_mi,3
226,149,124,204,716,362,354,0,1,5,p_1.30.24_LL3f_mi,3
227,177,137,222,672,326,346,0,1,5,p_1.30.24_LL3f_mi,3
228,173,132,226,654,315,339,0,1,5,p_1.30.24_LL3f_mi,3
229,171,135,217,685,325,360,0,1,5,p_1.30.24_LL3f_mi,3
230,180,143,223,669,330,339,0,1,5,p_1.30.24_LL3f_mi,3
231,179,132,222,673,350,323,0,1,5,p_1.30.24_LL3f_mi,3
232,172,135,226,659,336,323,0,1,5,p_1.30.24_LL3f_mi,3
233,174,130,230,645,314,331,0,1,5,p_1.30.24_LL3f_mi,3
234,180,126,224,660,336,324,0,1,5,p_1.30.24_LL3f_mi,3
235,169,125,216,682,341,341,0,1,5,p_1.30.24_LL3f_mi,3
236,179,136,232,633,305,328,0,1,5,p_1.30.24_LL3f_mi,3
237,177,140,230,648,313,335,0,1,5,p_1.30.24_LL3f_mi,3
238,178,135,227,659,328,331,0,1,5,p_1.30.24_LL3f_mi,3
239,168,136,215,684,352,332,0,1,5,p_1.30.24_LL3f_mi,3
240,173,132,224,669,355,314,0,1,5,p_1.30.24_LL3f_mi,3
241,179,137,232,640,328,312,0,1,5,p_1.30.24_LL3f_mi,3
242,160,127,220,672,339,333,0,1,5,p_1.30.24_LL3f_mi,3
243,163,136,215,687,329,358,0,1,5,p_1.30.24_LL3f_mi,3
244,180,140,230,647,326,321,0,1,5,p_1.30.24_LL3f_mi,3
245,180,135,228,653,332,321,0,1,5,p_1.30.24_LL3f_mi,3
246,172,133,222,666,349,317,0,1,5,p_1.30.24_LL3f_mi,3
247,175,131,223,664,352,312,0,1,5,p_1.30.24_LL3f_mi,3
248,183,137,228,652,339,313,0,1,5,p_1.30.24_LL3f_mi,3
249,171,126,218,686,362,324,0,1,5,p_1.30.24_LL3f_mi,3
250,180,134,228,659,337,322,0,1,5,p_1.30.24_LL3f_mi,3
251,162,128,204,719,349,370,0,1,5,p_1.30.24_LL3f_mi,3
252,176,136,226,660,308,352,0,1,5,p_1.30.24_LL3f_mi,3
253,168,134,222,671,302,369,0,1,5,p_1.30.24_LL3f_mi,3
254,170,136,214,696,306,390,0,1,5,p_1.30.24_LL3f_mi,3
255,171,138,213,693,327,366,0,1,5,p_1.30.24_LL3f_mi,3
256,174,133,223,667,338,329,0,1,5,p_1.30.24_LL3f_mi,3
257,176,137,223,669,358,311,0,1,5,p_1.30.24_LL3f_mi,3
258,177,140,222,671,368,303,0,1,5,p_1.30.24_LL3f_mi,3
259,176,136,226,662,336,326,0,1,5,p_1.30.24_LL3f_mi,3
260,168,133,215,687,344,343,0,1,5,p_1.30.24_LL3f_mi,3
261,163,126,214,699,347,352,0,1,5,p_1.30.24_LL3f_mi,3
262,164,134,217,680,343,337,0,1,5,p_1.30.24_LL3f_mi,3
263,176,131,225,663,334,329,0,1,5,p_1.30.24_LL3f_mi,3
264,168,132,218,680,340,340,0,1,5,p_1.30.24_LL3f_mi,3
265,168,134,220,672,319,353,0,1,5,p_1.30.24_LL3f_mi,3
266,166,131,217,687,327,360,0,1,5,p_1.30.24_LL3f_mi,3
267,171,136,222,670,336,334,0,1,5,p_1.30.24_LL3f_mi,3
268,175,136,225,662,325,337,0,1,5,p_1.30.24_LL3f_mi,3
269,179,133,220,678,338,340,0,1,5,p_1.30.24_LL3f_mi,3
270,172,138,220,672,341,331,0,1,5,p_1.30.24_LL3f_mi,3
271,175,130,222,669,343,326,0,1,5,p_1.30.24_LL3f_mi,3
272,174,140,217,686,361,325,0,1,5,p_1.30.24_LL3f_mi,3
273,174,131,224,662,353,309,0,1,5,p_1.30.24_LL3f_mi,3
274,176,136,221,680,346,334,0,1,5,p_1.30.24_LL3f_mi,3
275,171,136,221,675,341,334,0,1,5,p_1.30.24_LL3f_mi,3
276,159,124,208,706,355,351,0,1,5,p_1.30.24_LL3f_mi,3
277,172,131,222,668,341,327,0,1,5,p_1.30.24_LL3f_mi,3
278,174,131,222,673,353,320,0,1,5,p_1.30.24_LL3f_mi,3
279,184,130,237,619,315,304,0,1,5,p_1.30.24_LL3f_mi,3
280,179,138,227,651,340,311,0,1,5,p_1.30.24_LL3f_mi,3
281,170,134,218,678,356,322,0,1,5,p_1.30.24_LL3f_mi,3
282,162,130,217,684,360,324,0,1,5,p_1.30.24_LL3f_mi,3
283,171,134,211,701,360,341,0,1,5,p_1.30.24_LL3f_mi,3
284,171,123,221,671,332,339,0,1,5,p_1.30.24_LL3f_mi,3
285,185,135,235,619,313,306,0,1,5,p_1.30.24_LL3f_mi,3
286,180,135,231,636,316,320,0,1,5,p_1.30.24_LL3f_mi,3
287,164,136,214,694,354,340,0,1,5,p_1.30.24_LL3f_mi,3
288,154,121,206,710,370,340,0,1,5,p_1.30.24_LL3f_mi,3
289,167,134,212,699,362,337,0,1,5,p_1.30.24_LL3f_mi,3
290,177,136,229,645,318,327,0,1,5,p_1.30.24_LL3f_mi,3
291,182,134,231,638,305,333,0,1,5,p_1.30.24_LL3f_mi,3
292,167,133,220,674,321,353,0,1,5,p_1.30.24_LL3f_mi,3
293,166,125,218,678,340,338,0,1,5,p_1.30.24_LL3f_mi,3
294,172,129,222,667,331,336,0,1,5,p_1.30.24_LL3f_mi,3
295,181,139,229,651,329,322,0,1,5,p_1.30.24_LL3f_mi,3
296,179,138,230,640,327,313,0,1,5,p_1.30.24_LL3f_mi,3
297,170,130,220,678,349,329,0,1,5,p_1.30.24_LL3f_mi,3
298,168,133,217,687,355,332,0,1,5,p_1.30.24_LL3f_mi,3
299,164,134,219,678,332,346,0,1,5,p_1.30.24_LL3f_mi,3
300,180,133,230,644,332,312,0,1,5,p_1.30.24_LL3f_mi,3
301,154,124,202,719,366,353,0,1,5,p_1.30.24_LL3f_mi,3
302,173,138,222,672,341,331,0,1,5,p_1.30.24_LL3f_mi,3
303,177,135,227,647,326,321,0,1,5,p_1.30.24_LL3f_mi,3
304,174,141,224,670,326,344,0,1,5,p_1.30.24_LL3f_mi,3
305,173,139,220,679,342,337,0,1,5,p_1.30.24_LL3f_mi,3
306,183,140,228,659,341,318,0,1,5,p_1.30.24_LL3f_mi,3
307,179,137,235,636,307,329,0,1,5,p_1.30.24_LL3f_mi,3
308,176,135,224,662,318,344,0,1,5,p_1.30.24_LL3f_mi,3
309,172,135,227,649,318,331,0,1,5,p_1.30.24_LL3f_mi,3
310,175,132,229,651,328,323,0,1,5,p_1.30.24_LL3f_mi,3
311,177,139,223,670,338,332,0,1,5,p_1.30.24_LL3f_mi,3
312,172,136,227,660,343,317,0,1,5,p_1.30.24_LL3f_mi,3
313,176,130,227,651,324,327,0,1,5,p_1.30.24_LL3f_mi,3
314,179,136,224,666,330,336,0,1,5,p_1.30.24_LL3f_mi,3
315,171,144,214,699,333,366,0,1,5,p_1.30.24_LL3f_mi,3
316,167,135,216,685,328,357,0,1,5,p_1.30.24_LL3f_mi,3
317,175,125,227,651,317,334,0,1,5,p_1.30.24_LL3f_mi,3
318,177,134,226,659,319,340,0,1,5,p_1.30.24_LL3f_mi,3
319,174,136,220,674,333,341,0,1,5,p_1.30.24_LL3f_mi,3
320,168,135,220,668,346,322,0,1,5,p_1.30.24_LL3f_mi,3
321,172,132,222,665,338,327,0,1,5,p_1.30.24_LL3f_mi,3
322,176,138,222,666,325,341,0,1,5,p_1.30.24_LL3f_mi,3
323,169,128,214,690,344,346,0,1,5,p_1.30.24_LL3f_mi,3
324,176,135,235,632,299,333,0,1,5,p_1.30.24_LL3f_mi,3
325,178,137,230,647,309,338,0,1,5,p_1.30.24_LL3f_mi,3
326,170,130,214,695,327,368,0,1,5,p_1.30.24_LL3f_mi,3
327,175,142,224,667,318,349,0,1,5,p_1.30.24_LL3f_mi,3
328,174,144,225,662,307,355,0,1,5,p_1.30.24_LL3f_mi,3
329,171,132,227,657,303,354,0,1,5,p_1.30.24_LL3f_mi,3
330,174,133,225,657,321,336,0,1,5,p_1.30.24_LL3f_mi,3
331,182,153,228,649,318,331,0,1,5,p_1.30.24_LL3f_mi,3
332,184,143,232,646,309,337,0,1,5,p_1.30.24_LL3f_mi,3
333,168,133,219,681,341,340,0,1,5,p_1.30.24_LL3f_mi,3
334,175,145,221,673,345,328,0,1,5,p_1.30.24_LL3f_mi,3
335,167,137,228,651,308,343,0,1,5,p_1.30.24_LL3f_mi,3
336,174,135,217,678,326,352,0,1,5,p_1.30.24_LL3f_mi,3
337,176,140,222,671,315,356,0,1,5,p_1.30.24_LL3f_mi,3
338,179,143,226,664,299,365,0,1,5,p_1.30.24_LL3f_mi,3
339,168,130,223,666,320,346,0,1,5,p_1.30.24_LL3f_mi,3
340,177,139,228,654,332,322,0,1,5,p_1.30.24_LL3f_mi,3
341,173,135,223,665,341,324,0,1,5,p_1.30.24_LL3f_mi,3
342,179,142,226,662,339,323,0,1,5,p_1.30.24_LL3f_mi,3
343,179,141,226,655,332,323,0,1,5,p_1.30.24_LL3f_mi,3
344,184,141,231,647,320,327,0,1,5,p_1.30.24_LL3f_mi,3
345,185,141,228,654,316,338,0,1,5,p_1.30.24_LL3f_mi,3
346,172,133,217,681,324,357,0,1,5,p_1.30.24_LL3f_mi,3
347,168,135,217,690,321,369,0,1,5,p_1.30.24_LL3f_mi,3
348,179,143,226,656,310,346,0,1,5,p_1.30.24_LL3f_mi,3
349,178,135,221,669,330,339,0,1,5,p_1.30.24_LL3f_mi,3
350,175,135,227,656,327,329,0,1,5,p_1.30.24_LL3f_mi,3
1,3,3,4,617,313,304,0,1,1,p_1.30.24_LL3f_mi,4
2,105,90,130,848,440,408,0,1,1,p_1.30.24_LL3f_mi,4
3,119,104,153,812,424,388,0,1,1,p_1.30.24_LL3f_mi,4
4,153,131,196,734,364,370,0,1,1,p_1.30.24_LL3f_mi,4
5,177,132,225,659,342,317,0,1,1,p_1.30.24_LL3f_mi,4
6,181,138,234,628,322,306,0,1,1,p_1.30.24_LL3f_mi,4
7,178,131,229,650,349,301,0,1,1,p_1.30.24_LL3f_mi,4
8,174,131,229,650,333,317,0,1,1,p_1.30.24_LL3f_mi,4
9,170,125,222,671,339,332,0,1,1,p_1.30.24_LL3f_mi,4
10,171,131,225,662,336,326,0,1,1,p_1.30.24_LL3f_mi,4
11,178,137,225,657,324,333,0,1,1,p_1.30.24_LL3f_mi,4
12,160,132,212,696,327,369,0,1,1,p_1.30.24_LL3f_mi,4
13,169,130,210,699,344,355,0,1,1,p_1.30.24_LL3f_mi,4
14,174,139,225,659,320,339,0,1,1,p_1.30.24_LL3f_mi,4
15,176,129,230,649,338,311,0,1,1,p_1.30.24_LL3f_mi,4
16,170,138,222,675,346,329,0,1,1,p_1.30.24_LL3f_mi,4
17,179,133,227,658,337,321,0,1,1,p_1.30.24_LL3f_mi,4
18,176,138,224,664,325,339,0,1,1,p_1.30.24_LL3f_mi,4
19,175,136,227,655,315,340,0,1,1,p_1.30.24_LL3f_mi,4
20,167,135,215,689,335,354,0,1,1,p_1.30.24_LL3f_mi,4
21,168,133,224,656,305,351,0,1,1,p_1.30.24_LL3f_mi,4
22,184,140,237,621,290,331,0,1,1,p_1.30.24_LL3f_mi,4
23,180,137,233,632,300,332,0,1,1,p_1.30.24_LL3f_mi,4
24,172,147,220,672,329,343,0,1,1,p_1.30.24_LL3f_mi,4
25,172,132,218,683,341,342,0,1,1,p_1.30.24_LL3f_mi,4
26,156,120,203,728,371,357,0,1,1,p_1.30.24_LL3f_mi,4
27,178,140,228,650,333,317,0,1,1,p_1.30.24_LL3f_mi,4
28,178,138,229,646,328,318,0,1,1,p_1.30.24_LL3f_mi,4
29,174,128,227,661,320,341,0,1,1,p_1.30.24_LL3f_mi,4
30,178,146,224,664,313,351,0,1,1,p_1.30.24_LL3f_mi,4
31,169,136,220,677,330,347,0,1,1,p_1.30.24_LL3f_mi,4
32,184,134,228,648,311,337,0,1,1,p_1.30.24_LL3f_mi,4
33,183,133,233,634,316,318,0,1,1,p_1.30.24_LL3f_mi,4
34,177,141,225,660,312,348,0,1,1,p_1.30.24_LL3f_mi,4
35,178,135,235,629,290,339,0,1,1,p_1.30.24_LL3f_mi,4
36,160,134,223,666,305,361,0,1,1,p_1.30.24_LL3f_mi,4
37,168,130,221,678,328,350,0,1,1,p_1.30.24_LL3f_mi,4
38,181,135,227,652,312,340,0,1,1,p_1.30.24_LL3f_mi,4
39,181,142,230,642,327,315,0,1,1,p_1.30.24_LL3f_mi,4
40,176,138,219,676,335,341,0,1,1,p_1.30.24_LL3f_mi,4
41,178,142,226,661,310,351,0,1,1,p_1.30.24_LL3f_mi,4
42,171,139,218,675,321,354,0,1,1,p_1.30.24_LL3f_mi,4
43,178,137,231,639,314,325,0,1,1,p_1.30.24_LL3f_mi,4
44,185,140,234,644,318,326,0,1,1,p_1.30.24_LL3f_mi,4
45,173,135,219,671,326,345,0,1,1,p_1.30.24_LL3f_mi,4
46,181,141,228,652,318,334,0,1,1,p_1.30.24_LL3f_mi,4
47,179,145,225,661,319,342,0,1,1,p_1.30.24_LL3f_mi,4
48,184,137,226,659,318,341,0,1,1,p_1.30.24_LL3f_mi,4
49,177,133,227,658,320,338,0,1,1,p_1.30.24_LL3f_mi,4
50,179,142,228,657,304,353,0,1,1,p_1.30.24_LL3f_mi,4
51,156,127,202,719,332,387,0,1,1,p_1.30.24_LL3f_mi,4
52,182,145,224,666,307,359,0,1,1,p_1.30.24_LL3f_mi,4
53,175,139,222,669,315,354,0,1,1,p_1.30.24_LL3f_mi,4
54,171,134,230,649,320,329,0,1,1,p_1.30.24_LL3f_mi,4
55,177,140,228,645,320,325,0,1,1,p_1.30.24_LL3f_mi,4
56,182,146,229,648,313,335,0,1,1,p_1.30.24_LL3f_mi,4
57,175,142,227,656,298,358,0,1,1,p_1.30.24_LL3f_mi,4
58,170,146,218,679,307,372,0,1,1,p_1.30.24_LL3f_mi,4
59,175,137,221,672,315,357,0,1,1,p_1.30.24_LL3f_mi,4
60,169,131,222,664,318,346,0,1,1,p_1.30.24_LL3f_mi,4
61,183,144,218,680,333,347,0,1,1,p_1.30.24_LL3f_mi,4
62,169,129,214,687,334,353,0,1,1,p_1.30.24_LL3f_mi,4
63,168,132,217,682,342,340,0,1,1,p_1.30.24_LL3f_mi,4
64,179,141,225,657,329,328,0,1,1,p_1.30.24_LL3f_mi,4
65,171,134,223,673,339,334,0,1,1,p_1.30.24_LL3f_mi,4
66,174,138,224,665,325,340,0,1,1,p_1.30.24_LL3f_mi,4
67,175,138,221,677,337,340,0,1,1,p_1.30.24_LL3f_mi,4
68,168,140,217,688,343,345,0,1,1,p_1.30.24_LL3f_mi,4
69,178,132,228,651,335,316,0,1,1,p_1.30.24_LL3f_mi,4
70,169,132,219,678,357,321,0,1,1,p_1.30.24_LL3f_mi,4
71,173,137,222,664,347,317,0,1,1,p_1.30.24_LL3f_mi,4
72,165,136,220,675,347,328,0,1,1,p_1.30.24_LL3f_mi,4
73,182,144,225,663,330,333,0,1,1,p_1.30.24_LL3f_mi,4
74,178,136,230,656,329,327,0,1,1,p_1.30.24_LL3f_mi,4
75,170,129,220,674,356,318,0,1,1,p_1.30.24_LL3f_mi,4
76,164,127,208,708,369,339,0,1,1,p_1.30.24_LL3f_mi,4
77,169,133,216,685,370,315,0,1,1,p_1.30.24_LL3f_mi,4
78,182,135,231,644,333,311,0,1,1,p_1.30.24_LL3f_mi,4
79,176,135,225,663,328,335,0,1,1,p_1.30.24_LL3f_mi,4
80,178,133,226,661,332,329,0,1,1,p_1.30.24_LL3f_mi,4
81,177,138,228,642,304,338,0,1,1,p_1.30.24_LL3f_mi,4
82,174,138,226,654,319,335,0,1,1,p_1.30.24_LL3f_mi,4
83,160,129,212,698,328,370,0,1,1,p_1.30.24_LL3f_mi,4
84,176,129,224,667,321,346,0,1,1,p_1.30.24_LL3f_mi,4
85,174,144,228,656,333,323,0,1,1,p_1.30.24_LL3f_mi,4
86,169,133,215,686,333,353,0,1,1,p_1.30.24_LL3f_mi,4
87,165,125,218,685,323,362,0,1,1,p_1.30.24_LL3f_mi,4
88,174,136,222,670,316,354,0,1,1,p_1.30.24_LL3f_mi,4
89,172,139,223,671,313,358,0,1,1,p_1.30.24_LL3f_mi,4
90,168,132,221,674,314,360,0,1,1,p_1.30.24_LL3f_mi,4
91,174,137,226,659,326,333,0,1,1,p_1.30.24_LL3f_mi,4
92,170,128,222,675,339,336,0,1,1,p_1.30.24_LL3f_mi,4
93,167,137,217,682,358,324,0,1,1,p_1.30.24_LL3f_mi,4
94,170,127,217,684,367,317,0,1,1,p_1.30.24_LL3f_mi,4
95,173,131,227,655,326,329,0,1,1,p_1.30.24_LL3f_mi,4
96,172,135,226,661,322,339,0,1,1,p_1.30.24_LL3f_mi,4
97,182,141,225,654,333,321,0,1,1,p_1.30.24_LL3f_mi,4
98,172,131,223,663,343,320,0,1,1,p_1.30.24_LL3f_mi,4
99,181,137,225,656,345,311,0,1,1,p_1.30.24_LL3f_mi,4
100,146,118,189,664,337,327,0,1,1,p_1.30.24_LL3f_mi,4
101,115,98,141,685,344,341,0,1,1,p_1.30.24_LL3f_mi,4
102,119,99,147,595,295,300,0,1,1,p_1.30.24_LL3f_mi,4
103,113,86,147,515,261,254,0,1,1,p_1.30.24_LL3f_mi,4
104,104,82,132,470,245,225,0,1,1,p_1.30.24_LL3f_mi,4
105,82,71,108,433,216,217,0,1,1,p_1.30.24_LL3f_mi,4
106,75,63,96,386,192,194,0,1,1,p_1.30.24_LL3f_mi,4
107,50,48,68,359,184,175,0,1,1,p_1.30.24_LL3f_mi,4
108,48,41,58,296,151,145,0,1,1,p_1.30.24_LL3f_mi,4
109,32,29,40,253,127,126,0,1,1,p_1.30.24_LL3f_mi,4
110,22,17,31,199,95,104,0,1,1,p_1.30.24_LL3f_mi,4
111,30,24,37,162,74,88,0,1,1,p_1.30.24_LL3f_mi,4
112,28,22,38,128,57,71,0,1,1,p_1.30.24_LL3f_mi,4
113,29,24,37,124,67,57,0,1,1,p_1.30.24_LL3f_mi,4
114,31,21,36,119,68,51,0,1,1,p_1.30.24_LL3f_mi,4
115,27,20,35,116,60,56,0,1,1,p_1.30.24_LL3f_mi,4
116,27,24,33,102,43,59,0,1,1,p_1.30.24_LL3f_mi,4
117,26,23,35,99,46,53,0,1,1,p_1.30.24_LL3f_mi,4
118,25,18,34,101,47,54,0,1,1,p_1.30.24_LL3f_mi,4
119,26,19,34,97,48,49,0,1,1,p_1.30.24_LL3f_mi,4
120,26,20,34,100,44,56,0,1,1,p_1.30.24_LL3f_mi,4
121,26,21,35,107,44,63,0,1,1,p_1.30.24_LL3f_mi,4
122,29,24,35,115,51,64,0,1,1,p_1.30.24_LL3f_mi,4
123,26,19,33,104,46,58,0,1,1,p_1.30.24_LL3f_mi,4
124,25,18,33,103,48,55,0,1,1,p_1.30.24_LL3f_mi,4
125,25,23,35,121,62,59,17,1,1,p_1.30.24_LL3f_mi,4
126,30,23,37,124,57,67,8,1,1,p_1.30.24_LL3f_mi,4
127,25,20,34,112,58,54,3,1,1,p_1.30.24_LL3f_mi,4
128,29,18,35,111,58,53,3,1,1,p_1.30.24_LL3f_mi,4
129,28,22,33,95,50,45,1,1,1,p_1.30.24_LL3f_mi,4
130,22,17,30,93,53,40,1,1,1,p_1.30.24_LL3f_mi,4
131,23,19,32,94,50,44,0,1,1,p_1.30.24_LL3f_mi,4
132,24,20,33,97,48,49,0,1,1,p_1.30.24_LL3f_mi,4
133,27,24,33,95,48,47,0,1,1,p_1.30.24_LL3f_mi,4
134,26,21,35,106,50,56,0,1,1,p_1.30.24_LL3f_mi,4
135,24,20,32,90,42,48,0,1,1,p_1.30.24_LL3f_mi,4
136,23,20,30,87,39,48,0,1,1,p_1.30.24_LL3f_mi,4
137,26,23,32,94,43,51,0,1,1,p_1.30.24_LL3f_mi,4
138,23,20,32,99,41,58,0,1,1,p_1.30.24_LL3f_mi,4
139,24,17,31,93,38,55,0,1,1,p_1.30.24_LL3f_mi,4
140,22,19,36,119,56,63,20,1,1,p_1.30.24_LL3f_mi,4
141,28,22,36,112,57,55,10,1,1,p_1.30.24_LL3f_mi,4
142,27,18,35,124,60,64,3,1,1,p_1.30.24_LL3f_mi,4
143,24,20,35,109,56,53,3,1,1,p_1.30.24_LL3f_mi,4
144,25,20,32,99,41,58,0,1,1,p_1.30.24_LL3f_mi,4
145,26,21,35,98,37,61,0,1,1,p_1.30.24_LL3f_mi,4
146,23,19,33,93,34,59,0,1,1,p_1.30.24_LL3f_mi,4
147,28,22,35,104,38,66,0,1,1,p_1.30.24_LL3f_mi,4
148,26,18,35,111,49,62,0,1,1,p_1.30.24_LL3f_mi,4
149,23,17,31,102,50,52,0,1,1,p_1.30.24_LL3f_mi,4
150,27,21,33,96,45,51,0,1,1,p_1.30.24_LL3f_mi,4
151,51,33,76,108,52,56,0,1,1,p_1.30.24_LL3f_mi,4
152,64,43,96,140,72,68,0,1,1,p_1.30.24_LL3f_mi,4
153,86,53,122,202,100,102,0,1,1,p_1.30.24_LL3f_mi,4
154,103,69,142,261,123,138,0,1,1,p_1.30.24_LL3f_mi,4
155,130,91,162,352,170,182,14,1,1,p_1.30.24_LL3f_mi,4
156,139,95,177,391,191,200,10,1,1,p_1.30.24_LL3f_mi,4
157,150,122,194,442,206,236,8,1,1,p_1.30.24_LL3f_mi,4
158,161,122,209,503,239,264,4,1,1,p_1.30.24_LL3f_mi,4
159,179,131,229,528,256,272,1,1,1,p_1.30.24_LL3f_mi,4
160,195,142,241,604,278,326,0,1,1,p_1.30.24_LL3f_mi,4
161,174,131,231,639,321,318,0,1,1,p_1.30.24_LL3f_mi,4
162,170,131,218,681,359,322,0,1,1,p_1.30.24_LL3f_mi,4
163,169,139,216,684,364,320,0,1,1,p_1.30.24_LL3f_mi,4
164,168,137,221,669,352,317,0,1,1,p_1.30.24_LL3f_mi,4
165,181,146,229,653,335,318,0,1,1,p_1.30.24_LL3f_mi,4
166,173,136,225,668,338,330,0,1,1,p_1.30.24_LL3f_mi,4
167,183,143,221,677,341,336,0,1,1,p_1.30.24_LL3f_mi,4
168,171,127,223,673,348,325,0,1,1,p_1.30.24_LL3f_mi,4
169,159,129,212,697,336,361,0,1,1,p_1.30.24_LL3f_mi,4
170,168,130,216,688,339,349,18,1,1,p_1.30.24_LL3f_mi,4
171,168,138,221,680,327,353,13,1,1,p_1.30.24_LL3f_mi,4
172,174,137,218,679,326,353,7,1,1,p_1.30.24_LL3f_mi,4
173,174,123,224,664,322,342,1,1,1,p_1.30.24_LL3f_mi,4
174,178,134,229,650,304,346,0,1,1,p_1.30.24_LL3f_mi,4
175,173,144,227,658,301,357,0,1,1,p_1.30.24_LL3f_mi,4
176,162,132,206,713,353,360,0,1,1,p_1.30.24_LL3f_mi,4
177,170,131,226,669,340,329,0,1,1,p_1.30.24_LL3f_mi,4
178,182,128,224,662,321,341,0,1,1,p_1.30.24_LL3f_mi,4
179,178,138,230,647,309,338,0,1,1,p_1.30.24_LL3f_mi,4
180,178,138,228,660,326,334,0,1,1,p_1.30.24_LL3f_mi,4
181,174,144,224,666,325,341,0,1,1,p_1.30.24_LL3f_mi,4
182,177,135,227,654,325,329,0,1,1,p_1.30.24_LL3f_mi,4
183,173,137,214,699,345,354,0,1,1,p_1.30.24_LL3f_mi,4
184,169,135,217,689,340,349,0,1,1,p_1.30.24_LL3f_mi,4
185,168,133,215,692,351,341,0,1,1,p_1.30.24_LL3f_mi,4
186,171,131,222,668,339,329,0,1,1,p_1.30.24_LL3f_mi,4
187,177,134,222,675,333,342,0,1,1,p_1.30.24_LL3f_mi,4
188,177,139,225,659,311,348,0,1,1,p_1.30.24_LL3f_mi,4
189,176,137,226,658,323,335,0,1,1,p_1.30.24_LL3f_mi,4
190,178,141,226,658,313,345,0,1,1,p_1.30.24_LL3f_mi,4
191,175,138,225,657,329,328,0,1,1,p_1.30.24_LL3f_mi,4
192,178,141,231,649,331,318,0,1,1,p_1.30.24_LL3f_mi,4
193,179,138,218,682,340,342,0,1,1,p_1.30.24_LL3f_mi,4
194,169,133,217,688,352,336,0,1,1,p_1.30.24_LL3f_mi,4
195,174,133,229,656,327,329,0,1,1,p_1.30.24_LL3f_mi,4
196,175,137,226,664,331,333,0,1,1,p_1.30.24_LL3f_mi,4
197,177,137,230,648,321,327,0,1,1,p_1.30.24_LL3f_mi,4
198,173,133,226,663,344,319,0,1,1,p_1.30.24_LL3f_mi,4
199,173,132,223,661,342,319,0,1,1,p_1.30.24_LL3f_mi,4
200,175,138,224,665,312,353,0,1,1,p_1.30.24_LL3f_mi,4
201,153,116,198,727,343,384,0,1,1,p_1.30.24_LL3f_mi,4
202,176,138,225,665,302,363,0,1,1,p_1.30.24_LL3f_mi,4
203,178,129,230,641,294,347,0,1,1,p_1.30.24_LL3f_mi,4
204,170,133,223,666,317,349,0,1,1,p_1.30.24_LL3f_mi,4
205,172,132,221,665,330,335,0,1,1,p_1.30.24_LL3f_mi,4
206,173,133,230,648,315,333,0,1,1,p_1.30.24_LL3f_mi,4
207,170,125,216,684,345,339,0,1,1,p_1.30.24_LL3f_mi,4
208,177,139,226,650,327,323,0,1,1,p_1.30.24_LL3f_mi,4
209,173,136,223,664,342,322,0,1,1,p_1.30.24_LL3f_mi,4
210,173,136,223,664,335,329,0,1,1,p_1.30.24_LL3f_mi,4
211,180,134,231,646,330,316,0,1,1,p_1.30.24_LL3f_mi,4
212,176,135,225,651,330,321,0,1,1,p_1.30.24_LL3f_mi,4
213,177,132,224,666,333,333,0,1,1,p_1.30.24_LL3f_mi,4
214,176,142,226,657,331,326,0,1,1,p_1.30.24_LL3f_mi,4
215,172,136,221,674,350,324,0,1,1,p_1.30.24_LL3f_mi,4
216,178,141,224,662,359,303,0,1,1,p_1.30.24_LL3f_mi,4
217,176,138,226,662,363,299,0,1,1,p_1.30.24_LL3f_mi,4
218,178,144,226,660,328,332,0,1,1,p_1.30.24_LL3f_mi,4
219,177,134,226,658,316,342,0,1,1,p_1.30.24_LL3f_mi,4
220,169,123,223,674,330,344,0,1,1,p_1.30.24_LL3f_mi,4
221,173,129,215,686,347,339,0,1,1,p_1.30.24_LL3f_mi,4
222,163,132,219,677,329,348,0,1,1,p_1.30.24_LL3f_mi,4
223,184,145,231,648,311,337,0,1,1,p_1.30.24_LL3f_mi,4
224,183,137,230,647,315,332,0,1,1,p_1.30.24_LL3f_mi,4
225,170,129,223,669,338,331,0,1,1,p_1.30.24_LL3f_mi,4
226,163,128,207,715,362,353,0,1,1,p_1.30.24_LL3f_mi,4
227,174,130,224,664,330,334,0,1,1,p_1.30.24_LL3f_mi,4
228,173,129,220,679,347,332,0,1,1,p_1.30.24_LL3f_mi,4
229,177,139,222,664,330,334,0,1,1,p_1.30.24_LL3f_mi,4
230,174,130,223,665,327,338,0,1,1,p_1.30.24_LL3f_mi,4
231,172,135,231,647,317,330,0,1,1,p_1.30.24_LL3f_mi,4
232,182,146,234,635,305,330,0,1,1,p_1.30.24_LL3f_mi,4
233,174,129,231,639,319,320,0,1,1,p_1.30.24_LL3f_mi,4
234,175,140,221,676,348,328,0,1,1,p_1.30.24_LL3f_mi,4
235,169,140,221,675,352,323,0,1,1,p_1.30.24_LL3f_mi,4
236,173,133,222,669,341,328,0,1,1,p_1.30.24_LL3f_mi,4
237,181,131,229,658,352,306,0,1,1,p_1.30.24_LL3f_mi,4
238,179,133,226,656,336,320,0,1,1,p_1.30.24_LL3f_mi,4
239,177,141,226,660,337,323,0,1,1,p_1.30.24_LL3f_mi,4
240,173,120,220,680,347,333,0,1,1,p_1.30.24_LL3f_mi,4
241,175,132,222,675,336,339,0,1,1,p_1.30.24_LL3f_mi,4
242,176,139,224,658,330,328,0,1,1,p_1.30.24_LL3f_mi,4
243,180,140,223,667,333,334,0,1,1,p_1.30.24_LL3f_mi,4
244,168,130,223,668,329,339,0,1,1,p_1.30.24_LL3f_mi,4
245,172,135,217,679,332,347,0,1,1,p_1.30.24_LL3f_mi,4
246,167,140,213,693,328,365,0,1,1,p_1.30.24_LL3f_mi,4
247,177,132,225,663,309,354,0,1,1,p_1.30.24_LL3f_mi,4
248,167,130,219,678,317,361,0,1,1,p_1.30.24_LL3f_mi,4
249,175,139,221,673,327,346,0,1,1,p_1.30.24_LL3f_mi,4
250,173,140,220,678,328,350,0,1,1,p_1.30.24_LL3f_mi,4
251,155,122,202,715,368,347,0,1,1,p_1.30.24_LL3f_mi,4
252,169,131,221,674,341,333,0,1,1,p_1.30.24_LL3f_mi,4
253,172,136,227,658,357,301,0,1,1,p_1.30.24_LL3f_mi,4
254,177,142,227,656,358,298,0,1,1,p_1.30.24_LL3f_mi,4
255,175,138,228,651,343,308,0,1,1,p_1.30.24_LL3f_mi,4
256,170,130,225,661,357,304,0,1,1,p_1.30.24_LL3f_mi,4
257,173,133,218,675,372,303,0,1,1,p_1.30.24_LL3f_mi,4
258,170,130,224,661,351,310,0,1,1,p_1.30.24_LL3f_mi,4
259,171,138,221,668,353,315,0,1,1,p_1.30.24_LL3f_mi,4
260,171,134,227,652,332,320,0,1,1,p_1.30.24_LL3f_mi,4
261,171,131,225,652,313,339,0,1,1,p_1.30.24_LL3f_mi,4
262,174,131,225,659,320,339,0,1,1,p_1.30.24_LL3f_mi,4
263,178,136,221,675,321,354,0,1,1,p_1.30.24_LL3f_mi,4
264,174,129,219,673,344,329,0,1,1,p_1.30.24_LL3f_mi,4
265,171,133,223,665,363,302,0,1,1,p_1.30.24_LL3f_mi,4
266,170,132,226,658,342,316,0,1,1,p_1.30.24_LL3f_mi,4
267,166,126,213,692,374,318,0,1,1,p_1.30.24_LL3f_mi,4
268,186,138,230,651,342,309,0,1,1,p_1.30.24_LL3f_mi,4
269,161,127,220,670,350,320,0,1,1,p_1.30.24_LL3f_mi,4
270,175,135,228,652,326,326,0,1,1,p_1.30.24_LL3f_mi,4
271,174,140,223,663,330,333,0,1,1,p_1.30.24_LL3f_mi,4
272,170,139,226,654,331,323,0,1,1,p_1.30.24_LL3f_mi,4
273,176,134,229,653,316,337,0,1,1,p_1.30.24_LL3f_mi,4
274,171,135,223,665,325,340,0,1,1,p_1.30.24_LL3f_mi,4
275,166,131,216,685,338,347,0,1,1,p_1.30.24_LL3f_mi,4
276,150,123,202,717,362,355,0,1,1,p_1.30.24_LL3f_mi,4
277,172,143,220,671,332,339,0,1,1,p_1.30.24_LL3f_mi,4
278,184,146,228,647,319,328,0,1,1,p_1.30.24_LL3f_mi,4
279,174,135,223,671,338,333,0,1,1,p_1.30.24_LL3f_mi,4
280,172,131,224,663,342,321,0,1,1,p_1.30.24_LL3f_mi,4
281,182,142,227,655,347,308,0,1,1,p_1.30.24_LL3f_mi,4
282,174,145,223,665,345,320,0,1,1,p_1.30.24_LL3f_mi,4
283,160,128,216,684,346,338,0,1,1,p_1.30.24_LL3f_mi,4
284,174,146,218,680,323,357,0,1,1,p_1.30.24_LL3f_mi,4
285,172,138,217,678,323,355,0,1,1,p_1.30.24_LL3f_mi,4
286,178,137,225,657,318,339,0,1,1,p_1.30.24_LL3f_mi,4
287,171,132,224,666,327,339,0,1,1,p_1.30.24_LL3f_mi,4
288,180,138,232,634,304,330,0,1,1,p_1.30.24_LL3f_mi,4
289,175,140,225,654,320,334,0,1,1,p_1.30.24_LL3f_mi,4
290,175,134,226,664,328,336,0,1,1,p_1.30.24_LL3f_mi,4
291,171,130,224,664,338,326,0,1,1,p_1.30.24_LL3f_mi,4
292,176,135,221,673,347,326,0,1,1,p_1.30.24_LL3f_mi,4
293,173,134,222,674,348,326,0,1,1,p_1.30.24_LL3f_mi,4
294,179,141,235,642,334,308,0,1,1,p_1.30.24_LL3f_mi,4
295,175,134,227,650,335,315,0,1,1,p_1.30.24_LL3f_mi,4
296,173,131,220,670,343,327,0,1,1,p_1.30.24_LL3f_mi,4
297,177,136,227,659,319,340,0,1,1,p_1.30.24_LL3f_mi,4
298,173,133,225,659,317,342,0,1,1,p_1.30.24_LL3f_mi,4
299,174,133,224,667,327,340,0,1,1,p_1.30.24_LL3f_mi,4
300,173,138,221,675,344,331,0,1,1,p_1.30.24_LL3f_mi,4
301,165,128,207,715,365,350,0,1,1,p_1.30.24_LL3f_mi,4
302,170,132,222,669,331,338,0,1,1,p_1.30.24_LL3f_mi,4
303,181,140,228,655,321,334,0,1,1,p_1.30.24_LL3f_mi,4
304,177,134,223,667,326,341,0,1,1,p_1.30.24_LL3f_mi,4
305,180,143,225,658,333,325,0,1,1,p_1.30.24_LL3f_mi,4
306,165,133,216,687,337,350,0,1,1,p_1.30.24_LL3f_mi,4
307,166,141,212,694,328,366,0,1,1,p_1.30.24_LL3f_mi,4
308,171,138,224,666,297,369,0,1,1,p_1.30.24_LL3f_mi,4
309,167,134,223,668,322,346,0,1,1,p_1.30.24_LL3f_mi,4
310,179,145,227,648,324,324,0,1,1,p_1.30.24_LL3f_mi,4
311,180,147,227,660,327,333,0,1,1,p_1.30.24_LL3f_mi,4
312,174,136,221,676,332,344,0,1,1,p_1.30.24_LL3f_mi,4
313,174,129,226,659,330,329,0,1,1,p_1.30.24_LL3f_mi,4
314,179,141,228,650,324,326,0,1,1,p_1.30.24_LL3f_mi,4
315,176,133,232,640,328,312,0,1,1,p_1.30.24_LL3f_mi,4
316,174,140,223,670,351,319,0,1,1,p_1.30.24_LL3f_mi,4
317,182,143,229,652,334,318,0,1,1,p_1.30.24_LL3f_mi,4
318,176,134,229,644,341,303,0,1,1,p_1.30.24_LL3f_mi,4
319,170,125,226,654,342,312,0,1,1,p_1.30.24_LL3f_mi,4
320,175,135,229,651,320,331,0,1,1,p_1.30.24_LL3f_mi,4
321,183,132,223,661,312,349,0,1,1,p_1.30.24_LL3f_mi,4
322,173,131,226,661,330,331,0,1,1,p_1.30.24_LL3f_mi,4
323,177,144,227,658,341,317,0,1,1,p_1.30.24_LL3f_mi,4
324,167,136,216,679,352,327,0,1,1,p_1.30.24_LL3f_mi,4
325,172,133,221,668,339,329,0,1,1,p_1.30.24_LL3f_mi,4
326,157,129,208,712,359,353,0,1,1,p_1.30.24_LL3f_mi,4
327,185,142,233,637,315,322,0,1,1,p_1.30.24_LL3f_mi,4
328,174,143,225,659,326,333,0,1,1,p_1.30.24_LL3f_mi,4
329,175,136,226,662,325,337,0,1,1,p_1.30.24_LL3f_mi,4
330,176,136,226,668,321,347,0,1,1,p_1.30.24_LL3f_mi,4
331,172,135,224,662,318,344,0,1,1,p_1.30.24_LL3f_mi,4
332,177,138,228,654,330,324,0,1,1,p_1.30.24_LL3f_mi,4
333,177,129,222,677,349,328,0,1,1,p_1.30.24_LL3f_mi,4
334,175,145,224,662,324,338,0,1,1,p_1.30.24_LL3f_mi,4
335,180,127,225,667,327,340,0,1,1,p_1.30.24_LL3f_mi,4
336,167,134,221,670,339,331,0,1,1,p_1.30.24_LL3f_mi,4
337,175,139,227,656,331,325,0,1,1,p_1.30.24_LL3f_mi,4
338,183,136,234,642,317,325,0,1,1,p_1.30.24_LL3f_mi,4
339,169,137,221,672,333,339,0,1,1,p_1.30.24_LL3f_mi,4
340,176,139,228,650,311,339,0,1,1,p_1.30.24_LL3f_mi,4
341,163,134,219,681,328,353,0,1,1,p_1.30.24_LL3f_mi,4
342,167,137,224,664,317,347,0,1,1,p_1.30.24_LL3f_mi,4
343,176,132,227,656,323,333,0,1,1,p_1.30.24_LL3f_mi,4
344,173,137,223,675,327,348,0,1,1,p_1.30.24_LL3f_mi,4
345,168,137,219,675,315,360,0,1,1,p_1.30.24_LL3f_mi,4
346,179,130,227,658,306,352,0,1,1,p_1.30.24_LL3f_mi,4
347,174,131,225,657,307,350,0,1,1,p_1.30.24_LL3f_mi,4
348,168,142,219,676,311,365,0,1,1,p_1.30.24_LL3f_mi,4
349,165,140,221,675,315,360,0,1,1,p_1.30.24_LL3f_mi,4
350,162,124,222,671,321,350,0,1,1,p_1.30.24_LL3f_mi,4
1,6,6,9,609,308,301,0,1,2,p_1.30.24_LL3f_mi,4
2,95,85,126,851,428,423,0,1,2,p_1.30.24_LL3f_mi,4
3,139,119,172,782,395,387,0,1,2,p_1.30.24_LL3f_mi,4
4,153,124,202,721,360,361,0,1,2,p_1.30.24_LL3f_mi,4
5,174,140,231,643,306,337,0,1,2,p_1.30.24_LL3f_mi,4
6,175,143,224,666,322,344,0,1,2,p_1.30.24_LL3f_mi,4
7,176,129,230,642,321,321,0,1,2,p_1.30.24_LL3f_mi,4
8,179,143,228,654,310,344,0,1,2,p_1.30.24_LL3f_mi,4
9,175,141,228,649,319,330,0,1,2,p_1.30.24_LL3f_mi,4
10,181,139,227,656,317,339,0,1,2,p_1.30.24_LL3f_mi,4
11,177,137,228,649,317,332,0,1,2,p_1.30.24_LL3f_mi,4
12,178,138,223,673,323,350,0,1,2,p_1.30.24_LL3f_mi,4
13,172,137,219,680,312,368,0,1,2,p_1.30.24_LL3f_mi,4
14,171,136,224,665,317,348,0,1,2,p_1.30.24_LL3f_mi,4
15,177,128,226,657,326,331,0,1,2,p_1.30.24_LL3f_mi,4
16,175,129,226,653,326,327,0,1,2,p_1.30.24_LL3f_mi,4
17,179,139,225,660,333,327,0,1,2,p_1.30.24_LL3f_mi,4
18,173,133,226,664,313,351,0,1,2,p_1.30.24_LL3f_mi,4
19,184,143,230,645,314,331,0,1,2,p_1.30.24_LL3f_mi,4
20,178,133,222,675,334,341,0,1,2,p_1.30.24_LL3f_mi,4
21,177,138,218,679,336,343,0,1,2,p_1.30.24_LL3f_mi,4
22,185,141,230,641,327,314,0,1,2,p_1.30.24_LL3f_mi,4
23,170,133,226,662,332,330,0,1,2,p_1.30.24_LL3f_mi,4
24,174,133,225,660,324,336,0,1,2,p_1.30.24_LL3f_mi,4
25,178,137,224,661,325,336,0,1,2,p_1.30.24_LL3f_mi,4
26,157,126,208,709,349,360,0,1,2,p_1.30.24_LL3f_mi,4
27,170,136,224,665,332,333,0,1,2,p_1.30.24_LL3f_mi,4
28,166,134,224,665,348,317,0,1,2,p_1.30.24_LL3f_mi,4
29,183,142,228,646,331,315,0,1,2,p_1.30.24_LL3f_mi,4
30,179,140,230,642,322,320,0,1,2,p_1.30.24_LL3f_mi,4
31,181,147,229,655,326,329,0,1,2,p_1.30.24_LL3f_mi,4
32,180,139,224,660,335,325,0,1,2,p_1.30.24_LL3f_mi,4
33,175,139,223,666,326,340,0,1,2,p_1.30.24_LL3f_mi,4
34,180,144,222,667,328,339,0,1,2,p_1.30.24_LL3f_mi,4
35,173,136,220,679,325,354,0,1,2,p_1.30.24_LL3f_mi,4
36,175,131,224,663,315,348,0,1,2,p_1.30.24_LL3f_mi,4
37,170,136,220,676,329,347,0,1,2,p_1.30.24_LL3f_mi,4
38,178,135,223,668,337,331,0,1,2,p_1.30.24_LL3f_mi,4
39,173,143,222,670,327,343,0,1,2,p_1.30.24_LL3f_mi,4
40,171,139,220,681,323,358,0,1,2,p_1.30.24_LL3f_mi,4
41,169,133,218,687,321,366,0,1,2,p_1.30.24_LL3f_mi,4
42,173,133,219,676,318,358,0,1,2,p_1.30.24_LL3f_mi,4
43,172,135,228,656,313,343,0,1,2,p_1.30.24_LL3f_mi,4
44,173,143,227,657,312,345,0,1,2,p_1.30.24_LL3f_mi,4
45,179,147,225,672,330,342,0,1,2,p_1.30.24_LL3f_mi,4
46,186,146,230,649,326,323,0,1,2,p_1.30.24_LL3f_mi,4
47,178,142,223,668,339,329,0,1,2,p_1.30.24_LL3f_mi,4
48,176,136,228,657,344,313,0,1,2,p_1.30.24_LL3f_mi,4
49,176,133,223,670,374,296,0,1,2,p_1.30.24_LL3f_mi,4
50,172,135,219,685,371,314,0,1,2,p_1.30.24_LL3f_mi,4
51,158,119,201,730,383,347,0,1,2,p_1.30.24_LL3f_mi,4
52,172,129,215,687,346,341,0,1,2,p_1.30.24_LL3f_mi,4
53,170,137,224,659,326,333,0,1,2,p_1.30.24_LL3f_mi,4
54,176,139,223,665,327,338,0,1,2,p_1.30.24_LL3f_mi,4
55,181,137,226,665,308,357,0,1,2,p_1.30.24_LL3f_mi,4
56,182,145,229,663,324,339,0,1,2,p_1.30.24_LL3f_mi,4
57,183,146,223,663,327,336,0,1,2,p_1.30.24_LL3f_mi,4
58,167,140,223,667,316,351,0,1,2,p_1.30.24_LL3f_mi,4
59,169,128,213,696,337,359,0,1,2,p_1.30.24_LL3f_mi,4
60,172,125,221,676,330,346,0,1,2,p_1.30.24_LL3f_mi,4
61,166,138,221,673,337,336,0,1,2,p_1.30.24_LL3f_mi,4
62,170,138,218,680,332,348,0,1,2,p_1.30.24_LL3f_mi,4
63,178,140,226,664,337,327,0,1,2,p_1.30.24_LL3f_mi,4
64,176,132,226,659,338,321,0,1,2,p_1.30.24_LL3f_mi,4
65,175,130,218,682,344,338,0,1,2,p_1.30.24_LL3f_mi,4
66,170,128,220,671,328,343,0,1,2,p_1.30.24_LL3f_mi,4
67,176,133,226,662,322,340,0,1,2,p_1.30.24_LL3f_mi,4
68,179,143,227,659,317,342,0,1,2,p_1.30.24_LL3f_mi,4
69,181,138,232,638,300,338,0,1,2,p_1.30.24_LL3f_mi,4
70,192,150,230,653,294,359,0,1,2,p_1.30.24_LL3f_mi,4
71,179,145,221,670,306,364,0,1,2,p_1.30.24_LL3f_mi,4
72,179,137,227,660,310,350,0,1,2,p_1.30.24_LL3f_mi,4
73,163,129,212,692,329,363,0,1,2,p_1.30.24_LL3f_mi,4
74,176,135,220,673,311,362,0,1,2,p_1.30.24_LL3f_mi,4
75,170,146,220,669,321,348,0,1,2,p_1.30.24_LL3f_mi,4
76,154,122,201,722,340,382,0,1,2,p_1.30.24_LL3f_mi,4
77,172,135,226,660,313,347,0,1,2,p_1.30.24_LL3f_mi,4
78,170,125,226,658,329,329,0,1,2,p_1.30.24_LL3f_mi,4
79,168,131,217,676,336,340,0,1,2,p_1.30.24_LL3f_mi,4
80,175,139,220,671,319,352,0,1,2,p_1.30.24_LL3f_mi,4
81,175,144,228,655,296,359,0,1,2,p_1.30.24_LL3f_mi,4
82,174,128,227,656,317,339,0,1,2,p_1.30.24_LL3f_mi,4
83,169,138,222,672,328,344,0,1,2,p_1.30.24_LL3f_mi,4
84,178,145,225,662,314,348,0,1,2,p_1.30.24_LL3f_mi,4
85,172,137,226,654,305,349,0,1,2,p_1.30.24_LL3f_mi,4
86,172,130,223,662,319,343,0,1,2,p_1.30.24_LL3f_mi,4
87,167,130,213,696,345,351,0,1,2,p_1.30.24_LL3f_mi,4
88,173,137,230,639,319,320,0,1,2,p_1.30.24_LL3f_mi,4
89,174,136,227,658,319,339,0,1,2,p_1.30.24_LL3f_mi,4
90,174,141,219,674,324,350,0,1,2,p_1.30.24_LL3f_mi,4
91,176,132,219,675,319,356,0,1,2,p_1.30.24_LL3f_mi,4
92,173,129,225,661,321,340,0,1,2,p_1.30.24_LL3f_mi,4
93,185,138,231,645,311,334,0,1,2,p_1.30.24_LL3f_mi,4
94,179,136,225,664,342,322,0,1,2,p_1.30.24_LL3f_mi,4
95,180,140,229,640,323,317,0,1,2,p_1.30.24_LL3f_mi,4
96,176,134,224,670,332,338,0,1,2,p_1.30.24_LL3f_mi,4
97,169,132,221,677,326,351,0,1,2,p_1.30.24_LL3f_mi,4
98,171,128,223,666,337,329,0,1,2,p_1.30.24_LL3f_mi,4
99,183,139,229,642,321,321,0,1,2,p_1.30.24_LL3f_mi,4
100,139,110,179,689,363,326,0,1,2,p_1.30.24_LL3f_mi,4
101,110,92,142,686,357,329,0,1,2,p_1.30.24_LL3f_mi,4
102,128,98,156,578,295,283,0,1,2,p_1.30.24_LL3f_mi,4
103,118,95,144,521,255,266,0,1,2,p_1.30.24_LL3f_mi,4
104,102,82,131,471,232,239,0,1,2,p_1.30.24_LL3f_mi,4
105,86,71,114,426,212,214,0,1,2,p_1.30.24_LL3f_mi,4
106,68,57,86,404,191,213,0,1,2,p_1.30.24_LL3f_mi,4
107,59,51,78,338,162,176,0,1,2,p_1.30.24_LL3f_mi,4
108,47,40,59,297,136,161,0,1,2,p_1.30.24_LL3f_mi,4
109,31,27,44,243,115,128,0,1,2,p_1.30.24_LL3f_mi,4
110,29,24,34,189,93,96,0,1,2,p_1.30.24_LL3f_mi,4
111,29,24,36,149,76,73,0,1,2,p_1.30.24_LL3f_mi,4
112,30,23,38,139,66,73,0,1,2,p_1.30.24_LL3f_mi,4
113,27,22,36,121,54,67,0,1,2,p_1.30.24_LL3f_mi,4
114,31,28,37,123,55,68,0,1,2,p_1.30.24_LL3f_mi,4
115,28,21,36,114,56,58,0,1,2,p_1.30.24_LL3f_mi,4
116,27,20,37,122,58,64,0,1,2,p_1.30.24_LL3f_mi,4
117,26,19,34,107,56,51,0,1,2,p_1.30.24_LL3f_mi,4
118,28,26,36,106,44,62,0,1,2,p_1.30.24_LL3f_mi,4
119,28,22,34,109,45,64,0,1,2,p_1.30.24_LL3f_mi,4
120,29,22,36,108,49,59,0,1,2,p_1.30.24_LL3f_mi,4
121,26,24,33,108,50,58,0,1,2,p_1.30.24_LL3f_mi,4
122,27,22,35,106,49,57,0,1,2,p_1.30.24_LL3f_mi,4
123,27,22,35,111,52,59,0,1,2,p_1.30.24_LL3f_mi,4
124,28,24,34,106,50,56,0,1,2,p_1.30.24_LL3f_mi,4
125,29,23,38,122,59,63,21,1,2,p_1.30.24_LL3f_mi,4
126,27,22,36,122,60,62,11,1,2,p_1.30.24_LL3f_mi,4
127,26,20,35,111,55,56,3,1,2,p_1.30.24_LL3f_mi,4
128,24,19,32,102,56,46,1,1,2,p_1.30.24_LL3f_mi,4
129,23,19,33,105,59,46,0,1,2,p_1.30.24_LL3f_mi,4
130,27,21,33,97,56,41,0,1,2,p_1.30.24_LL3f_mi,4
131,29,21,34,105,64,41,0,1,2,p_1.30.24_LL3f_mi,4
132,28,23,34,98,63,35,0,1,2,p_1.30.24_LL3f_mi,4
133,28,17,34,95,54,41,0,1,2,p_1.30.24_LL3f_mi,4
134,28,23,33,93,44,49,0,1,2,p_1.30.24_LL3f_mi,4
135,24,19,33,96,40,56,0,1,2,p_1.30.24_LL3f_mi,4
136,25,20,34,102,46,56,0,1,2,p_1.30.24_LL3f_mi,4
137,24,21,32,103,51,52,0,1,2,p_1.30.24_LL3f_mi,4
138,28,23,34,110,54,56,0,1,2,p_1.30.24_LL3f_mi,4
139,29,23,35,98,52,46,0,1,2,p_1.30.24_LL3f_mi,4
140,26,19,36,125,62,63,19,1,2,p_1.30.24_LL3f_mi,4
141,29,25,36,120,64,56,11,1,2,p_1.30.24_LL3f_mi,4
142,28,20,36,117,57,60,7,1,2,p_1.30.24_LL3f_mi,4
143,28,21,35,112,59,53,3,1,2,p_1.30.24_LL3f_mi,4
144,29,21,35,107,63,44,1,1,2,p_1.30.24_LL3f_mi,4
145,24,22,32,103,55,48,0,1,2,p_1.30.24_LL3f_mi,4
146,23,20,33,97,38,59,0,1,2,p_1.30.24_LL3f_mi,4
147,26,22,34,97,47,50,0,1,2,p_1.30.24_LL3f_mi,4
148,25,20,35,108,45,63,0,1,2,p_1.30.24_LL3f_mi,4
149,27,24,33,103,37,66,0,1,2,p_1.30.24_LL3f_mi,4
150,25,22,34,111,42,69,0,1,2,p_1.30.24_LL3f_mi,4
151,43,33,63,113,45,68,0,1,2,p_1.30.24_LL3f_mi,4
152,60,39,90,130,62,68,0,1,2,p_1.30.24_LL3f_mi,4
153,85,55,117,181,93,88,0,1,2,p_1.30.24_LL3f_mi,4
154,104,73,143,259,131,128,0,1,2,p_1.30.24_LL3f_mi,4
155,123,89,162,340,177,163,19,1,2,p_1.30.24_LL3f_mi,4
156,135,102,178,401,188,213,11,1,2,p_1.30.24_LL3f_mi,4
157,152,106,195,456,223,233,6,1,2,p_1.30.24_LL3f_mi,4
158,167,122,210,496,241,255,1,1,2,p_1.30.24_LL3f_mi,4
159,176,134,225,558,274,284,0,1,2,p_1.30.24_LL3f_mi,4
160,190,131,240,596,294,302,0,1,2,p_1.30.24_LL3f_mi,4
161,170,147,219,676,343,333,0,1,2,p_1.30.24_LL3f_mi,4
162,177,140,226,658,349,309,0,1,2,p_1.30.24_LL3f_mi,4
163,168,121,223,664,351,313,0,1,2,p_1.30.24_LL3f_mi,4
164,174,138,228,656,314,342,0,1,2,p_1.30.24_LL3f_mi,4
165,166,132,215,686,341,345,0,1,2,p_1.30.24_LL3f_mi,4
166,180,137,229,643,316,327,0,1,2,p_1.30.24_LL3f_mi,4
167,182,141,228,657,340,317,0,1,2,p_1.30.24_LL3f_mi,4
168,167,130,220,681,344,337,0,1,2,p_1.30.24_LL3f_mi,4
169,172,129,220,676,345,331,0,1,2,p_1.30.24_LL3f_mi,4
170,174,134,221,670,326,344,17,1,2,p_1.30.24_LL3f_mi,4
171,177,141,225,668,323,345,11,1,2,p_1.30.24_LL3f_mi,4
172,174,134,223,668,323,345,5,1,2,p_1.30.24_LL3f_mi,4
173,175,140,224,665,334,331,1,1,2,p_1.30.24_LL3f_mi,4
174,182,135,226,660,324,336,0,1,2,p_1.30.24_LL3f_mi,4
175,182,142,225,669,334,335,0,1,2,p_1.30.24_LL3f_mi,4
176,165,129,208,713,344,369,0,1,2,p_1.30.24_LL3f_mi,4
177,174,141,215,688,332,356,0,1,2,p_1.30.24_LL3f_mi,4
178,173,131,220,678,329,349,0,1,2,p_1.30.24_LL3f_mi,4
179,171,138,225,673,347,326,0,1,2,p_1.30.24_LL3f_mi,4
180,177,134,227,656,328,328,0,1,2,p_1.30.24_LL3f_mi,4
181,179,145,223,664,333,331,0,1,2,p_1.30.24_LL3f_mi,4
182,174,139,224,666,346,320,0,1,2,p_1.30.24_LL3f_mi,4
183,180,143,221,672,347,325,0,1,2,p_1.30.24_LL3f_mi,4
184,166,133,219,678,371,307,0,1,2,p_1.30.24_LL3f_mi,4
185,164,133,221,671,363,308,0,1,2,p_1.30.24_LL3f_mi,4
186,170,137,219,676,348,328,0,1,2,p_1.30.24_LL3f_mi,4
187,165,122,212,695,347,348,0,1,2,p_1.30.24_LL3f_mi,4
188,180,141,222,664,325,339,0,1,2,p_1.30.24_LL3f_mi,4
189,179,136,230,647,326,321,0,1,2,p_1.30.24_LL3f_mi,4
190,168,132,228,654,333,321,0,1,2,p_1.30.24_LL3f_mi,4
191,167,124,222,672,338,334,0,1,2,p_1.30.24_LL3f_mi,4
192,171,129,219,679,336,343,0,1,2,p_1.30.24_LL3f_mi,4
193,176,141,225,659,327,332,0,1,2,p_1.30.24_LL3f_mi,4
194,180,150,232,643,315,328,0,1,2,p_1.30.24_LL3f_mi,4
195,178,144,226,658,317,341,0,1,2,p_1.30.24_LL3f_mi,4
196,156,130,209,706,340,366,0,1,2,p_1.30.24_LL3f_mi,4
197,170,136,228,641,300,341,0,1,2,p_1.30.24_LL3f_mi,4
198,177,136,226,655,303,352,0,1,2,p_1.30.24_LL3f_mi,4
199,174,131,222,667,317,350,0,1,2,p_1.30.24_LL3f_mi,4
200,180,142,224,662,343,319,0,1,2,p_1.30.24_LL3f_mi,4
201,164,135,205,715,370,345,0,1,2,p_1.30.24_LL3f_mi,4
202,174,135,223,666,342,324,0,1,2,p_1.30.24_LL3f_mi,4
203,182,142,231,640,318,322,0,1,2,p_1.30.24_LL3f_mi,4
204,184,143,228,652,313,339,0,1,2,p_1.30.24_LL3f_mi,4
205,176,131,225,661,327,334,0,1,2,p_1.30.24_LL3f_mi,4
206,165,131,212,691,336,355,0,1,2,p_1.30.24_LL3f_mi,4
207,177,133,223,667,329,338,0,1,2,p_1.30.24_LL3f_mi,4
208,176,139,221,674,326,348,0,1,2,p_1.30.24_LL3f_mi,4
209,173,134,226,658,321,337,0,1,2,p_1.30.24_LL3f_mi,4
210,171,135,221,673,329,344,0,1,2,p_1.30.24_LL3f_mi,4
211,182,141,230,646,318,328,0,1,2,p_1.30.24_LL3f_mi,4
212,178,144,221,670,324,346,0,1,2,p_1.30.24_LL3f_mi,4
213,168,129,226,655,346,309,0,1,2,p_1.30.24_LL3f_mi,4
214,169,129,223,659,344,315,0,1,2,p_1.30.24_LL3f_mi,4
215,174,134,228,658,341,317,0,1,2,p_1.30.24_LL3f_mi,4
216,173,134,225,657,340,317,0,1,2,p_1.30.24_LL3f_mi,4
217,163,135,214,690,348,342,0,1,2,p_1.30.24_LL3f_mi,4
218,172,136,218,680,336,344,0,1,2,p_1.30.24_LL3f_mi,4
219,174,137,221,679,344,335,0,1,2,p_1.30.24_LL3f_mi,4
220,172,133,221,678,348,330,0,1,2,p_1.30.24_LL3f_mi,4
221,178,134,230,643,327,316,0,1,2,p_1.30.24_LL3f_mi,4
222,171,136,223,668,335,333,0,1,2,p_1.30.24_LL3f_mi,4
223,175,137,224,662,338,324,0,1,2,p_1.30.24_LL3f_mi,4
224,179,129,229,651,327,324,0,1,2,p_1.30.24_LL3f_mi,4
225,173,134,224,659,330,329,0,1,2,p_1.30.24_LL3f_mi,4
226,167,133,203,716,367,349,0,1,2,p_1.30.24_LL3f_mi,4
227,180,136,227,656,348,308,0,1,2,p_1.30.24_LL3f_mi,4
228,173,126,224,669,348,321,0,1,2,p_1.30.24_LL3f_mi,4
229,170,132,217,684,342,342,0,1,2,p_1.30.24_LL3f_mi,4
230,165,125,222,671,340,331,0,1,2,p_1.30.24_LL3f_mi,4
231,170,135,223,673,347,326,0,1,2,p_1.30.24_LL3f_mi,4
232,176,134,224,673,346,327,0,1,2,p_1.30.24_LL3f_mi,4
233,170,133,215,687,329,358,0,1,2,p_1.30.24_LL3f_mi,4
234,178,136,228,651,324,327,0,1,2,p_1.30.24_LL3f_mi,4
235,177,129,227,659,345,314,0,1,2,p_1.30.24_LL3f_mi,4
236,166,133,218,676,347,329,0,1,2,p_1.30.24_LL3f_mi,4
237,180,145,229,654,313,341,0,1,2,p_1.30.24_LL3f_mi,4
238,166,125,216,689,337,352,0,1,2,p_1.30.24_LL3f_mi,4
239,171,132,224,666,333,333,0,1,2,p_1.30.24_LL3f_mi,4
240,180,132,226,661,332,329,0,1,2,p_1.30.24_LL3f_mi,4
241,170,133,222,664,325,339,0,1,2,p_1.30.24_LL3f_mi,4
242,178,134,222,671,325,346,0,1,2,p_1.30.24_LL3f_mi,4
243,172,141,225,667,329,338,0,1,2,p_1.30.24_LL3f_mi,4
244,173,140,223,670,344,326,0,1,2,p_1.30.24_LL3f_mi,4
245,171,131,222,673,349,324,0,1,2,p_1.30.24_LL3f_mi,4
246,166,137,217,681,347,334,0,1,2,p_1.30.24_LL3f_mi,4
247,170,133,223,666,329,337,0,1,2,p_1.30.24_LL3f_mi,4
248,166,136,220,675,338,337,0,1,2,p_1.30.24_LL3f_mi,4
249,176,139,225,660,333,327,0,1,2,p_1.30.24_LL3f_mi,4
250,170,138,217,682,342,340,0,1,2,p_1.30.24_LL3f_mi,4
251,152,119,200,722,361,361,0,1,2,p_1.30.24_LL3f_mi,4
252,166,128,219,679,339,340,0,1,2,p_1.30.24_LL3f_mi,4
253,186,146,229,647,321,326,0,1,2,p_1.30.24_LL3f_mi,4
254,173,138,232,632,307,325,0,1,2,p_1.30.24_LL3f_mi,4
255,181,139,224,664,331,333,0,1,2,p_1.30.24_LL3f_mi,4
256,179,142,226,658,320,338,0,1,2,p_1.30.24_LL3f_mi,4
257,170,131,221,676,320,356,0,1,2,p_1.30.24_LL3f_mi,4
258,168,131,220,676,307,369,0,1,2,p_1.30.24_LL3f_mi,4
259,169,133,221,675,313,362,0,1,2,p_1.30.24_LL3f_mi,4
260,177,133,222,669,310,359,0,1,2,p_1.30.24_LL3f_mi,4
261,171,138,224,664,306,358,0,1,2,p_1.30.24_LL3f_mi,4
262,167,136,223,666,314,352,0,1,2,p_1.30.24_LL3f_mi,4
263,162,135,211,695,331,364,0,1,2,p_1.30.24_LL3f_mi,4
264,170,131,225,658,323,335,0,1,2,p_1.30.24_LL3f_mi,4
265,175,140,227,655,343,312,0,1,2,p_1.30.24_LL3f_mi,4
266,170,133,223,664,356,308,0,1,2,p_1.30.24_LL3f_mi,4
267,179,139,226,664,348,316,0,1,2,p_1.30.24_LL3f_mi,4
268,176,132,223,671,337,334,0,1,2,p_1.30.24_LL3f_mi,4
269,183,137,230,639,311,328,0,1,2,p_1.30.24_LL3f_mi,4
270,171,138,227,654,326,328,0,1,2,p_1.30.24_LL3f_mi,4
271,169,136,220,674,332,342,0,1,2,p_1.30.24_LL3f_mi,4
272,179,146,225,654,328,326,0,1,2,p_1.30.24_LL3f_mi,4
273,174,140,225,658,318,340,0,1,2,p_1.30.24_LL3f_mi,4
274,172,132,223,662,326,336,0,1,2,p_1.30.24_LL3f_mi,4
275,173,135,223,672,339,333,0,1,2,p_1.30.24_LL3f_mi,4
276,153,122,195,737,388,349,0,1,2,p_1.30.24_LL3f_mi,4
277,168,126,226,665,336,329,0,1,2,p_1.30.24_LL3f_mi,4
278,171,121,222,667,350,317,0,1,2,p_1.30.24_LL3f_mi,4
279,181,134,231,641,334,307,0,1,2,p_1.30.24_LL3f_mi,4
280,184,139,231,631,315,316,0,1,2,p_1.30.24_LL3f_mi,4
281,177,137,233,638,328,310,0,1,2,p_1.30.24_LL3f_mi,4
282,169,135,217,688,365,323,0,1,2,p_1.30.24_LL3f_mi,4
283,175,126,231,651,340,311,0,1,2,p_1.30.24_LL3f_mi,4
284,174,134,225,661,340,321,0,1,2,p_1.30.24_LL3f_mi,4
285,179,132,227,658,354,304,0,1,2,p_1.30.24_LL3f_mi,4
286,175,128,225,658,361,297,0,1,2,p_1.30.24_LL3f_mi,4
287,173,131,221,674,367,307,0,1,2,p_1.30.24_LL3f_mi,4
288,181,141,229,642,345,297,0,1,2,p_1.30.24_LL3f_mi,4
289,172,133,225,660,353,307,0,1,2,p_1.30.24_LL3f_mi,4
290,173,136,223,674,346,328,0,1,2,p_1.30.24_LL3f_mi,4
291,180,134,226,657,333,324,0,1,2,p_1.30.24_LL3f_mi,4
292,176,138,225,656,337,319,0,1,2,p_1.30.24_LL3f_mi,4
293,173,137,227,652,333,319,0,1,2,p_1.30.24_LL3f_mi,4
294,176,133,228,657,320,337,0,1,2,p_1.30.24_LL3f_mi,4
295,170,140,213,697,346,351,0,1,2,p_1.30.24_LL3f_mi,4
296,173,136,221,673,340,333,0,1,2,p_1.30.24_LL3f_mi,4
297,168,134,219,681,360,321,0,1,2,p_1.30.24_LL3f_mi,4
298,163,129,217,686,355,331,0,1,2,p_1.30.24_LL3f_mi,4
299,173,141,216,692,357,335,0,1,2,p_1.30.24_LL3f_mi,4
300,180,143,228,653,319,334,0,1,2,p_1.30.24_LL3f_mi,4
301,153,122,195,737,370,367,0,1,2,p_1.30.24_LL3f_mi,4
302,172,128,221,671,333,338,0,1,2,p_1.30.24_LL3f_mi,4
303,173,137,225,658,332,326,0,1,2,p_1.30.24_LL3f_mi,4
304,176,146,227,649,319,330,0,1,2,p_1.30.24_LL3f_mi,4
305,181,139,233,637,294,343,0,1,2,p_1.30.24_LL3f_mi,4
306,176,131,224,664,316,348,0,1,2,p_1.30.24_LL3f_mi,4
307,178,139,225,666,325,341,0,1,2,p_1.30.24_LL3f_mi,4
308,166,133,220,674,324,350,0,1,2,p_1.30.24_LL3f_mi,4
309,179,146,227,653,311,342,0,1,2,p_1.30.24_LL3f_mi,4
310,170,142,219,678,312,366,0,1,2,p_1.30.24_LL3f_mi,4
311,187,154,227,652,298,354,0,1,2,p_1.30.24_LL3f_mi,4
312,175,129,226,652,308,344,0,1,2,p_1.30.24_LL3f_mi,4
313,175,133,217,678,339,339,0,1,2,p_1.30.24_LL3f_mi,4
314,170,136,217,687,340,347,0,1,2,p_1.30.24_LL3f_mi,4
315,179,137,218,681,336,345,0,1,2,p_1.30.24_LL3f_mi,4
316,176,136,224,668,331,337,0,1,2,p_1.30.24_LL3f_mi,4
317,169,137,219,675,325,350,0,1,2,p_1.30.24_LL3f_mi,4
318,186,146,228,657,339,318,0,1,2,p_1.30.24_LL3f_mi,4
319,173,127,226,656,347,309,0,1,2,p_1.30.24_LL3f_mi,4
320,176,132,225,654,354,300,0,1,2,p_1.30.24_LL3f_mi,4
321,180,136,224,666,362,304,0,1,2,p_1.30.24_LL3f_mi,4
322,167,132,219,677,342,335,0,1,2,p_1.30.24_LL3f_mi,4
323,172,135,218,680,335,345,0,1,2,p_1.30.24_LL3f_mi,4
324,177,140,223,675,318,357,0,1,2,p_1.30.24_LL3f_mi,4
325,171,135,220,676,317,359,0,1,2,p_1.30.24_LL3f_mi,4
326,161,131,205,717,344,373,0,1,2,p_1.30.24_LL3f_mi,4
327,179,137,230,641,299,342,0,1,2,p_1.30.24_LL3f_mi,4
328,183,135,228,654,325,329,0,1,2,p_1.30.24_LL3f_mi,4
329,176,133,231,643,316,327,0,1,2,p_1.30.24_LL3f_mi,4
330,167,132,220,675,320,355,0,1,2,p_1.30.24_LL3f_mi,4
331,168,135,219,668,308,360,0,1,2,p_1.30.24_LL3f_mi,4
332,168,136,224,660,300,360,0,1,2,p_1.30.24_LL3f_mi,4
333,182,140,226,659,304,355,0,1,2,p_1.30.24_LL3f_mi,4
334,175,134,222,674,320,354,0,1,2,p_1.30.24_LL3f_mi,4
335,170,138,223,673,329,344,0,1,2,p_1.30.24_LL3f_mi,4
336,182,149,228,658,322,336,0,1,2,p_1.30.24_LL3f_mi,4
337,169,138,226,664,310,354,0,1,2,p_1.30.24_LL3f_mi,4
338,183,141,228,653,307,346,0,1,2,p_1.30.24_LL3f_mi,4
339,169,134,220,675,324,351,0,1,2,p_1.30.24_LL3f_mi,4
340,177,135,224,662,328,334,0,1,2,p_1.30.24_LL3f_mi,4
341,160,130,213,690,332,358,0,1,2,p_1.30.24_LL3f_mi,4
342,170,142,218,676,323,353,0,1,2,p_1.30.24_LL3f_mi,4
343,163,124,217,686,343,343,0,1,2,p_1.30.24_LL3f_mi,4
344,179,141,225,662,331,331,0,1,2,p_1.30.24_LL3f_mi,4
345,171,134,226,655,312,343,0,1,2,p_1.30.24_LL3f_mi,4
346,167,136,222,670,310,360,0,1,2,p_1.30.24_LL3f_mi,4
347,181,140,230,647,302,345,0,1,2,p_1.30.24_LL3f_mi,4
348,177,143,221,672,330,342,0,1,2,p_1.30.24_LL3f_mi,4
349,177,144,221,664,326,338,0,1,2,p_1.30.24_LL3f_mi,4
350,178,135,224,664,340,324,0,1,2,p_1.30.24_LL3f_mi,4
1,6,6,8,638,325,313,0,1,3,p_1.30.24_LL3f_mi,4
2,96,88,123,855,444,411,0,1,3,p_1.30.24_LL3f_mi,4
3,132,113,178,768,389,379,0,1,3,p_1.30.24_LL3f_mi,4
4,159,134,202,720,364,356,0,1,3,p_1.30.24_LL3f_mi,4
5,167,133,216,688,335,353,0,1,3,p_1.30.24_LL3f_mi,4
6,180,146,228,652,330,322,0,1,3,p_1.30.24_LL3f_mi,4
7,183,148,229,646,315,331,0,1,3,p_1.30.24_LL3f_mi,4
8,175,138,224,662,347,315,0,1,3,p_1.30.24_LL3f_mi,4
9,172,132,225,657,341,316,0,1,3,p_1.30.24_LL3f_mi,4
10,170,135,222,673,341,332,0,1,3,p_1.30.24_LL3f_mi,4
11,162,133,218,676,347,329,0,1,3,p_1.30.24_LL3f_mi,4
12,174,139,226,657,342,315,0,1,3,p_1.30.24_LL3f_mi,4
13,177,142,230,645,327,318,0,1,3,p_1.30.24_LL3f_mi,4
14,182,126,230,649,324,325,0,1,3,p_1.30.24_LL3f_mi,4
15,175,142,215,697,347,350,0,1,3,p_1.30.24_LL3f_mi,4
16,171,129,225,659,327,332,0,1,3,p_1.30.24_LL3f_mi,4
17,176,136,220,668,335,333,0,1,3,p_1.30.24_LL3f_mi,4
18,165,124,214,694,357,337,0,1,3,p_1.30.24_LL3f_mi,4
19,175,138,224,662,354,308,0,1,3,p_1.30.24_LL3f_mi,4
20,178,132,228,651,336,315,0,1,3,p_1.30.24_LL3f_mi,4
21,174,130,224,661,346,315,0,1,3,p_1.30.24_LL3f_mi,4
22,171,133,225,670,343,327,0,1,3,p_1.30.24_LL3f_mi,4
23,174,138,225,659,327,332,0,1,3,p_1.30.24_LL3f_mi,4
24,189,141,232,644,328,316,0,1,3,p_1.30.24_LL3f_mi,4
25,175,146,232,638,332,306,0,1,3,p_1.30.24_LL3f_mi,4
26,164,129,205,713,368,345,0,1,3,p_1.30.24_LL3f_mi,4
27,168,125,219,678,351,327,0,1,3,p_1.30.24_LL3f_mi,4
28,173,140,227,655,324,331,0,1,3,p_1.30.24_LL3f_mi,4
29,183,144,227,659,338,321,0,1,3,p_1.30.24_LL3f_mi,4
30,175,137,222,670,337,333,0,1,3,p_1.30.24_LL3f_mi,4
31,174,135,228,651,338,313,0,1,3,p_1.30.24_LL3f_mi,4
32,170,133,224,673,343,330,0,1,3,p_1.30.24_LL3f_mi,4
33,177,126,230,654,339,315,0,1,3,p_1.30.24_LL3f_mi,4
34,170,132,222,670,347,323,0,1,3,p_1.30.24_LL3f_mi,4
35,165,139,219,669,350,319,0,1,3,p_1.30.24_LL3f_mi,4
36,169,132,220,677,338,339,0,1,3,p_1.30.24_LL3f_mi,4
37,165,128,219,677,341,336,0,1,3,p_1.30.24_LL3f_mi,4
38,171,132,222,664,341,323,0,1,3,p_1.30.24_LL3f_mi,4
39,170,129,220,682,358,324,0,1,3,p_1.30.24_LL3f_mi,4
40,168,132,222,665,347,318,0,1,3,p_1.30.24_LL3f_mi,4
41,174,131,228,656,351,305,0,1,3,p_1.30.24_LL3f_mi,4
42,177,134,229,650,351,299,0,1,3,p_1.30.24_LL3f_mi,4
43,176,136,227,660,346,314,0,1,3,p_1.30.24_LL3f_mi,4
44,168,135,222,670,335,335,0,1,3,p_1.30.24_LL3f_mi,4
45,166,136,216,686,338,348,0,1,3,p_1.30.24_LL3f_mi,4
46,169,131,218,681,334,347,0,1,3,p_1.30.24_LL3f_mi,4
47,176,141,229,658,314,344,0,1,3,p_1.30.24_LL3f_mi,4
48,174,146,223,673,318,355,0,1,3,p_1.30.24_LL3f_mi,4
49,167,134,215,692,330,362,0,1,3,p_1.30.24_LL3f_mi,4
50,164,129,220,675,329,346,0,1,3,p_1.30.24_LL3f_mi,4
51,160,129,209,706,347,359,0,1,3,p_1.30.24_LL3f_mi,4
52,179,134,234,630,309,321,0,1,3,p_1.30.24_LL3f_mi,4
53,174,132,232,633,304,329,0,1,3,p_1.30.24_LL3f_mi,4
54,176,143,221,668,312,356,0,1,3,p_1.30.24_LL3f_mi,4
55,177,141,227,657,319,338,0,1,3,p_1.30.24_LL3f_mi,4
56,176,144,225,659,335,324,0,1,3,p_1.30.24_LL3f_mi,4
57,172,131,219,679,341,338,0,1,3,p_1.30.24_LL3f_mi,4
58,172,137,223,674,341,333,0,1,3,p_1.30.24_LL3f_mi,4
59,167,132,215,686,354,332,0,1,3,p_1.30.24_LL3f_mi,4
60,181,137,228,656,316,340,0,1,3,p_1.30.24_LL3f_mi,4
61,171,135,219,681,343,338,0,1,3,p_1.30.24_LL3f_mi,4
62,175,134,213,686,325,361,0,1,3,p_1.30.24_LL3f_mi,4
63,178,134,223,667,346,321,0,1,3,p_1.30.24_LL3f_mi,4
64,182,139,233,642,331,311,0,1,3,p_1.30.24_LL3f_mi,4
65,170,126,221,674,363,311,0,1,3,p_1.30.24_LL3f_mi,4
66,165,131,216,695,362,333,0,1,3,p_1.30.24_LL3f_mi,4
67,178,142,223,663,336,327,0,1,3,p_1.30.24_LL3f_mi,4
68,178,140,230,643,333,310,0,1,3,p_1.30.24_LL3f_mi,4
69,184,137,224,661,330,331,0,1,3,p_1.30.24_LL3f_mi,4
70,173,131,221,671,337,334,0,1,3,p_1.30.24_LL3f_mi,4
71,177,133,227,654,333,321,0,1,3,p_1.30.24_LL3f_mi,4
72,167,135,218,674,344,330,0,1,3,p_1.30.24_LL3f_mi,4
73,184,146,224,663,344,319,0,1,3,p_1.30.24_LL3f_mi,4
74,172,130,221,674,353,321,0,1,3,p_1.30.24_LL3f_mi,4
75,178,134,226,654,338,316,0,1,3,p_1.30.24_LL3f_mi,4
76,167,138,212,704,359,345,0,1,3,p_1.30.24_LL3f_mi,4
77,173,136,220,672,342,330,0,1,3,p_1.30.24_LL3f_mi,4
78,164,125,220,673,342,331,0,1,3,p_1.30.24_LL3f_mi,4
79,170,129,217,682,359,323,0,1,3,p_1.30.24_LL3f_mi,4
80,173,142,223,659,357,302,0,1,3,p_1.30.24_LL3f_mi,4
81,174,129,221,669,342,327,0,1,3,p_1.30.24_LL3f_mi,4
82,182,143,228,656,298,358,0,1,3,p_1.30.24_LL3f_mi,4
83,172,140,222,677,305,372,0,1,3,p_1.30.24_LL3f_mi,4
84,169,126,221,668,316,352,0,1,3,p_1.30.24_LL3f_mi,4
85,185,135,230,638,301,337,0,1,3,p_1.30.24_LL3f_mi,4
86,175,128,227,655,320,335,0,1,3,p_1.30.24_LL3f_mi,4
87,171,131,222,670,336,334,0,1,3,p_1.30.24_LL3f_mi,4
88,174,135,223,670,324,346,0,1,3,p_1.30.24_LL3f_mi,4
89,176,134,227,654,310,344,0,1,3,p_1.30.24_LL3f_mi,4
90,167,136,212,697,342,355,0,1,3,p_1.30.24_LL3f_mi,4
91,158,124,210,700,321,379,0,1,3,p_1.30.24_LL3f_mi,4
92,182,144,226,658,298,360,0,1,3,p_1.30.24_LL3f_mi,4
93,185,146,231,645,301,344,0,1,3,p_1.30.24_LL3f_mi,4
94,176,131,226,666,312,354,0,1,3,p_1.30.24_LL3f_mi,4
95,175,138,225,658,321,337,0,1,3,p_1.30.24_LL3f_mi,4
96,183,145,234,633,305,328,0,1,3,p_1.30.24_LL3f_mi,4
97,162,127,211,703,344,359,0,1,3,p_1.30.24_LL3f_mi,4
98,169,135,218,688,330,358,0,1,3,p_1.30.24_LL3f_mi,4
99,167,127,221,669,305,364,0,1,3,p_1.30.24_LL3f_mi,4
100,150,126,188,671,324,347,0,1,3,p_1.30.24_LL3f_mi,4
101,115,98,154,661,325,336,0,1,3,p_1.30.24_LL3f_mi,4
102,113,94,153,585,290,295,0,1,3,p_1.30.24_LL3f_mi,4
103,107,81,139,530,260,270,0,1,3,p_1.30.24_LL3f_mi,4
104,105,82,131,470,241,229,0,1,3,p_1.30.24_LL3f_mi,4
105,82,69,102,452,234,218,0,1,3,p_1.30.24_LL3f_mi,4
106,72,59,89,397,205,192,0,1,3,p_1.30.24_LL3f_mi,4
107,54,45,71,356,189,167,0,1,3,p_1.30.24_LL3f_mi,4
108,49,44,63,291,154,137,0,1,3,p_1.30.24_LL3f_mi,4
109,43,32,53,231,116,115,0,1,3,p_1.30.24_LL3f_mi,4
110,27,22,32,205,104,101,0,1,3,p_1.30.24_LL3f_mi,4
111,28,23,37,168,75,93,0,1,3,p_1.30.24_LL3f_mi,4
112,29,24,37,149,69,80,0,1,3,p_1.30.24_LL3f_mi,4
113,30,24,38,128,65,63,0,1,3,p_1.30.24_LL3f_mi,4
114,27,23,36,114,53,61,0,1,3,p_1.30.24_LL3f_mi,4
115,25,23,36,106,56,50,0,1,3,p_1.30.24_LL3f_mi,4
116,26,22,32,100,53,47,0,1,3,p_1.30.24_LL3f_mi,4
117,26,20,35,102,49,53,0,1,3,p_1.30.24_LL3f_mi,4
118,24,21,33,103,52,51,0,1,3,p_1.30.24_LL3f_mi,4
119,26,17,34,101,50,51,0,1,3,p_1.30.24_LL3f_mi,4
120,26,19,33,106,60,46,0,1,3,p_1.30.24_LL3f_mi,4
121,28,21,35,109,58,51,0,1,3,p_1.30.24_LL3f_mi,4
122,28,21,34,98,50,48,0,1,3,p_1.30.24_LL3f_mi,4
123,25,19,34,102,53,49,0,1,3,p_1.30.24_LL3f_mi,4
124,26,17,33,100,45,55,0,1,3,p_1.30.24_LL3f_mi,4
125,27,22,38,117,55,62,13,1,3,p_1.30.24_LL3f_mi,4
126,28,20,36,131,70,61,10,1,3,p_1.30.24_LL3f_mi,4
127,26,17,35,116,62,54,7,1,3,p_1.30.24_LL3f_mi,4
128,29,24,36,111,54,57,2,1,3,p_1.30.24_LL3f_mi,4
129,28,22,35,109,48,61,2,1,3,p_1.30.24_LL3f_mi,4
130,23,19,36,110,51,59,1,1,3,p_1.30.24_LL3f_mi,4
131,29,23,35,106,48,58,0,1,3,p_1.30.24_LL3f_mi,4
132,25,19,34,102,48,54,0,1,3,p_1.30.24_LL3f_mi,4
133,26,20,34,103,50,53,0,1,3,p_1.30.24_LL3f_mi,4
134,29,23,36,109,51,58,0,1,3,p_1.30.24_LL3f_mi,4
135,26,21,32,89,39,50,0,1,3,p_1.30.24_LL3f_mi,4
136,23,20,34,103,48,55,0,1,3,p_1.30.24_LL3f_mi,4
137,30,27,35,101,50,51,0,1,3,p_1.30.24_LL3f_mi,4
138,24,20,33,109,53,56,0,1,3,p_1.30.24_LL3f_mi,4
139,22,19,33,101,43,58,0,1,3,p_1.30.24_LL3f_mi,4
140,26,20,35,107,56,51,20,1,3,p_1.30.24_LL3f_mi,4
141,28,22,34,112,60,52,13,1,3,p_1.30.24_LL3f_mi,4
142,27,22,34,105,52,53,5,1,3,p_1.30.24_LL3f_mi,4
143,24,20,33,104,55,49,0,1,3,p_1.30.24_LL3f_mi,4
144,25,18,33,94,54,40,0,1,3,p_1.30.24_LL3f_mi,4
145,28,22,34,96,48,48,0,1,3,p_1.30.24_LL3f_mi,4
146,26,22,33,98,47,51,0,1,3,p_1.30.24_LL3f_mi,4
147,26,20,34,104,50,54,0,1,3,p_1.30.24_LL3f_mi,4
148,28,19,35,97,51,46,0,1,3,p_1.30.24_LL3f_mi,4
149,27,21,34,109,57,52,0,1,3,p_1.30.24_LL3f_mi,4
150,26,20,33,93,50,43,0,1,3,p_1.30.24_LL3f_mi,4
151,53,35,76,103,53,50,0,1,3,p_1.30.24_LL3f_mi,4
152,63,42,98,147,67,80,0,1,3,p_1.30.24_LL3f_mi,4
153,95,61,121,202,104,98,0,1,3,p_1.30.24_LL3f_mi,4
154,103,77,142,255,122,133,0,1,3,p_1.30.24_LL3f_mi,4
155,121,85,162,336,167,169,17,1,3,p_1.30.24_LL3f_mi,4
156,140,96,177,409,205,204,10,1,3,p_1.30.24_LL3f_mi,4
157,149,117,192,462,220,242,8,1,3,p_1.30.24_LL3f_mi,4
158,160,127,207,519,250,269,2,1,3,p_1.30.24_LL3f_mi,4
159,176,131,227,542,261,281,0,1,3,p_1.30.24_LL3f_mi,4
160,188,139,240,606,291,315,0,1,3,p_1.30.24_LL3f_mi,4
161,178,142,229,650,322,328,0,1,3,p_1.30.24_LL3f_mi,4
162,178,131,226,660,325,335,0,1,3,p_1.30.24_LL3f_mi,4
163,182,136,225,654,322,332,0,1,3,p_1.30.24_LL3f_mi,4
164,166,130,223,668,318,350,0,1,3,p_1.30.24_LL3f_mi,4
165,175,138,229,649,303,346,0,1,3,p_1.30.24_LL3f_mi,4
166,170,134,213,691,326,365,0,1,3,p_1.30.24_LL3f_mi,4
167,176,139,225,662,319,343,0,1,3,p_1.30.24_LL3f_mi,4
168,174,134,220,671,325,346,0,1,3,p_1.30.24_LL3f_mi,4
169,177,141,230,649,305,344,0,1,3,p_1.30.24_LL3f_mi,4
170,169,142,215,691,324,367,19,1,3,p_1.30.24_LL3f_mi,4
171,176,137,223,674,330,344,12,1,3,p_1.30.24_LL3f_mi,4
172,174,135,222,669,333,336,6,1,3,p_1.30.24_LL3f_mi,4
173,181,134,235,633,303,330,4,1,3,p_1.30.24_LL3f_mi,4
174,183,151,231,643,300,343,0,1,3,p_1.30.24_LL3f_mi,4
175,183,139,232,639,314,325,0,1,3,p_1.30.24_LL3f_mi,4
176,162,131,206,718,360,358,0,1,3,p_1.30.24_LL3f_mi,4
177,163,126,217,681,329,352,0,1,3,p_1.30.24_LL3f_mi,4
178,170,131,225,661,326,335,0,1,3,p_1.30.24_LL3f_mi,4
179,177,139,223,666,317,349,0,1,3,p_1.30.24_LL3f_mi,4
180,165,134,216,681,339,342,0,1,3,p_1.30.24_LL3f_mi,4
181,171,137,224,665,328,337,0,1,3,p_1.30.24_LL3f_mi,4
182,165,131,227,656,328,328,0,1,3,p_1.30.24_LL3f_mi,4
183,170,134,223,670,334,336,0,1,3,p_1.30.24_LL3f_mi,4
184,159,136,212,696,352,344,0,1,3,p_1.30.24_LL3f_mi,4
185,177,133,229,653,323,330,0,1,3,p_1.30.24_LL3f_mi,4
186,178,141,222,664,335,329,0,1,3,p_1.30.24_LL3f_mi,4
187,159,123,209,705,362,343,0,1,3,p_1.30.24_LL3f_mi,4
188,176,141,223,670,344,326,0,1,3,p_1.30.24_LL3f_mi,4
189,178,137,223,663,337,326,0,1,3,p_1.30.24_LL3f_mi,4
190,177,141,225,665,343,322,0,1,3,p_1.30.24_LL3f_mi,4
191,171,130,218,675,354,321,0,1,3,p_1.30.24_LL3f_mi,4
192,175,129,221,676,351,325,0,1,3,p_1.30.24_LL3f_mi,4
193,178,142,228,654,321,333,0,1,3,p_1.30.24_LL3f_mi,4
194,178,138,228,648,311,337,0,1,3,p_1.30.24_LL3f_mi,4
195,178,139,229,654,318,336,0,1,3,p_1.30.24_LL3f_mi,4
196,169,139,224,663,322,341,0,1,3,p_1.30.24_LL3f_mi,4
197,172,136,223,670,336,334,0,1,3,p_1.30.24_LL3f_mi,4
198,172,143,224,660,325,335,0,1,3,p_1.30.24_LL3f_mi,4
199,181,145,234,635,308,327,0,1,3,p_1.30.24_LL3f_mi,4
200,170,134,223,663,337,326,0,1,3,p_1.30.24_LL3f_mi,4
201,163,133,203,717,364,353,0,1,3,p_1.30.24_LL3f_mi,4
202,171,134,218,680,343,337,0,1,3,p_1.30.24_LL3f_mi,4
203,176,136,226,660,336,324,0,1,3,p_1.30.24_LL3f_mi,4
204,181,135,229,651,330,321,0,1,3,p_1.30.24_LL3f_mi,4
205,177,140,228,654,322,332,0,1,3,p_1.30.24_LL3f_mi,4
206,169,130,222,675,328,347,0,1,3,p_1.30.24_LL3f_mi,4
207,171,128,218,680,338,342,0,1,3,p_1.30.24_LL3f_mi,4
208,163,139,214,689,349,340,0,1,3,p_1.30.24_LL3f_mi,4
209,182,136,221,674,349,325,0,1,3,p_1.30.24_LL3f_mi,4
210,179,142,231,640,324,316,0,1,3,p_1.30.24_LL3f_mi,4
211,172,131,225,664,346,318,0,1,3,p_1.30.24_LL3f_mi,4
212,170,131,220,682,357,325,0,1,3,p_1.30.24_LL3f_mi,4
213,166,134,214,689,356,333,0,1,3,p_1.30.24_LL3f_mi,4
214,174,130,223,664,332,332,0,1,3,p_1.30.24_LL3f_mi,4
215,180,136,229,647,314,333,0,1,3,p_1.30.24_LL3f_mi,4
216,177,142,220,681,339,342,0,1,3,p_1.30.24_LL3f_mi,4
217,168,135,218,680,340,340,0,1,3,p_1.30.24_LL3f_mi,4
218,175,137,221,671,313,358,0,1,3,p_1.30.24_LL3f_mi,4
219,177,138,224,667,305,362,0,1,3,p_1.30.24_LL3f_mi,4
220,172,135,222,670,314,356,0,1,3,p_1.30.24_LL3f_mi,4
221,176,142,228,643,301,342,0,1,3,p_1.30.24_LL3f_mi,4
222,180,138,230,648,321,327,0,1,3,p_1.30.24_LL3f_mi,4
223,171,136,219,677,323,354,0,1,3,p_1.30.24_LL3f_mi,4
224,170,135,225,660,329,331,0,1,3,p_1.30.24_LL3f_mi,4
225,172,136,225,655,319,336,0,1,3,p_1.30.24_LL3f_mi,4
226,148,124,200,727,361,366,0,1,3,p_1.30.24_LL3f_mi,4
227,174,137,228,652,308,344,0,1,3,p_1.30.24_LL3f_mi,4
228,172,136,226,660,327,333,0,1,3,p_1.30.24_LL3f_mi,4
229,168,131,218,674,321,353,0,1,3,p_1.30.24_LL3f_mi,4
230,160,130,216,684,318,366,0,1,3,p_1.30.24_LL3f_mi,4
231,175,139,228,658,320,338,0,1,3,p_1.30.24_LL3f_mi,4
232,178,143,226,665,328,337,0,1,3,p_1.30.24_LL3f_mi,4
233,171,128,219,684,328,356,0,1,3,p_1.30.24_LL3f_mi,4
234,174,135,221,675,330,345,0,1,3,p_1.30.24_LL3f_mi,4
235,178,145,227,652,321,331,0,1,3,p_1.30.24_LL3f_mi,4
236,176,133,227,652,321,331,0,1,3,p_1.30.24_LL3f_mi,4
237,177,132,218,681,346,335,0,1,3,p_1.30.24_LL3f_mi,4
238,169,137,217,679,336,343,0,1,3,p_1.30.24_LL3f_mi,4
239,164,130,214,686,327,359,0,1,3,p_1.30.24_LL3f_mi,4
240,173,130,224,663,319,344,0,1,3,p_1.30.24_LL3f_mi,4
241,176,132,229,647,299,348,0,1,3,p_1.30.24_LL3f_mi,4
242,175,142,222,671,317,354,0,1,3,p_1.30.24_LL3f_mi,4
243,180,136,228,656,316,340,0,1,3,p_1.30.24_LL3f_mi,4
244,177,138,227,653,304,349,0,1,3,p_1.30.24_LL3f_mi,4
245,180,146,231,647,303,344,0,1,3,p_1.30.24_LL3f_mi,4
246,174,138,217,678,320,358,0,1,3,p_1.30.24_LL3f_mi,4
247,171,138,217,686,315,371,0,1,3,p_1.30.24_LL3f_mi,4
248,170,140,217,682,327,355,0,1,3,p_1.30.24_LL3f_mi,4
249,167,126,222,666,342,324,0,1,3,p_1.30.24_LL3f_mi,4
250,173,134,226,654,347,307,0,1,3,p_1.30.24_LL3f_mi,4
251,174,134,214,694,363,331,0,1,3,p_1.30.24_LL3f_mi,4
252,176,133,223,660,333,327,0,1,3,p_1.30.24_LL3f_mi,4
253,182,152,230,647,318,329,0,1,3,p_1.30.24_LL3f_mi,4
254,186,142,231,646,312,334,0,1,3,p_1.30.24_LL3f_mi,4
255,177,138,228,650,314,336,0,1,3,p_1.30.24_LL3f_mi,4
256,169,130,220,677,338,339,0,1,3,p_1.30.24_LL3f_mi,4
257,171,142,216,691,340,351,0,1,3,p_1.30.24_LL3f_mi,4
258,176,134,221,673,335,338,0,1,3,p_1.30.24_LL3f_mi,4
259,175,142,222,668,329,339,0,1,3,p_1.30.24_LL3f_mi,4
260,170,127,218,681,338,343,0,1,3,p_1.30.24_LL3f_mi,4
261,168,129,222,666,330,336,0,1,3,p_1.30.24_LL3f_mi,4
262,171,138,221,678,318,360,0,1,3,p_1.30.24_LL3f_mi,4
263,176,139,226,655,289,366,0,1,3,p_1.30.24_LL3f_mi,4
264,180,140,228,655,303,352,0,1,3,p_1.30.24_LL3f_mi,4
265,174,141,232,638,296,342,0,1,3,p_1.30.24_LL3f_mi,4
266,171,142,227,657,299,358,0,1,3,p_1.30.24_LL3f_mi,4
267,167,134,219,679,307,372,0,1,3,p_1.30.24_LL3f_mi,4
268,177,129,233,636,323,313,0,1,3,p_1.30.24_LL3f_mi,4
269,175,142,227,648,322,326,0,1,3,p_1.30.24_LL3f_mi,4
270,174,138,224,660,310,350,0,1,3,p_1.30.24_LL3f_mi,4
271,169,133,225,664,327,337,0,1,3,p_1.30.24_LL3f_mi,4
272,171,145,218,683,333,350,0,1,3,p_1.30.24_LL3f_mi,4
273,173,140,227,654,324,330,0,1,3,p_1.30.24_LL3f_mi,4
274,174,139,224,661,315,346,0,1,3,p_1.30.24_LL3f_mi,4
275,178,145,235,625,297,328,0,1,3,p_1.30.24_LL3f_mi,4
276,163,129,210,703,343,360,0,1,3,p_1.30.24_LL3f_mi,4
277,181,143,225,667,308,359,0,1,3,p_1.30.24_LL3f_mi,4
278,184,145,227,656,320,336,0,1,3,p_1.30.24_LL3f_mi,4
279,182,138,232,636,329,307,0,1,3,p_1.30.24_LL3f_mi,4
280,166,129,214,696,350,346,0,1,3,p_1.30.24_LL3f_mi,4
281,170,134,224,666,313,353,0,1,3,p_1.30.24_LL3f_mi,4
282,175,144,223,663,304,359,0,1,3,p_1.30.24_LL3f_mi,4
283,175,133,227,655,317,338,0,1,3,p_1.30.24_LL3f_mi,4
284,170,133,225,659,312,347,0,1,3,p_1.30.24_LL3f_mi,4
285,176,143,223,668,310,358,0,1,3,p_1.30.24_LL3f_mi,4
286,181,138,229,646,300,346,0,1,3,p_1.30.24_LL3f_mi,4
287,170,135,220,673,321,352,0,1,3,p_1.30.24_LL3f_mi,4
288,170,132,218,682,336,346,0,1,3,p_1.30.24_LL3f_mi,4
289,173,138,220,674,339,335,0,1,3,p_1.30.24_LL3f_mi,4
290,170,132,224,666,327,339,0,1,3,p_1.30.24_LL3f_mi,4
291,190,141,236,624,313,311,0,1,3,p_1.30.24_LL3f_mi,4
292,163,126,214,689,354,335,0,1,3,p_1.30.24_LL3f_mi,4
293,170,145,222,671,324,347,0,1,3,p_1.30.24_LL3f_mi,4
294,175,139,222,670,319,351,0,1,3,p_1.30.24_LL3f_mi,4
295,188,145,238,625,307,318,0,1,3,p_1.30.24_LL3f_mi,4
296,174,129,228,652,320,332,0,1,3,p_1.30.24_LL3f_mi,4
297,176,142,224,667,327,340,0,1,3,p_1.30.24_LL3f_mi,4
298,164,127,218,682,344,338,0,1,3,p_1.30.24_LL3f_mi,4
299,171,134,224,659,342,317,0,1,3,p_1.30.24_LL3f_mi,4
300,180,141,229,652,344,308,0,1,3,p_1.30.24_LL3f_mi,4
301,157,130,204,714,366,348,0,1,3,p_1.30.24_LL3f_mi,4
302,182,142,224,664,333,331,0,1,3,p_1.30.24_LL3f_mi,4
303,189,144,228,651,318,333,0,1,3,p_1.30.24_LL3f_mi,4
304,181,139,228,657,331,326,0,1,3,p_1.30.24_LL3f_mi,4
305,171,126,226,660,327,333,0,1,3,p_1.30.24_LL3f_mi,4
306,167,128,216,683,356,327,0,1,3,p_1.30.24_LL3f_mi,4
307,179,136,224,661,335,326,0,1,3,p_1.30.24_LL3f_mi,4
308,179,144,232,640,314,326,0,1,3,p_1.30.24_LL3f_mi,4
309,182,144,235,629,283,346,0,1,3,p_1.30.24_LL3f_mi,4
310,178,135,227,648,306,342,0,1,3,p_1.30.24_LL3f_mi,4
311,174,128,226,654,322,332,0,1,3,p_1.30.24_LL3f_mi,4
312,170,136,219,674,326,348,0,1,3,p_1.30.24_LL3f_mi,4
313,174,134,224,665,328,337,0,1,3,p_1.30.24_LL3f_mi,4
314,176,137,225,661,346,315,0,1,3,p_1.30.24_LL3f_mi,4
315,175,136,226,662,342,320,0,1,3,p_1.30.24_LL3f_mi,4
316,179,141,221,672,336,336,0,1,3,p_1.30.24_LL3f_mi,4
317,175,138,226,662,336,326,0,1,3,p_1.30.24_LL3f_mi,4
318,172,131,221,672,334,338,0,1,3,p_1.30.24_LL3f_mi,4
319,175,133,223,664,331,333,0,1,3,p_1.30.24_LL3f_mi,4
320,170,128,224,662,317,345,0,1,3,p_1.30.24_LL3f_mi,4
321,180,128,232,645,326,319,0,1,3,p_1.30.24_LL3f_mi,4
322,178,139,220,682,345,337,0,1,3,p_1.30.24_LL3f_mi,4
323,169,135,216,687,344,343,0,1,3,p_1.30.24_LL3f_mi,4
324,172,141,220,676,330,346,0,1,3,p_1.30.24_LL3f_mi,4
325,176,144,230,645,313,332,0,1,3,p_1.30.24_LL3f_mi,4
326,163,129,211,707,350,357,0,1,3,p_1.30.24_LL3f_mi,4
327,170,129,218,681,333,348,0,1,3,p_1.30.24_LL3f_mi,4
328,178,138,226,644,310,334,0,1,3,p_1.30.24_LL3f_mi,4
329,167,133,220,684,328,356,0,1,3,p_1.30.24_LL3f_mi,4
330,179,141,223,667,319,348,0,1,3,p_1.30.24_LL3f_mi,4
331,173,130,225,658,293,365,0,1,3,p_1.30.24_LL3f_mi,4
332,179,144,230,652,309,343,0,1,3,p_1.30.24_LL3f_mi,4
333,172,135,225,664,303,361,0,1,3,p_1.30.24_LL3f_mi,4
334,176,143,226,659,306,353,0,1,3,p_1.30.24_LL3f_mi,4
335,178,137,228,653,309,344,0,1,3,p_1.30.24_LL3f_mi,4
336,177,143,228,649,305,344,0,1,3,p_1.30.24_LL3f_mi,4
337,171,136,227,653,307,346,0,1,3,p_1.30.24_LL3f_mi,4
338,170,131,220,675,311,364,0,1,3,p_1.30.24_LL3f_mi,4
339,162,126,215,686,314,372,0,1,3,p_1.30.24_LL3f_mi,4
340,178,130,232,642,324,318,0,1,3,p_1.30.24_LL3f_mi,4
341,180,142,226,661,340,321,0,1,3,p_1.30.24_LL3f_mi,4
342,166,128,217,684,349,335,0,1,3,p_1.30.24_LL3f_mi,4
343,176,133,226,654,324,330,0,1,3,p_1.30.24_LL3f_mi,4
344,180,138,229,647,314,333,0,1,3,p_1.30.24_LL3f_mi,4
345,168,130,221,669,326,343,0,1,3,p_1.30.24_LL3f_mi,4
346,171,134,223,672,331,341,0,1,3,p_1.30.24_LL3f_mi,4
347,175,138,227,657,310,347,0,1,3,p_1.30.24_LL3f_mi,4
348,179,128,229,660,317,343,0,1,3,p_1.30.24_LL3f_mi,4
349,162,129,213,686,330,356,0,1,3,p_1.30.24_LL3f_mi,4
350,163,130,211,698,339,359,0,1,3,p_1.30.24_LL3f_mi,4
1,4,4,5,618,291,327,0,1,4,p_1.30.24_LL3f_mi,4
2,91,83,116,868,420,448,0,1,4,p_1.30.24_LL3f_mi,4
3,148,129,185,756,363,393,0,1,4,p_1.30.24_LL3f_mi,4
4,151,129,191,745,357,388,0,1,4,p_1.30.24_LL3f_mi,4
5,176,138,227,651,318,333,0,1,4,p_1.30.24_LL3f_mi,4
6,176,137,230,640,314,326,0,1,4,p_1.30.24_LL3f_mi,4
7,183,141,230,649,333,316,0,1,4,p_1.30.24_LL3f_mi,4
8,181,140,228,652,336,316,0,1,4,p_1.30.24_LL3f_mi,4
9,175,135,224,663,358,305,0,1,4,p_1.30.24_LL3f_mi,4
10,166,137,214,690,366,324,0,1,4,p_1.30.24_LL3f_mi,4
11,187,134,233,636,321,315,0,1,4,p_1.30.24_LL3f_mi,4
12,176,139,228,661,344,317,0,1,4,p_1.30.24_LL3f_mi,4
13,179,137,225,671,344,327,0,1,4,p_1.30.24_LL3f_mi,4
14,177,136,229,654,350,304,0,1,4,p_1.30.24_LL3f_mi,4
15,175,134,220,680,363,317,0,1,4,p_1.30.24_LL3f_mi,4
16,177,138,223,669,370,299,0,1,4,p_1.30.24_LL3f_mi,4
17,180,132,228,659,356,303,0,1,4,p_1.30.24_LL3f_mi,4
18,180,137,230,645,343,302,0,1,4,p_1.30.24_LL3f_mi,4
19,171,132,217,674,359,315,0,1,4,p_1.30.24_LL3f_mi,4
20,176,133,231,639,320,319,0,1,4,p_1.30.24_LL3f_mi,4
21,176,136,226,662,334,328,0,1,4,p_1.30.24_LL3f_mi,4
22,182,145,233,634,303,331,0,1,4,p_1.30.24_LL3f_mi,4
23,173,139,221,671,322,349,0,1,4,p_1.30.24_LL3f_mi,4
24,178,144,224,668,329,339,0,1,4,p_1.30.24_LL3f_mi,4
25,172,134,221,669,335,334,0,1,4,p_1.30.24_LL3f_mi,4
26,155,133,198,730,357,373,0,1,4,p_1.30.24_LL3f_mi,4
27,178,135,238,616,307,309,0,1,4,p_1.30.24_LL3f_mi,4
28,188,137,232,639,323,316,0,1,4,p_1.30.24_LL3f_mi,4
29,180,146,221,673,337,336,0,1,4,p_1.30.24_LL3f_mi,4
30,167,127,218,675,329,346,0,1,4,p_1.30.24_LL3f_mi,4
31,175,134,221,671,318,353,0,1,4,p_1.30.24_LL3f_mi,4
32,168,129,216,684,340,344,0,1,4,p_1.30.24_LL3f_mi,4
33,181,146,230,647,325,322,0,1,4,p_1.30.24_LL3f_mi,4
34,168,135,224,662,319,343,0,1,4,p_1.30.24_LL3f_mi,4
35,170,128,217,685,343,342,0,1,4,p_1.30.24_LL3f_mi,4
36,179,132,224,671,335,336,0,1,4,p_1.30.24_LL3f_mi,4
37,167,127,220,679,343,336,0,1,4,p_1.30.24_LL3f_mi,4
38,169,135,221,672,318,354,0,1,4,p_1.30.24_LL3f_mi,4
39,170,131,224,664,323,341,0,1,4,p_1.30.24_LL3f_mi,4
40,178,133,227,657,331,326,0,1,4,p_1.30.24_LL3f_mi,4
41,181,145,226,662,332,330,0,1,4,p_1.30.24_LL3f_mi,4
42,169,132,224,670,346,324,0,1,4,p_1.30.24_LL3f_mi,4
43,162,134,216,684,363,321,0,1,4,p_1.30.24_LL3f_mi,4
44,175,131,222,675,345,330,0,1,4,p_1.30.24_LL3f_mi,4
45,170,137,216,685,338,347,0,1,4,p_1.30.24_LL3f_mi,4
46,172,126,226,657,309,348,0,1,4,p_1.30.24_LL3f_mi,4
47,178,136,230,651,305,346,0,1,4,p_1.30.24_LL3f_mi,4
48,171,132,222,677,331,346,0,1,4,p_1.30.24_LL3f_mi,4
49,171,138,223,665,335,330,0,1,4,p_1.30.24_LL3f_mi,4
50,171,139,220,678,341,337,0,1,4,p_1.30.24_LL3f_mi,4
51,157,128,204,719,347,372,0,1,4,p_1.30.24_LL3f_mi,4
52,171,133,217,678,337,341,0,1,4,p_1.30.24_LL3f_mi,4
53,180,129,226,659,326,333,0,1,4,p_1.30.24_LL3f_mi,4
54,171,138,221,672,331,341,0,1,4,p_1.30.24_LL3f_mi,4
55,176,138,223,671,322,349,0,1,4,p_1.30.24_LL3f_mi,4
56,168,129,217,680,327,353,0,1,4,p_1.30.24_LL3f_mi,4
57,177,143,224,663,341,322,0,1,4,p_1.30.24_LL3f_mi,4
58,171,129,223,671,344,327,0,1,4,p_1.30.24_LL3f_mi,4
59,175,142,226,658,327,331,0,1,4,p_1.30.24_LL3f_mi,4
60,185,139,230,640,332,308,0,1,4,p_1.30.24_LL3f_mi,4
61,176,132,223,667,347,320,0,1,4,p_1.30.24_LL3f_mi,4
62,179,127,227,656,358,298,0,1,4,p_1.30.24_LL3f_mi,4
63,178,131,221,680,363,317,0,1,4,p_1.30.24_LL3f_mi,4
64,174,133,220,679,367,312,0,1,4,p_1.30.24_LL3f_mi,4
65,180,142,227,658,351,307,0,1,4,p_1.30.24_LL3f_mi,4
66,176,134,221,670,338,332,0,1,4,p_1.30.24_LL3f_mi,4
67,176,139,229,653,328,325,0,1,4,p_1.30.24_LL3f_mi,4
68,163,127,220,673,331,342,0,1,4,p_1.30.24_LL3f_mi,4
69,172,137,218,680,333,347,0,1,4,p_1.30.24_LL3f_mi,4
70,175,128,226,665,327,338,0,1,4,p_1.30.24_LL3f_mi,4
71,183,136,231,640,322,318,0,1,4,p_1.30.24_LL3f_mi,4
72,183,148,226,664,329,335,0,1,4,p_1.30.24_LL3f_mi,4
73,171,140,223,661,323,338,0,1,4,p_1.30.24_LL3f_mi,4
74,178,133,229,646,325,321,0,1,4,p_1.30.24_LL3f_mi,4
75,173,140,222,671,347,324,0,1,4,p_1.30.24_LL3f_mi,4
76,158,130,209,715,363,352,0,1,4,p_1.30.24_LL3f_mi,4
77,173,129,224,664,328,336,0,1,4,p_1.30.24_LL3f_mi,4
78,173,135,228,647,318,329,0,1,4,p_1.30.24_LL3f_mi,4
79,172,134,218,680,338,342,0,1,4,p_1.30.24_LL3f_mi,4
80,167,138,219,675,343,332,0,1,4,p_1.30.24_LL3f_mi,4
81,175,140,224,660,320,340,0,1,4,p_1.30.24_LL3f_mi,4
82,168,135,221,679,327,352,0,1,4,p_1.30.24_LL3f_mi,4
83,180,146,227,653,305,348,0,1,4,p_1.30.24_LL3f_mi,4
84,180,138,225,660,320,340,0,1,4,p_1.30.24_LL3f_mi,4
85,168,128,223,668,337,331,0,1,4,p_1.30.24_LL3f_mi,4
86,169,131,219,674,337,337,0,1,4,p_1.30.24_LL3f_mi,4
87,172,139,222,664,335,329,0,1,4,p_1.30.24_LL3f_mi,4
88,166,129,222,672,332,340,0,1,4,p_1.30.24_LL3f_mi,4
89,178,137,222,665,308,357,0,1,4,p_1.30.24_LL3f_mi,4
90,174,140,221,675,313,362,0,1,4,p_1.30.24_LL3f_mi,4
91,173,134,221,670,317,353,0,1,4,p_1.30.24_LL3f_mi,4
92,166,130,219,678,330,348,0,1,4,p_1.30.24_LL3f_mi,4
93,169,137,219,683,334,349,0,1,4,p_1.30.24_LL3f_mi,4
94,177,136,222,668,328,340,0,1,4,p_1.30.24_LL3f_mi,4
95,167,134,217,683,329,354,0,1,4,p_1.30.24_LL3f_mi,4
96,182,136,228,652,316,336,0,1,4,p_1.30.24_LL3f_mi,4
97,162,127,212,696,348,348,0,1,4,p_1.30.24_LL3f_mi,4
98,174,133,222,665,329,336,0,1,4,p_1.30.24_LL3f_mi,4
99,179,142,229,645,339,306,0,1,4,p_1.30.24_LL3f_mi,4
100,159,119,193,664,358,306,0,1,4,p_1.30.24_LL3f_mi,4
101,110,92,140,684,365,319,0,1,4,p_1.30.24_LL3f_mi,4
102,131,105,167,553,302,251,0,1,4,p_1.30.24_LL3f_mi,4
103,122,91,156,498,255,243,0,1,4,p_1.30.24_LL3f_mi,4
104,114,87,144,437,216,221,0,1,4,p_1.30.24_LL3f_mi,4
105,87,72,110,435,214,221,0,1,4,p_1.30.24_LL3f_mi,4
106,66,60,86,407,202,205,0,1,4,p_1.30.24_LL3f_mi,4
107,59,44,75,350,179,171,0,1,4,p_1.30.24_LL3f_mi,4
108,47,36,60,298,164,134,0,1,4,p_1.30.24_LL3f_mi,4
109,36,30,45,244,134,110,0,1,4,p_1.30.24_LL3f_mi,4
110,26,23,31,215,110,105,0,1,4,p_1.30.24_LL3f_mi,4
111,34,27,39,170,87,83,0,1,4,p_1.30.24_LL3f_mi,4
112,28,26,35,132,71,61,0,1,4,p_1.30.24_LL3f_mi,4
113,26,21,34,119,64,55,0,1,4,p_1.30.24_LL3f_mi,4
114,26,22,35,109,60,49,0,1,4,p_1.30.24_LL3f_mi,4
115,25,19,33,112,66,46,0,1,4,p_1.30.24_LL3f_mi,4
116,29,24,35,108,57,51,0,1,4,p_1.30.24_LL3f_mi,4
117,27,23,35,108,54,54,0,1,4,p_1.30.24_LL3f_mi,4
118,27,23,35,107,46,61,0,1,4,p_1.30.24_LL3f_mi,4
119,29,23,36,112,44,68,0,1,4,p_1.30.24_LL3f_mi,4
120,24,19,32,105,42,63,0,1,4,p_1.30.24_LL3f_mi,4
121,27,22,34,101,45,56,0,1,4,p_1.30.24_LL3f_mi,4
122,24,19,32,98,48,50,0,1,4,p_1.30.24_LL3f_mi,4
123,27,20,33,93,43,50,0,1,4,p_1.30.24_LL3f_mi,4
124,26,22,34,97,42,55,0,1,4,p_1.30.24_LL3f_mi,4
125,24,16,37,121,58,63,21,1,4,p_1.30.24_LL3f_mi,4
126,29,23,37,115,51,64,7,1,4,p_1.30.24_LL3f_mi,4
127,27,20,33,103,48,55,3,1,4,p_1.30.24_LL3f_mi,4
128,27,23,34,104,50,54,1,1,4,p_1.30.24_LL3f_mi,4
129,27,22,33,99,44,55,1,1,4,p_1.30.24_LL3f_mi,4
130,25,19,32,97,47,50,0,1,4,p_1.30.24_LL3f_mi,4
131,23,22,32,103,56,47,0,1,4,p_1.30.24_LL3f_mi,4
132,26,20,32,98,58,40,0,1,4,p_1.30.24_LL3f_mi,4
133,27,17,34,102,58,44,0,1,4,p_1.30.24_LL3f_mi,4
134,27,20,34,100,58,42,0,1,4,p_1.30.24_LL3f_mi,4
135,25,19,32,97,49,48,0,1,4,p_1.30.24_LL3f_mi,4
136,23,20,31,86,41,45,0,1,4,p_1.30.24_LL3f_mi,4
137,24,17,29,87,43,44,0,1,4,p_1.30.24_LL3f_mi,4
138,22,18,31,86,41,45,0,1,4,p_1.30.24_LL3f_mi,4
139,24,20,33,97,47,50,0,1,4,p_1.30.24_LL3f_mi,4
140,26,23,37,117,54,63,18,1,4,p_1.30.24_LL3f_mi,4
141,27,22,35,120,49,71,10,1,4,p_1.30.24_LL3f_mi,4
142,28,24,36,120,50,70,5,1,4,p_1.30.24_LL3f_mi,4
143,28,22,37,134,59,75,3,1,4,p_1.30.24_LL3f_mi,4
144,27,20,36,116,58,58,2,1,4,p_1.30.24_LL3f_mi,4
145,27,20,35,103,58,45,1,1,4,p_1.30.24_LL3f_mi,4
146,26,19,33,102,57,45,0,1,4,p_1.30.24_LL3f_mi,4
147,29,21,36,105,60,45,0,1,4,p_1.30.24_LL3f_mi,4
148,25,23,34,104,51,53,0,1,4,p_1.30.24_LL3f_mi,4
149,26,20,33,101,54,47,0,1,4,p_1.30.24_LL3f_mi,4
150,26,20,32,101,57,44,0,1,4,p_1.30.24_LL3f_mi,4
151,56,35,80,113,60,53,0,1,4,p_1.30.24_LL3f_mi,4
152,67,41,99,155,75,80,0,1,4,p_1.30.24_LL3f_mi,4
153,85,60,124,205,100,105,0,1,4,p_1.30.24_LL3f_mi,4
154,108,74,141,254,128,126,0,1,4,p_1.30.24_LL3f_mi,4
155,124,93,161,339,170,169,19,1,4,p_1.30.24_LL3f_mi,4
156,141,96,175,412,211,201,8,1,4,p_1.30.24_LL3f_mi,4
157,148,104,194,442,226,216,5,1,4,p_1.30.24_LL3f_mi,4
158,167,124,212,486,252,234,1,1,4,p_1.30.24_LL3f_mi,4
159,175,123,227,537,268,269,0,1,4,p_1.30.24_LL3f_mi,4
160,196,145,241,595,301,294,0,1,4,p_1.30.24_LL3f_mi,4
161,176,131,225,658,345,313,0,1,4,p_1.30.24_LL3f_mi,4
162,167,135,219,678,354,324,0,1,4,p_1.30.24_LL3f_mi,4
163,170,133,220,675,340,335,0,1,4,p_1.30.24_LL3f_mi,4
164,173,137,220,676,327,349,0,1,4,p_1.30.24_LL3f_mi,4
165,188,134,236,631,294,337,0,1,4,p_1.30.24_LL3f_mi,4
166,176,137,222,666,319,347,0,1,4,p_1.30.24_LL3f_mi,4
167,172,137,222,671,325,346,0,1,4,p_1.30.24_LL3f_mi,4
168,177,133,226,668,351,317,0,1,4,p_1.30.24_LL3f_mi,4
169,164,133,214,696,366,330,0,1,4,p_1.30.24_LL3f_mi,4
170,162,128,210,699,369,330,19,1,4,p_1.30.24_LL3f_mi,4
171,182,134,225,667,337,330,9,1,4,p_1.30.24_LL3f_mi,4
172,171,144,221,678,345,333,6,1,4,p_1.30.24_LL3f_mi,4
173,171,134,219,677,344,333,4,1,4,p_1.30.24_LL3f_mi,4
174,162,128,218,674,350,324,1,1,4,p_1.30.24_LL3f_mi,4
175,179,130,223,666,337,329,1,1,4,p_1.30.24_LL3f_mi,4
176,163,132,215,694,349,345,1,1,4,p_1.30.24_LL3f_mi,4
177,180,129,229,655,332,323,0,1,4,p_1.30.24_LL3f_mi,4
178,175,130,227,654,333,321,0,1,4,p_1.30.24_LL3f_mi,4
179,181,136,229,653,326,327,0,1,4,p_1.30.24_LL3f_mi,4
180,180,149,230,647,325,322,0,1,4,p_1.30.24_LL3f_mi,4
181,172,142,224,668,325,343,0,1,4,p_1.30.24_LL3f_mi,4
182,172,139,229,646,312,334,0,1,4,p_1.30.24_LL3f_mi,4
183,167,140,220,684,338,346,0,1,4,p_1.30.24_LL3f_mi,4
184,182,141,226,661,352,309,0,1,4,p_1.30.24_LL3f_mi,4
185,171,133,219,681,364,317,0,1,4,p_1.30.24_LL3f_mi,4
186,170,146,221,674,332,342,0,1,4,p_1.30.24_LL3f_mi,4
187,171,135,215,691,338,353,0,1,4,p_1.30.24_LL3f_mi,4
188,168,131,211,697,348,349,0,1,4,p_1.30.24_LL3f_mi,4
189,171,134,218,684,327,357,0,1,4,p_1.30.24_LL3f_mi,4
190,174,134,225,662,313,349,0,1,4,p_1.30.24_LL3f_mi,4
191,170,135,222,665,315,350,0,1,4,p_1.30.24_LL3f_mi,4
192,176,131,226,658,316,342,0,1,4,p_1.30.24_LL3f_mi,4
193,173,135,227,655,324,331,0,1,4,p_1.30.24_LL3f_mi,4
194,167,136,220,681,331,350,0,1,4,p_1.30.24_LL3f_mi,4
195,173,139,217,686,330,356,0,1,4,p_1.30.24_LL3f_mi,4
196,175,136,230,642,301,341,0,1,4,p_1.30.24_LL3f_mi,4
197,170,133,223,664,331,333,0,1,4,p_1.30.24_LL3f_mi,4
198,173,132,232,643,313,330,0,1,4,p_1.30.24_LL3f_mi,4
199,177,140,226,657,313,344,0,1,4,p_1.30.24_LL3f_mi,4
200,163,128,217,689,327,362,0,1,4,p_1.30.24_LL3f_mi,4
201,162,138,208,710,346,364,0,1,4,p_1.30.24_LL3f_mi,4
202,178,136,228,653,327,326,0,1,4,p_1.30.24_LL3f_mi,4
203,182,148,230,639,327,312,0,1,4,p_1.30.24_LL3f_mi,4
204,181,135,225,664,333,331,0,1,4,p_1.30.24_LL3f_mi,4
205,172,138,222,669,333,336,0,1,4,p_1.30.24_LL3f_mi,4
206,174,130,222,671,335,336,0,1,4,p_1.30.24_LL3f_mi,4
207,175,138,224,659,319,340,0,1,4,p_1.30.24_LL3f_mi,4
208,176,135,230,650,308,342,0,1,4,p_1.30.24_LL3f_mi,4
209,183,146,228,651,317,334,0,1,4,p_1.30.24_LL3f_mi,4
210,176,133,226,661,335,326,0,1,4,p_1.30.24_LL3f_mi,4
211,174,137,221,681,337,344,0,1,4,p_1.30.24_LL3f_mi,4
212,178,137,223,665,343,322,0,1,4,p_1.30.24_LL3f_mi,4
213,179,139,231,643,309,334,0,1,4,p_1.30.24_LL3f_mi,4
214,174,144,228,650,305,345,0,1,4,p_1.30.24_LL3f_mi,4
215,164,132,216,683,328,355,0,1,4,p_1.30.24_LL3f_mi,4
216,165,126,220,676,319,357,0,1,4,p_1.30.24_LL3f_mi,4
217,175,138,229,647,319,328,0,1,4,p_1.30.24_LL3f_mi,4
218,174,126,227,655,323,332,0,1,4,p_1.30.24_LL3f_mi,4
219,172,128,225,663,322,341,0,1,4,p_1.30.24_LL3f_mi,4
220,163,132,209,706,349,357,0,1,4,p_1.30.24_LL3f_mi,4
221,184,141,226,659,317,342,0,1,4,p_1.30.24_LL3f_mi,4
222,174,137,223,666,334,332,0,1,4,p_1.30.24_LL3f_mi,4
223,171,130,227,656,334,322,0,1,4,p_1.30.24_LL3f_mi,4
224,174,133,222,670,352,318,0,1,4,p_1.30.24_LL3f_mi,4
225,167,121,219,677,378,299,0,1,4,p_1.30.24_LL3f_mi,4
226,171,135,211,699,376,323,0,1,4,p_1.30.24_LL3f_mi,4
227,171,128,225,658,340,318,0,1,4,p_1.30.24_LL3f_mi,4
228,177,138,222,673,348,325,0,1,4,p_1.30.24_LL3f_mi,4
229,179,136,232,646,321,325,0,1,4,p_1.30.24_LL3f_mi,4
230,182,140,221,672,344,328,0,1,4,p_1.30.24_LL3f_mi,4
231,174,130,229,652,340,312,0,1,4,p_1.30.24_LL3f_mi,4
232,174,139,226,661,328,333,0,1,4,p_1.30.24_LL3f_mi,4
233,168,139,217,680,338,342,0,1,4,p_1.30.24_LL3f_mi,4
234,177,137,224,668,321,347,0,1,4,p_1.30.24_LL3f_mi,4
235,167,128,226,667,317,350,0,1,4,p_1.30.24_LL3f_mi,4
236,169,135,219,678,325,353,0,1,4,p_1.30.24_LL3f_mi,4
237,167,134,216,684,335,349,0,1,4,p_1.30.24_LL3f_mi,4
238,177,141,227,655,320,335,0,1,4,p_1.30.24_LL3f_mi,4
239,188,147,235,637,321,316,0,1,4,p_1.30.24_LL3f_mi,4
240,176,133,222,669,334,335,0,1,4,p_1.30.24_LL3f_mi,4
241,184,141,223,669,340,329,0,1,4,p_1.30.24_LL3f_mi,4
242,179,141,224,670,338,332,0,1,4,p_1.30.24_LL3f_mi,4
243,173,126,227,655,318,337,0,1,4,p_1.30.24_LL3f_mi,4
244,159,133,207,707,334,373,0,1,4,p_1.30.24_LL3f_mi,4
245,170,132,220,679,317,362,0,1,4,p_1.30.24_LL3f_mi,4
246,179,142,225,659,306,353,0,1,4,p_1.30.24_LL3f_mi,4
247,181,142,228,649,327,322,0,1,4,p_1.30.24_LL3f_mi,4
248,177,135,229,649,325,324,0,1,4,p_1.30.24_LL3f_mi,4
249,166,126,214,691,355,336,0,1,4,p_1.30.24_LL3f_mi,4
250,170,134,222,665,341,324,0,1,4,p_1.30.24_LL3f_mi,4
251,159,123,206,712,372,340,0,1,4,p_1.30.24_LL3f_mi,4
252,169,134,221,667,364,303,0,1,4,p_1.30.24_LL3f_mi,4
253,183,143,232,639,327,312,0,1,4,p_1.30.24_LL3f_mi,4
254,173,132,224,657,325,332,0,1,4,p_1.30.24_LL3f_mi,4
255,171,123,221,670,338,332,0,1,4,p_1.30.24_LL3f_mi,4
256,165,129,216,694,360,334,0,1,4,p_1.30.24_LL3f_mi,4
257,167,130,220,678,329,349,0,1,4,p_1.30.24_LL3f_mi,4
258,173,140,220,673,330,343,0,1,4,p_1.30.24_LL3f_mi,4
259,173,140,229,648,305,343,0,1,4,p_1.30.24_LL3f_mi,4
260,176,138,224,667,324,343,0,1,4,p_1.30.24_LL3f_mi,4
261,176,141,226,657,326,331,0,1,4,p_1.30.24_LL3f_mi,4
262,176,133,228,655,355,300,0,1,4,p_1.30.24_LL3f_mi,4
263,166,132,217,686,350,336,0,1,4,p_1.30.24_LL3f_mi,4
264,182,148,227,655,323,332,0,1,4,p_1.30.24_LL3f_mi,4
265,175,134,228,659,326,333,0,1,4,p_1.30.24_LL3f_mi,4
266,166,132,220,674,313,361,0,1,4,p_1.30.24_LL3f_mi,4
267,177,144,226,659,310,349,0,1,4,p_1.30.24_LL3f_mi,4
268,176,132,232,640,318,322,0,1,4,p_1.30.24_LL3f_mi,4
269,164,132,216,683,338,345,0,1,4,p_1.30.24_LL3f_mi,4
270,177,138,225,663,322,341,0,1,4,p_1.30.24_LL3f_mi,4
271,173,140,222,665,314,351,0,1,4,p_1.30.24_LL3f_mi,4
272,169,134,225,657,319,338,0,1,4,p_1.30.24_LL3f_mi,4
273,179,140,227,661,326,335,0,1,4,p_1.30.24_LL3f_mi,4
274,174,140,220,671,332,339,0,1,4,p_1.30.24_LL3f_mi,4
275,172,139,222,673,338,335,0,1,4,p_1.30.24_LL3f_mi,4
276,163,133,206,713,363,350,0,1,4,p_1.30.24_LL3f_mi,4
277,169,129,225,654,338,316,0,1,4,p_1.30.24_LL3f_mi,4
278,171,127,221,672,353,319,0,1,4,p_1.30.24_LL3f_mi,4
279,174,130,226,651,343,308,0,1,4,p_1.30.24_LL3f_mi,4
280,168,121,214,692,358,334,0,1,4,p_1.30.24_LL3f_mi,4
281,168,131,216,681,333,348,0,1,4,p_1.30.24_LL3f_mi,4
282,166,138,222,668,318,350,0,1,4,p_1.30.24_LL3f_mi,4
283,169,139,220,677,313,364,0,1,4,p_1.30.24_LL3f_mi,4
284,177,137,225,661,305,356,0,1,4,p_1.30.24_LL3f_mi,4
285,165,131,221,669,316,353,0,1,4,p_1.30.24_LL3f_mi,4
286,176,132,229,647,313,334,0,1,4,p_1.30.24_LL3f_mi,4
287,172,138,221,668,326,342,0,1,4,p_1.30.24_LL3f_mi,4
288,177,141,225,665,337,328,0,1,4,p_1.30.24_LL3f_mi,4
289,182,137,232,643,323,320,0,1,4,p_1.30.24_LL3f_mi,4
290,173,139,220,674,349,325,0,1,4,p_1.30.24_LL3f_mi,4
291,177,139,230,644,339,305,0,1,4,p_1.30.24_LL3f_mi,4
292,184,140,229,653,365,288,0,1,4,p_1.30.24_LL3f_mi,4
293,173,142,222,673,351,322,0,1,4,p_1.30.24_LL3f_mi,4
294,180,145,222,668,322,346,0,1,4,p_1.30.24_LL3f_mi,4
295,172,134,227,651,313,338,0,1,4,p_1.30.24_LL3f_mi,4
296,176,140,231,650,326,324,0,1,4,p_1.30.24_LL3f_mi,4
297,174,134,225,658,334,324,0,1,4,p_1.30.24_LL3f_mi,4
298,175,136,216,688,361,327,0,1,4,p_1.30.24_LL3f_mi,4
299,173,127,221,675,343,332,0,1,4,p_1.30.24_LL3f_mi,4
300,174,140,218,683,347,336,0,1,4,p_1.30.24_LL3f_mi,4
301,161,128,207,712,342,370,0,1,4,p_1.30.24_LL3f_mi,4
302,175,135,220,674,331,343,0,1,4,p_1.30.24_LL3f_mi,4
303,175,135,224,666,337,329,0,1,4,p_1.30.24_LL3f_mi,4
304,180,140,228,659,324,335,0,1,4,p_1.30.24_LL3f_mi,4
305,185,150,235,628,310,318,0,1,4,p_1.30.24_LL3f_mi,4
306,180,135,232,644,314,330,0,1,4,p_1.30.24_LL3f_mi,4
307,177,140,226,658,330,328,0,1,4,p_1.30.24_LL3f_mi,4
308,175,147,223,668,329,339,0,1,4,p_1.30.24_LL3f_mi,4
309,173,132,224,661,333,328,0,1,4,p_1.30.24_LL3f_mi,4
310,171,135,225,658,310,348,0,1,4,p_1.30.24_LL3f_mi,4
311,176,144,225,663,318,345,0,1,4,p_1.30.24_LL3f_mi,4
312,174,140,218,681,321,360,0,1,4,p_1.30.24_LL3f_mi,4
313,180,143,223,671,315,356,0,1,4,p_1.30.24_LL3f_mi,4
314,172,136,218,685,338,347,0,1,4,p_1.30.24_LL3f_mi,4
315,179,146,221,673,323,350,0,1,4,p_1.30.24_LL3f_mi,4
316,172,139,222,669,324,345,0,1,4,p_1.30.24_LL3f_mi,4
317,176,140,225,665,316,349,0,1,4,p_1.30.24_LL3f_mi,4
318,179,126,231,653,327,326,0,1,4,p_1.30.24_LL3f_mi,4
319,170,135,223,668,328,340,0,1,4,p_1.30.24_LL3f_mi,4
320,174,137,219,677,345,332,0,1,4,p_1.30.24_LL3f_mi,4
321,172,136,226,655,315,340,0,1,4,p_1.30.24_LL3f_mi,4
322,167,133,223,661,310,351,0,1,4,p_1.30.24_LL3f_mi,4
323,168,137,221,672,320,352,0,1,4,p_1.30.24_LL3f_mi,4
324,168,131,219,677,336,341,0,1,4,p_1.30.24_LL3f_mi,4
325,178,131,224,664,335,329,0,1,4,p_1.30.24_LL3f_mi,4
326,165,140,213,701,364,337,0,1,4,p_1.30.24_LL3f_mi,4
327,166,134,213,688,360,328,0,1,4,p_1.30.24_LL3f_mi,4
328,175,140,222,666,344,322,0,1,4,p_1.30.24_LL3f_mi,4
329,178,142,231,643,308,335,0,1,4,p_1.30.24_LL3f_mi,4
330,178,137,224,663,317,346,0,1,4,p_1.30.24_LL3f_mi,4
331,172,133,221,667,314,353,0,1,4,p_1.30.24_LL3f_mi,4
332,172,139,225,659,309,350,0,1,4,p_1.30.24_LL3f_mi,4
333,170,134,221,670,327,343,0,1,4,p_1.30.24_LL3f_mi,4
334,179,133,229,651,322,329,0,1,4,p_1.30.24_LL3f_mi,4
335,170,125,226,658,343,315,0,1,4,p_1.30.24_LL3f_mi,4
336,178,140,225,664,339,325,0,1,4,p_1.30.24_LL3f_mi,4
337,180,140,228,653,339,314,0,1,4,p_1.30.24_LL3f_mi,4
338,168,128,221,671,368,303,0,1,4,p_1.30.24_LL3f_mi,4
339,172,131,216,688,378,310,0,1,4,p_1.30.24_LL3f_mi,4
340,164,127,216,688,373,315,0,1,4,p_1.30.24_LL3f_mi,4
341,176,129,227,654,328,326,0,1,4,p_1.30.24_LL3f_mi,4
342,177,136,222,673,326,347,0,1,4,p_1.30.24_LL3f_mi,4
343,177,145,230,655,309,346,0,1,4,p_1.30.24_LL3f_mi,4
344,175,146,225,657,331,326,0,1,4,p_1.30.24_LL3f_mi,4
345,176,139,224,661,317,344,0,1,4,p_1.30.24_LL3f_mi,4
346,176,141,226,661,321,340,0,1,4,p_1.30.24_LL3f_mi,4
347,174,145,226,651,317,334,0,1,4,p_1.30.24_LL3f_mi,4
348,170,134,218,681,330,351,0,1,4,p_1.30.24_LL3f_mi,4
349,172,126,226,653,324,329,0,1,4,p_1.30.24_LL3f_mi,4
350,182,144,227,662,333,329,0,1,4,p_1.30.24_LL3f_mi,4
1,0,0,0,627,296,331,0,1,5,p_1.30.24_LL3f_mi,4
2,90,80,121,859,410,449,0,1,5,p_1.30.24_LL3f_mi,4
3,138,114,176,779,390,389,0,1,5,p_1.30.24_LL3f_mi,4
4,164,132,212,699,346,353,0,1,5,p_1.30.24_LL3f_mi,4
5,178,132,227,656,330,326,0,1,5,p_1.30.24_LL3f_mi,4
6,183,133,237,621,318,303,0,1,5,p_1.30.24_LL3f_mi,4
7,179,144,224,665,346,319,0,1,5,p_1.30.24_LL3f_mi,4
8,157,125,204,714,377,337,0,1,5,p_1.30.24_LL3f_mi,4
9,169,127,224,672,359,313,0,1,5,p_1.30.24_LL3f_mi,4
10,178,137,224,669,341,328,0,1,5,p_1.30.24_LL3f_mi,4
11,166,128,221,676,343,333,0,1,5,p_1.30.24_LL3f_mi,4
12,175,134,218,684,331,353,0,1,5,p_1.30.24_LL3f_mi,4
13,175,135,222,675,332,343,0,1,5,p_1.30.24_LL3f_mi,4
14,170,129,226,660,333,327,0,1,5,p_1.30.24_LL3f_mi,4
15,171,141,223,664,316,348,0,1,5,p_1.30.24_LL3f_mi,4
16,174,138,225,663,310,353,0,1,5,p_1.30.24_LL3f_mi,4
17,178,139,227,651,317,334,0,1,5,p_1.30.24_LL3f_mi,4
18,175,130,224,664,335,329,0,1,5,p_1.30.24_LL3f_mi,4
19,166,130,217,689,353,336,0,1,5,p_1.30.24_LL3f_mi,4
20,180,143,218,679,345,334,0,1,5,p_1.30.24_LL3f_mi,4
21,170,132,226,663,331,332,0,1,5,p_1.30.24_LL3f_mi,4
22,166,132,214,690,336,354,0,1,5,p_1.30.24_LL3f_mi,4
23,178,137,224,663,309,354,0,1,5,p_1.30.24_LL3f_mi,4
24,170,135,222,666,313,353,0,1,5,p_1.30.24_LL3f_mi,4
25,182,140,230,651,307,344,0,1,5,p_1.30.24_LL3f_mi,4
26,163,124,207,713,355,358,0,1,5,p_1.30.24_LL3f_mi,4
27,170,129,219,683,341,342,0,1,5,p_1.30.24_LL3f_mi,4
28,178,134,235,629,319,310,0,1,5,p_1.30.24_LL3f_mi,4
29,176,133,225,657,327,330,0,1,5,p_1.30.24_LL3f_mi,4
30,173,137,216,685,341,344,0,1,5,p_1.30.24_LL3f_mi,4
31,173,137,228,652,331,321,0,1,5,p_1.30.24_LL3f_mi,4
32,171,138,216,683,363,320,0,1,5,p_1.30.24_LL3f_mi,4
33,179,134,232,643,351,292,0,1,5,p_1.30.24_LL3f_mi,4
34,170,129,222,670,349,321,0,1,5,p_1.30.24_LL3f_mi,4
35,172,142,215,686,343,343,0,1,5,p_1.30.24_LL3f_mi,4
36,176,142,230,655,311,344,0,1,5,p_1.30.24_LL3f_mi,4
37,175,139,227,656,313,343,0,1,5,p_1.30.24_LL3f_mi,4
38,180,143,226,653,327,326,0,1,5,p_1.30.24_LL3f_mi,4
39,175,128,229,655,335,320,0,1,5,p_1.30.24_LL3f_mi,4
40,171,138,216,683,347,336,0,1,5,p_1.30.24_LL3f_mi,4
41,165,124,216,692,360,332,0,1,5,p_1.30.24_LL3f_mi,4
42,165,134,220,674,343,331,0,1,5,p_1.30.24_LL3f_mi,4
43,183,134,225,663,327,336,0,1,5,p_1.30.24_LL3f_mi,4
44,185,143,234,635,304,331,0,1,5,p_1.30.24_LL3f_mi,4
45,173,137,225,664,324,340,0,1,5,p_1.30.24_LL3f_mi,4
46,178,136,231,648,307,341,0,1,5,p_1.30.24_LL3f_mi,4
47,176,140,226,660,303,357,0,1,5,p_1.30.24_LL3f_mi,4
48,171,128,222,671,313,358,0,1,5,p_1.30.24_LL3f_mi,4
49,175,134,220,681,318,363,0,1,5,p_1.30.24_LL3f_mi,4
50,176,140,224,666,334,332,0,1,5,p_1.30.24_LL3f_mi,4
51,157,129,200,735,377,358,0,1,5,p_1.30.24_LL3f_mi,4
52,170,137,220,673,345,328,0,1,5,p_1.30.24_LL3f_mi,4
53,176,135,227,660,326,334,0,1,5,p_1.30.24_LL3f_mi,4
54,180,137,228,653,307,346,0,1,5,p_1.30.24_LL3f_mi,4
55,167,135,222,673,307,366,0,1,5,p_1.30.24_LL3f_mi,4
56,177,138,221,672,328,344,0,1,5,p_1.30.24_LL3f_mi,4
57,175,135,225,655,316,339,0,1,5,p_1.30.24_LL3f_mi,4
58,184,142,229,655,314,341,0,1,5,p_1.30.24_LL3f_mi,4
59,163,130,212,698,347,351,0,1,5,p_1.30.24_LL3f_mi,4
60,169,132,219,678,343,335,0,1,5,p_1.30.24_LL3f_mi,4
61,177,138,221,675,336,339,0,1,5,p_1.30.24_LL3f_mi,4
62,184,149,229,656,314,342,0,1,5,p_1.30.24_LL3f_mi,4
63,169,133,219,681,353,328,0,1,5,p_1.30.24_LL3f_mi,4
64,169,128,215,695,359,336,0,1,5,p_1.30.24_LL3f_mi,4
65,177,136,226,656,332,324,0,1,5,p_1.30.24_LL3f_mi,4
66,180,140,233,628,318,310,0,1,5,p_1.30.24_LL3f_mi,4
67,176,136,229,652,304,348,0,1,5,p_1.30.24_LL3f_mi,4
68,173,132,222,670,314,356,0,1,5,p_1.30.24_LL3f_mi,4
69,170,126,223,661,312,349,0,1,5,p_1.30.24_LL3f_mi,4
70,173,136,223,666,306,360,0,1,5,p_1.30.24_LL3f_mi,4
71,171,139,221,674,316,358,0,1,5,p_1.30.24_LL3f_mi,4
72,178,142,224,655,307,348,0,1,5,p_1.30.24_LL3f_mi,4
73,181,142,227,657,316,341,0,1,5,p_1.30.24_LL3f_mi,4
74,169,131,227,655,313,342,0,1,5,p_1.30.24_LL3f_mi,4
75,169,138,226,655,306,349,0,1,5,p_1.30.24_LL3f_mi,4
76,158,135,205,711,335,376,0,1,5,p_1.30.24_LL3f_mi,4
77,172,132,225,653,329,324,0,1,5,p_1.30.24_LL3f_mi,4
78,175,130,222,668,329,339,0,1,5,p_1.30.24_LL3f_mi,4
79,174,134,226,657,319,338,0,1,5,p_1.30.24_LL3f_mi,4
80,164,134,216,682,336,346,0,1,5,p_1.30.24_LL3f_mi,4
81,173,128,225,655,335,320,0,1,5,p_1.30.24_LL3f_mi,4
82,164,131,212,699,362,337,0,1,5,p_1.30.24_LL3f_mi,4
83,172,129,217,686,347,339,0,1,5,p_1.30.24_LL3f_mi,4
84,180,138,229,650,327,323,0,1,5,p_1.30.24_LL3f_mi,4
85,179,140,230,646,316,330,0,1,5,p_1.30.24_LL3f_mi,4
86,180,135,226,656,311,345,0,1,5,p_1.30.24_LL3f_mi,4
87,173,135,227,657,308,349,0,1,5,p_1.30.24_LL3f_mi,4
88,173,138,223,673,319,354,0,1,5,p_1.30.24_LL3f_mi,4
89,167,132,222,672,333,339,0,1,5,p_1.30.24_LL3f_mi,4
90,167,137,213,689,345,344,0,1,5,p_1.30.24_LL3f_mi,4
91,171,134,218,682,346,336,0,1,5,p_1.30.24_LL3f_mi,4
92,175,132,226,657,318,339,0,1,5,p_1.30.24_LL3f_mi,4
93,176,148,225,668,320,348,0,1,5,p_1.30.24_LL3f_mi,4
94,172,138,219,679,328,351,0,1,5,p_1.30.24_LL3f_mi,4
95,175,135,219,680,328,352,0,1,5,p_1.30.24_LL3f_mi,4
96,171,135,222,668,329,339,0,1,5,p_1.30.24_LL3f_mi,4
97,177,137,225,657,310,347,0,1,5,p_1.30.24_LL3f_mi,4
98,171,134,224,658,323,335,0,1,5,p_1.30.24_LL3f_mi,4
99,182,143,227,655,318,337,0,1,5,p_1.30.24_LL3f_mi,4
100,147,118,193,659,341,318,0,1,5,p_1.30.24_LL3f_mi,4
101,100,88,135,694,353,341,0,1,5,p_1.30.24_LL3f_mi,4
102,118,101,152,583,287,296,0,1,5,p_1.30.24_LL3f_mi,4
103,111,86,134,545,279,266,0,1,5,p_1.30.24_LL3f_mi,4
104,101,84,129,472,245,227,0,1,5,p_1.30.24_LL3f_mi,4
105,71,55,97,454,227,227,0,1,5,p_1.30.24_LL3f_mi,4
106,76,61,97,382,188,194,0,1,5,p_1.30.24_LL3f_mi,4
107,55,48,71,352,171,181,0,1,5,p_1.30.24_LL3f_mi,4
108,49,44,66,287,143,144,0,1,5,p_1.30.24_LL3f_mi,4
109,29,26,38,257,131,126,0,1,5,p_1.30.24_LL3f_mi,4
110,26,23,33,204,99,105,0,1,5,p_1.30.24_LL3f_mi,4
111,27,25,37,164,74,90,0,1,5,p_1.30.24_LL3f_mi,4
112,29,24,36,129,61,68,0,1,5,p_1.30.24_LL3f_mi,4
113,26,22,35,120,56,64,0,1,5,p_1.30.24_LL3f_mi,4
114,28,22,38,124,58,66,0,1,5,p_1.30.24_LL3f_mi,4
115,30,24,37,124,59,65,0,1,5,p_1.30.24_LL3f_mi,4
116,29,21,37,118,60,58,0,1,5,p_1.30.24_LL3f_mi,4
117,28,24,34,103,49,54,0,1,5,p_1.30.24_LL3f_mi,4
118,27,23,35,107,54,53,0,1,5,p_1.30.24_LL3f_mi,4
119,28,22,35,107,57,50,0,1,5,p_1.30.24_LL3f_mi,4
120,28,20,35,103,56,47,0,1,5,p_1.30.24_LL3f_mi,4
121,27,22,36,113,64,49,0,1,5,p_1.30.24_LL3f_mi,4
122,27,20,33,108,60,48,0,1,5,p_1.30.24_LL3f_mi,4
123,29,21,36,108,64,44,0,1,5,p_1.30.24_LL3f_mi,4
124,27,20,35,114,65,49,0,1,5,p_1.30.24_LL3f_mi,4
125,26,21,38,123,71,52,18,1,5,p_1.30.24_LL3f_mi,4
126,26,20,35,126,66,60,10,1,5,p_1.30.24_LL3f_mi,4
127,28,21,36,117,60,57,4,1,5,p_1.30.24_LL3f_mi,4
128,28,22,36,107,54,53,2,1,5,p_1.30.24_LL3f_mi,4
129,28,21,35,109,51,58,0,1,5,p_1.30.24_LL3f_mi,4
130,29,25,36,115,56,59,0,1,5,p_1.30.24_LL3f_mi,4
131,28,22,36,111,56,55,0,1,5,p_1.30.24_LL3f_mi,4
132,26,20,35,106,55,51,0,1,5,p_1.30.24_LL3f_mi,4
133,26,22,32,96,56,40,0,1,5,p_1.30.24_LL3f_mi,4
134,24,17,32,96,54,42,0,1,5,p_1.30.24_LL3f_mi,4
135,22,17,31,82,43,39,0,1,5,p_1.30.24_LL3f_mi,4
136,24,17,29,84,46,38,0,1,5,p_1.30.24_LL3f_mi,4
137,23,16,29,80,44,36,0,1,5,p_1.30.24_LL3f_mi,4
138,24,18,31,87,49,38,0,1,5,p_1.30.24_LL3f_mi,4
139,26,18,32,95,46,49,0,1,5,p_1.30.24_LL3f_mi,4
140,26,21,36,121,56,65,12,1,5,p_1.30.24_LL3f_mi,4
141,24,18,34,111,51,60,11,1,5,p_1.30.24_LL3f_mi,4
142,24,19,34,103,46,57,4,1,5,p_1.30.24_LL3f_mi,4
143,27,24,34,97,46,51,2,1,5,p_1.30.24_LL3f_mi,4
144,26,19,33,103,54,49,1,1,5,p_1.30.24_LL3f_mi,4
145,26,21,35,104,58,46,0,1,5,p_1.30.24_LL3f_mi,4
146,23,17,31,97,48,49,0,1,5,p_1.30.24_LL3f_mi,4
147,27,22,35,106,48,58,0,1,5,p_1.30.24_LL3f_mi,4
148,25,20,33,101,46,55,0,1,5,p_1.30.24_LL3f_mi,4
149,26,20,35,107,53,54,0,1,5,p_1.30.24_LL3f_mi,4
150,24,19,33,100,41,59,0,1,5,p_1.30.24_LL3f_mi,4
151,41,31,64,100,43,57,0,1,5,p_1.30.24_LL3f_mi,4
152,62,38,87,134,62,72,0,1,5,p_1.30.24_LL3f_mi,4
153,83,58,117,183,95,88,0,1,5,p_1.30.24_LL3f_mi,4
154,103,69,139,236,123,113,0,1,5,p_1.30.24_LL3f_mi,4
155,127,95,164,336,174,162,22,1,5,p_1.30.24_LL3f_mi,4
156,138,101,179,393,198,195,9,1,5,p_1.30.24_LL3f_mi,4
157,156,116,196,443,206,237,4,1,5,p_1.30.24_LL3f_mi,4
158,165,125,211,490,229,261,2,1,5,p_1.30.24_LL3f_mi,4
159,177,138,222,553,272,281,0,1,5,p_1.30.24_LL3f_mi,4
160,192,136,243,592,288,304,0,1,5,p_1.30.24_LL3f_mi,4
161,183,137,232,641,295,346,0,1,5,p_1.30.24_LL3f_mi,4
162,166,134,213,688,316,372,0,1,5,p_1.30.24_LL3f_mi,4
163,169,139,224,656,315,341,0,1,5,p_1.30.24_LL3f_mi,4
164,173,139,221,678,338,340,0,1,5,p_1.30.24_LL3f_mi,4
165,178,140,226,658,331,327,0,1,5,p_1.30.24_LL3f_mi,4
166,174,134,222,667,337,330,0,1,5,p_1.30.24_LL3f_mi,4
167,180,132,234,633,330,303,0,1,5,p_1.30.24_LL3f_mi,4
168,179,133,227,651,340,311,0,1,5,p_1.30.24_LL3f_mi,4
169,174,134,224,666,337,329,0,1,5,p_1.30.24_LL3f_mi,4
170,165,125,213,693,368,325,20,1,5,p_1.30.24_LL3f_mi,4
171,176,134,221,673,345,328,9,1,5,p_1.30.24_LL3f_mi,4
172,171,134,221,668,336,332,3,1,5,p_1.30.24_LL3f_mi,4
173,170,141,222,673,335,338,4,1,5,p_1.30.24_LL3f_mi,4
174,172,140,225,661,322,339,0,1,5,p_1.30.24_LL3f_mi,4
175,182,140,230,647,318,329,0,1,5,p_1.30.24_LL3f_mi,4
176,158,125,203,716,345,371,0,1,5,p_1.30.24_LL3f_mi,4
177,169,136,216,685,322,363,0,1,5,p_1.30.24_LL3f_mi,4
178,180,142,224,668,329,339,0,1,5,p_1.30.24_LL3f_mi,4
179,169,127,221,672,346,326,0,1,5,p_1.30.24_LL3f_mi,4
180,172,141,218,689,343,346,0,1,5,p_1.30.24_LL3f_mi,4
181,165,133,219,675,337,338,0,1,5,p_1.30.24_LL3f_mi,4
182,172,133,226,655,324,331,0,1,5,p_1.30.24_LL3f_mi,4
183,188,142,227,657,333,324,0,1,5,p_1.30.24_LL3f_mi,4
184,176,136,230,640,339,301,0,1,5,p_1.30.24_LL3f_mi,4
185,166,132,220,677,351,326,0,1,5,p_1.30.24_LL3f_mi,4
186,178,132,227,658,345,313,0,1,5,p_1.30.24_LL3f_mi,4
187,172,131,227,656,356,300,0,1,5,p_1.30.24_LL3f_mi,4
188,172,132,221,674,358,316,0,1,5,p_1.30.24_LL3f_mi,4
189,170,127,223,669,354,315,0,1,5,p_1.30.24_LL3f_mi,4
190,162,122,213,691,376,315,0,1,5,p_1.30.24_LL3f_mi,4
191,176,140,221,675,345,330,0,1,5,p_1.30.24_LL3f_mi,4
192,170,136,225,662,328,334,0,1,5,p_1.30.24_LL3f_mi,4
193,175,135,227,653,317,336,0,1,5,p_1.30.24_LL3f_mi,4
194,172,135,224,659,314,345,0,1,5,p_1.30.24_LL3f_mi,4
195,175,142,225,666,315,351,0,1,5,p_1.30.24_LL3f_mi,4
196,173,144,221,676,329,347,0,1,5,p_1.30.24_LL3f_mi,4
197,177,144,228,666,324,342,0,1,5,p_1.30.24_LL3f_mi,4
198,174,144,219,674,319,355,0,1,5,p_1.30.24_LL3f_mi,4
199,171,132,227,649,322,327,0,1,5,p_1.30.24_LL3f_mi,4
200,179,137,227,651,326,325,0,1,5,p_1.30.24_LL3f_mi,4
201,165,129,215,695,350,345,0,1,5,p_1.30.24_LL3f_mi,4
202,184,138,225,662,336,326,0,1,5,p_1.30.24_LL3f_mi,4
203,169,129,215,690,333,357,0,1,5,p_1.30.24_LL3f_mi,4
204,175,134,220,676,336,340,0,1,5,p_1.30.24_LL3f_mi,4
205,170,136,222,668,341,327,0,1,5,p_1.30.24_LL3f_mi,4
206,177,141,224,664,331,333,0,1,5,p_1.30.24_LL3f_mi,4
207,176,140,223,661,329,332,0,1,5,p_1.30.24_LL3f_mi,4
208,173,136,228,658,333,325,0,1,5,p_1.30.24_LL3f_mi,4
209,171,140,218,683,351,332,0,1,5,p_1.30.24_LL3f_mi,4
210,176,128,227,654,325,329,0,1,5,p_1.30.24_LL3f_mi,4
211,179,139,230,648,329,319,0,1,5,p_1.30.24_LL3f_mi,4
212,170,142,221,674,335,339,0,1,5,p_1.30.24_LL3f_mi,4
213,174,136,227,654,320,334,0,1,5,p_1.30.24_LL3f_mi,4
214,168,135,218,683,342,341,0,1,5,p_1.30.24_LL3f_mi,4
215,177,135,224,668,323,345,0,1,5,p_1.30.24_LL3f_mi,4
216,167,141,214,694,349,345,0,1,5,p_1.30.24_LL3f_mi,4
217,167,134,213,691,333,358,0,1,5,p_1.30.24_LL3f_mi,4
218,169,138,222,668,320,348,0,1,5,p_1.30.24_LL3f_mi,4
219,181,146,228,657,324,333,0,1,5,p_1.30.24_LL3f_mi,4
220,179,144,225,663,335,328,0,1,5,p_1.30.24_LL3f_mi,4
221,171,136,219,677,346,331,0,1,5,p_1.30.24_LL3f_mi,4
222,169,130,220,673,330,343,0,1,5,p_1.30.24_LL3f_mi,4
223,180,140,225,663,320,343,0,1,5,p_1.30.24_LL3f_mi,4
224,177,131,225,662,312,350,0,1,5,p_1.30.24_LL3f_mi,4
225,169,140,217,680,315,365,0,1,5,p_1.30.24_LL3f_mi,4
226,158,131,202,724,349,375,0,1,5,p_1.30.24_LL3f_mi,4
227,182,132,231,643,315,328,0,1,5,p_1.30.24_LL3f_mi,4
228,179,136,223,665,321,344,0,1,5,p_1.30.24_LL3f_mi,4
229,170,136,222,666,322,344,0,1,5,p_1.30.24_LL3f_mi,4
230,177,144,229,654,308,346,0,1,5,p_1.30.24_LL3f_mi,4
231,171,142,220,678,324,354,0,1,5,p_1.30.24_LL3f_mi,4
232,168,133,215,686,319,367,0,1,5,p_1.30.24_LL3f_mi,4
233,165,128,215,692,321,371,0,1,5,p_1.30.24_LL3f_mi,4
234,172,136,223,665,311,354,0,1,5,p_1.30.24_LL3f_mi,4
235,168,134,226,662,311,351,0,1,5,p_1.30.24_LL3f_mi,4
236,174,135,218,682,325,357,0,1,5,p_1.30.24_LL3f_mi,4
237,177,138,231,643,309,334,0,1,5,p_1.30.24_LL3f_mi,4
238,175,128,230,639,313,326,0,1,5,p_1.30.24_LL3f_mi,4
239,175,133,227,655,313,342,0,1,5,p_1.30.24_LL3f_mi,4
240,172,141,222,670,306,364,0,1,5,p_1.30.24_LL3f_mi,4
241,173,137,227,653,316,337,0,1,5,p_1.30.24_LL3f_mi,4
242,170,135,222,671,329,342,0,1,5,p_1.30.24_LL3f_mi,4
243,168,136,220,675,335,340,0,1,5,p_1.30.24_LL3f_mi,4
244,183,138,224,662,326,336,0,1,5,p_1.30.24_LL3f_mi,4
245,161,134,215,687,337,350,0,1,5,p_1.30.24_LL3f_mi,4
246,180,142,231,645,310,335,0,1,5,p_1.30.24_LL3f_mi,4
247,174,133,226,660,322,338,0,1,5,p_1.30.24_LL3f_mi,4
248,164,124,217,685,351,334,0,1,5,p_1.30.24_LL3f_mi,4
249,173,132,222,673,334,339,0,1,5,p_1.30.24_LL3f_mi,4
250,165,129,217,681,329,352,0,1,5,p_1.30.24_LL3f_mi,4
251,150,121,202,723,374,349,0,1,5,p_1.30.24_LL3f_mi,4
252,175,133,227,654,345,309,0,1,5,p_1.30.24_LL3f_mi,4
253,176,137,227,651,332,319,0,1,5,p_1.30.24_LL3f_mi,4
254,178,139,228,649,314,335,0,1,5,p_1.30.24_LL3f_mi,4
255,174,141,219,677,334,343,0,1,5,p_1.30.24_LL3f_mi,4
256,176,134,226,655,318,337,0,1,5,p_1.30.24_LL3f_mi,4
257,178,144,223,664,319,345,0,1,5,p_1.30.24_LL3f_mi,4
258,178,137,225,660,328,332,0,1,5,p_1.30.24_LL3f_mi,4
259,172,140,231,644,321,323,0,1,5,p_1.30.24_LL3f_mi,4
260,174,141,220,677,343,334,0,1,5,p_1.30.24_LL3f_mi,4
261,168,136,222,671,326,345,0,1,5,p_1.30.24_LL3f_mi,4
262,179,140,221,673,322,351,0,1,5,p_1.30.24_LL3f_mi,4
263,163,129,218,681,327,354,0,1,5,p_1.30.24_LL3f_mi,4
264,179,141,226,658,322,336,0,1,5,p_1.30.24_LL3f_mi,4
265,171,131,220,666,324,342,0,1,5,p_1.30.24_LL3f_mi,4
266,178,139,229,651,310,341,0,1,5,p_1.30.24_LL3f_mi,4
267,170,140,218,677,338,339,0,1,5,p_1.30.24_LL3f_mi,4
268,172,133,223,665,340,325,0,1,5,p_1.30.24_LL3f_mi,4
269,180,136,227,658,334,324,0,1,5,p_1.30.24_LL3f_mi,4
270,173,139,226,661,338,323,0,1,5,p_1.30.24_LL3f_mi,4
271,168,126,219,679,354,325,0,1,5,p_1.30.24_LL3f_mi,4
272,167,137,221,678,343,335,0,1,5,p_1.30.24_LL3f_mi,4
273,169,130,218,678,328,350,0,1,5,p_1.30.24_LL3f_mi,4
274,170,135,223,665,312,353,0,1,5,p_1.30.24_LL3f_mi,4
275,176,145,226,650,292,358,0,1,5,p_1.30.24_LL3f_mi,4
276,162,124,208,710,334,376,0,1,5,p_1.30.24_LL3f_mi,4
277,176,140,228,644,306,338,0,1,5,p_1.30.24_LL3f_mi,4
278,169,130,225,657,327,330,0,1,5,p_1.30.24_LL3f_mi,4
279,170,136,226,657,330,327,0,1,5,p_1.30.24_LL3f_mi,4
280,172,131,222,672,330,342,0,1,5,p_1.30.24_LL3f_mi,4
281,171,129,226,657,330,327,0,1,5,p_1.30.24_LL3f_mi,4
282,181,141,227,654,320,334,0,1,5,p_1.30.24_LL3f_mi,4
283,177,141,219,678,330,348,0,1,5,p_1.30.24_LL3f_mi,4
284,173,135,227,653,319,334,0,1,5,p_1.30.24_LL3f_mi,4
285,174,143,222,675,323,352,0,1,5,p_1.30.24_LL3f_mi,4
286,167,131,223,671,324,347,0,1,5,p_1.30.24_LL3f_mi,4
287,172,133,221,672,336,336,0,1,5,p_1.30.24_LL3f_mi,4
288,176,139,228,656,340,316,0,1,5,p_1.30.24_LL3f_mi,4
289,176,132,226,655,339,316,0,1,5,p_1.30.24_LL3f_mi,4
290,178,133,227,658,325,333,0,1,5,p_1.30.24_LL3f_mi,4
291,170,142,220,675,333,342,0,1,5,p_1.30.24_LL3f_mi,4
292,160,129,217,683,333,350,0,1,5,p_1.30.24_LL3f_mi,4
293,181,140,231,642,302,340,0,1,5,p_1.30.24_LL3f_mi,4
294,179,139,228,647,311,336,0,1,5,p_1.30.24_LL3f_mi,4
295,177,144,227,655,319,336,0,1,5,p_1.30.24_LL3f_mi,4
296,172,140,217,687,347,340,0,1,5,p_1.30.24_LL3f_mi,4
297,167,130,222,671,343,328,0,1,5,p_1.30.24_LL3f_mi,4
298,163,133,218,678,360,318,0,1,5,p_1.30.24_LL3f_mi,4
299,174,133,224,664,334,330,0,1,5,p_1.30.24_LL3f_mi,4
300,164,134,218,676,330,346,0,1,5,p_1.30.24_LL3f_mi,4
301,165,138,213,701,344,357,0,1,5,p_1.30.24_LL3f_mi,4
302,181,136,229,642,316,326,0,1,5,p_1.30.24_LL3f_mi,4
303,173,129,221,671,331,340,0,1,5,p_1.30.24_LL3f_mi,4
304,182,141,233,635,306,329,0,1,5,p_1.30.24_LL3f_mi,4
305,181,140,231,649,334,315,0,1,5,p_1.30.24_LL3f_mi,4
306,175,138,221,673,340,333,0,1,5,p_1.30.24_LL3f_mi,4
307,176,137,220,674,338,336,0,1,5,p_1.30.24_LL3f_mi,4
308,172,143,223,663,312,351,0,1,5,p_1.30.24_LL3f_mi,4
309,167,130,215,688,327,361,0,1,5,p_1.30.24_LL3f_mi,4
310,164,129,213,699,343,356,0,1,5,p_1.30.24_LL3f_mi,4
311,174,138,224,666,325,341,0,1,5,p_1.30.24_LL3f_mi,4
312,172,147,222,671,321,350,0,1,5,p_1.30.24_LL3f_mi,4
313,174,145,220,674,335,339,0,1,5,p_1.30.24_LL3f_mi,4
314,167,126,212,694,352,342,0,1,5,p_1.30.24_LL3f_mi,4
315,170,128,225,656,346,310,0,1,5,p_1.30.24_LL3f_mi,4
316,170,137,220,677,371,306,0,1,5,p_1.30.24_LL3f_mi,4
317,172,133,218,681,342,339,0,1,5,p_1.30.24_LL3f_mi,4
318,162,130,216,687,348,339,0,1,5,p_1.30.24_LL3f_mi,4
319,176,140,222,669,330,339,0,1,5,p_1.30.24_LL3f_mi,4
320,183,146,228,650,326,324,0,1,5,p_1.30.24_LL3f_mi,4
321,178,137,232,643,320,323,0,1,5,p_1.30.24_LL3f_mi,4
322,176,134,220,675,332,343,0,1,5,p_1.30.24_LL3f_mi,4
323,172,133,222,667,339,328,0,1,5,p_1.30.24_LL3f_mi,4
324,171,131,228,655,325,330,0,1,5,p_1.30.24_LL3f_mi,4
325,173,137,227,662,333,329,0,1,5,p_1.30.24_LL3f_mi,4
326,155,122,198,728,366,362,0,1,5,p_1.30.24_LL3f_mi,4
327,182,145,229,647,318,329,0,1,5,p_1.30.24_LL3f_mi,4
328,185,137,227,652,328,324,0,1,5,p_1.30.24_LL3f_mi,4
329,174,134,224,662,324,338,0,1,5,p_1.30.24_LL3f_mi,4
330,172,136,221,678,338,340,0,1,5,p_1.30.24_LL3f_mi,4
331,171,125,215,696,361,335,0,1,5,p_1.30.24_LL3f_mi,4
332,177,142,222,663,331,332,0,1,5,p_1.30.24_LL3f_mi,4
333,182,140,232,637,315,322,0,1,5,p_1.30.24_LL3f_mi,4
334,180,140,228,655,319,336,0,1,5,p_1.30.24_LL3f_mi,4
335,168,131,215,689,331,358,0,1,5,p_1.30.24_LL3f_mi,4
336,179,147,221,668,336,332,0,1,5,p_1.30.24_LL3f_mi,4
337,187,145,235,632,313,319,0,1,5,p_1.30.24_LL3f_mi,4
338,176,150,224,665,336,329,0,1,5,p_1.30.24_LL3f_mi,4
339,176,132,224,669,364,305,0,1,5,p_1.30.24_LL3f_mi,4
340,168,133,220,676,356,320,0,1,5,p_1.30.24_LL3f_mi,4
341,169,128,225,657,341,316,0,1,5,p_1.30.24_LL3f_mi,4
342,178,136,226,660,339,321,0,1,5,p_1.30.24_LL3f_mi,4
343,177,136,228,646,325,321,0,1,5,p_1.30.24_LL3f_mi,4
344,177,142,227,663,338,325,0,1,5,p_1.30.24_LL3f_mi,4
345,167,133,215,689,337,352,0,1,5,p_1.30.24_LL3f_mi,4
346,176,143,220,682,358,324,0,1,5,p_1.30.24_LL3f_mi,4
347,175,139,226,657,345,312,0,1,5,p_1.30.24_LL3f_mi,4
348,183,144,226,656,326,330,0,1,5,p_1.30.24_LL3f_mi,4
349,174,135,224,664,319,345,0,1,5,p_1.30.24_LL3f_mi,4
350,169,132,221,675,336,339,0,1,5,p_1.30.24_LL3f_mi,4
1,9,9,10,639,330,309,0,1,1,p_1.30.24_LL3f_mi,5
2,105,94,138,838,440,398,0,1,1,p_1.30.24_LL3f_mi,5
3,129,108,169,782,412,370,0,1,1,p_1.30.24_LL3f_mi,5
4,165,120,210,704,377,327,0,1,1,p_1.30.24_LL3f_mi,5
5,182,132,227,653,336,317,0,1,1,p_1.30.24_LL3f_mi,5
6,180,144,232,635,326,309,0,1,1,p_1.30.24_LL3f_mi,5
7,171,125,226,658,342,316,0,1,1,p_1.30.24_LL3f_mi,5
8,179,139,220,672,332,340,0,1,1,p_1.30.24_LL3f_mi,5
9,171,130,212,695,350,345,0,1,1,p_1.30.24_LL3f_mi,5
10,177,136,224,666,340,326,0,1,1,p_1.30.24_LL3f_mi,5
11,173,129,228,659,337,322,0,1,1,p_1.30.24_LL3f_mi,5
12,168,133,222,674,334,340,0,1,1,p_1.30.24_LL3f_mi,5
13,175,134,229,653,332,321,0,1,1,p_1.30.24_LL3f_mi,5
14,172,130,216,688,364,324,0,1,1,p_1.30.24_LL3f_mi,5
15,170,122,219,679,353,326,0,1,1,p_1.30.24_LL3f_mi,5
16,174,138,227,657,337,320,0,1,1,p_1.30.24_LL3f_mi,5
17,174,130,224,665,350,315,0,1,1,p_1.30.24_LL3f_mi,5
18,177,137,225,666,346,320,0,1,1,p_1.30.24_LL3f_mi,5
19,170,141,217,683,361,322,0,1,1,p_1.30.24_LL3f_mi,5
20,185,141,230,650,326,324,0,1,1,p_1.30.24_LL3f_mi,5
21,172,138,226,656,322,334,0,1,1,p_1.30.24_LL3f_mi,5
22,177,137,224,665,329,336,0,1,1,p_1.30.24_LL3f_mi,5
23,177,135,232,644,328,316,0,1,1,p_1.30.24_LL3f_mi,5
24,173,131,229,653,324,329,0,1,1,p_1.30.24_LL3f_mi,5
25,181,143,231,641,316,325,0,1,1,p_1.30.24_LL3f_mi,5
26,159,135,203,720,364,356,0,1,1,p_1.30.24_LL3f_mi,5
27,177,139,220,673,329,344,0,1,1,p_1.30.24_LL3f_mi,5
28,174,139,224,665,324,341,0,1,1,p_1.30.24_LL3f_mi,5
29,181,140,225,659,320,339,0,1,1,p_1.30.24_LL3f_mi,5
30,173,141,217,684,335,349,0,1,1,p_1.30.24_LL3f_mi,5
31,182,145,227,653,318,335,0,1,1,p_1.30.24_LL3f_mi,5
32,171,139,222,670,323,347,0,1,1,p_1.30.24_LL3f_mi,5
33,165,129,219,680,337,343,0,1,1,p_1.30.24_LL3f_mi,5
34,178,131,226,654,318,336,0,1,1,p_1.30.24_LL3f_mi,5
35,175,132,221,672,324,348,0,1,1,p_1.30.24_LL3f_mi,5
36,174,135,224,665,329,336,0,1,1,p_1.30.24_LL3f_mi,5
37,169,131,223,668,336,332,0,1,1,p_1.30.24_LL3f_mi,5
38,173,135,225,666,336,330,0,1,1,p_1.30.24_LL3f_mi,5
39,162,135,207,708,360,348,0,1,1,p_1.30.24_LL3f_mi,5
40,176,143,221,669,344,325,0,1,1,p_1.30.24_LL3f_mi,5
41,171,138,219,676,339,337,0,1,1,p_1.30.24_LL3f_mi,5
42,171,137,224,666,336,330,0,1,1,p_1.30.24_LL3f_mi,5
43,176,130,222,664,322,342,0,1,1,p_1.30.24_LL3f_mi,5
44,166,141,220,677,329,348,0,1,1,p_1.30.24_LL3f_mi,5
45,175,132,223,664,318,346,0,1,1,p_1.30.24_LL3f_mi,5
46,171,137,224,663,335,328,0,1,1,p_1.30.24_LL3f_mi,5
47,177,126,228,660,341,319,0,1,1,p_1.30.24_LL3f_mi,5
48,172,126,227,649,312,337,0,1,1,p_1.30.24_LL3f_mi,5
49,191,140,232,634,327,307,0,1,1,p_1.30.24_LL3f_mi,5
50,174,134,224,669,357,312,0,1,1,p_1.30.24_LL3f_mi,5
51,152,123,204,719,381,338,0,1,1,p_1.30.24_LL3f_mi,5
52,169,126,219,676,349,327,0,1,1,p_1.30.24_LL3f_mi,5
53,182,136,229,645,306,339,0,1,1,p_1.30.24_LL3f_mi,5
54,178,138,230,641,302,339,0,1,1,p_1.30.24_LL3f_mi,5
55,170,140,225,657,311,346,0,1,1,p_1.30.24_LL3f_mi,5
56,175,137,223,665,329,336,0,1,1,p_1.30.24_LL3f_mi,5
57,180,141,224,668,333,335,0,1,1,p_1.30.24_LL3f_mi,5
58,187,142,237,626,314,312,0,1,1,p_1.30.24_LL3f_mi,5
59,171,136,228,650,314,336,0,1,1,p_1.30.24_LL3f_mi,5
60,175,131,230,647,313,334,0,1,1,p_1.30.24_LL3f_mi,5
61,174,141,216,692,333,359,0,1,1,p_1.30.24_LL3f_mi,5
62,186,146,233,633,294,339,0,1,1,p_1.30.24_LL3f_mi,5
63,180,145,235,624,301,323,0,1,1,p_1.30.24_LL3f_mi,5
64,170,133,223,661,312,349,0,1,1,p_1.30.24_LL3f_mi,5
65,181,147,228,657,318,339,0,1,1,p_1.30.24_LL3f_mi,5
66,170,129,219,679,348,331,0,1,1,p_1.30.24_LL3f_mi,5
67,177,135,229,644,337,307,0,1,1,p_1.30.24_LL3f_mi,5
68,171,138,217,683,349,334,0,1,1,p_1.30.24_LL3f_mi,5
69,173,134,225,657,348,309,0,1,1,p_1.30.24_LL3f_mi,5
70,175,131,229,644,344,300,0,1,1,p_1.30.24_LL3f_mi,5
71,182,130,230,647,342,305,0,1,1,p_1.30.24_LL3f_mi,5
72,175,130,221,673,347,326,0,1,1,p_1.30.24_LL3f_mi,5
73,173,135,222,674,359,315,0,1,1,p_1.30.24_LL3f_mi,5
74,171,132,225,665,355,310,0,1,1,p_1.30.24_LL3f_mi,5
75,167,134,219,670,331,339,0,1,1,p_1.30.24_LL3f_mi,5
76,165,126,208,705,356,349,0,1,1,p_1.30.24_LL3f_mi,5
77,177,131,229,647,342,305,0,1,1,p_1.30.24_LL3f_mi,5
78,172,124,227,656,346,310,0,1,1,p_1.30.24_LL3f_mi,5
79,178,132,228,647,341,306,0,1,1,p_1.30.24_LL3f_mi,5
80,178,137,226,662,342,320,0,1,1,p_1.30.24_LL3f_mi,5
81,176,134,228,655,336,319,0,1,1,p_1.30.24_LL3f_mi,5
82,181,136,230,643,314,329,0,1,1,p_1.30.24_LL3f_mi,5
83,172,132,226,653,306,347,0,1,1,p_1.30.24_LL3f_mi,5
84,173,124,224,673,315,358,0,1,1,p_1.30.24_LL3f_mi,5
85,175,136,223,667,324,343,0,1,1,p_1.30.24_LL3f_mi,5
86,173,130,228,653,336,317,0,1,1,p_1.30.24_LL3f_mi,5
87,177,137,224,665,341,324,0,1,1,p_1.30.24_LL3f_mi,5
88,174,132,228,649,340,309,0,1,1,p_1.30.24_LL3f_mi,5
89,176,138,226,662,335,327,0,1,1,p_1.30.24_LL3f_mi,5
90,179,137,224,663,339,324,0,1,1,p_1.30.24_LL3f_mi,5
91,178,138,224,665,335,330,0,1,1,p_1.30.24_LL3f_mi,5
92,171,135,217,683,336,347,0,1,1,p_1.30.24_LL3f_mi,5
93,172,138,224,667,320,347,0,1,1,p_1.30.24_LL3f_mi,5
94,172,136,219,682,343,339,0,1,1,p_1.30.24_LL3f_mi,5
95,179,138,228,651,319,332,0,1,1,p_1.30.24_LL3f_mi,5
96,177,142,221,674,332,342,0,1,1,p_1.30.24_LL3f_mi,5
97,175,137,220,673,336,337,0,1,1,p_1.30.24_LL3f_mi,5
98,164,131,221,675,324,351,0,1,1,p_1.30.24_LL3f_mi,5
99,171,133,221,670,300,370,0,1,1,p_1.30.24_LL3f_mi,5
100,141,114,185,674,318,356,0,1,1,p_1.30.24_LL3f_mi,5
101,118,106,148,674,324,350,0,1,1,p_1.30.24_LL3f_mi,5
102,127,107,157,576,285,291,0,1,1,p_1.30.24_LL3f_mi,5
103,106,90,140,528,272,256,0,1,1,p_1.30.24_LL3f_mi,5
104,96,76,127,477,226,251,0,1,1,p_1.30.24_LL3f_mi,5
105,74,66,96,459,222,237,0,1,1,p_1.30.24_LL3f_mi,5
106,69,56,83,405,190,215,0,1,1,p_1.30.24_LL3f_mi,5
107,55,48,74,347,164,183,0,1,1,p_1.30.24_LL3f_mi,5
108,47,41,59,297,138,159,0,1,1,p_1.30.24_LL3f_mi,5
109,33,29,41,252,120,132,0,1,1,p_1.30.24_LL3f_mi,5
110,28,25,35,191,92,99,0,1,1,p_1.30.24_LL3f_mi,5
111,30,29,38,161,75,86,0,1,1,p_1.30.24_LL3f_mi,5
112,30,23,37,135,61,74,0,1,1,p_1.30.24_LL3f_mi,5
113,26,22,33,112,52,60,0,1,1,p_1.30.24_LL3f_mi,5
114,29,24,33,104,48,56,0,1,1,p_1.30.24_LL3f_mi,5
115,28,20,36,105,47,58,0,1,1,p_1.30.24_LL3f_mi,5
116,28,24,34,100,44,56,0,1,1,p_1.30.24_LL3f_mi,5
117,25,20,31,106,47,59,0,1,1,p_1.30.24_LL3f_mi,5
118,25,20,31,91,49,42,0,1,1,p_1.30.24_LL3f_mi,5
119,26,19,32,94,53,41,0,1,1,p_1.30.24_LL3f_mi,5
120,23,16,31,93,57,36,0,1,1,p_1.30.24_LL3f_mi,5
121,25,15,32,87,49,38,0,1,1,p_1.30.24_LL3f_mi,5
122,25,20,31,86,43,43,0,1,1,p_1.30.24_LL3f_mi,5
123,25,18,30,84,44,40,0,1,1,p_1.30.24_LL3f_mi,5
124,24,20,31,90,47,43,0,1,1,p_1.30.24_LL3f_mi,5
125,27,21,34,108,46,62,16,1,1,p_1.30.24_LL3f_mi,5
126,25,21,34,108,48,60,12,1,1,p_1.30.24_LL3f_mi,5
127,23,13,31,89,45,44,5,1,1,p_1.30.24_LL3f_mi,5
128,24,19,31,86,43,43,0,1,1,p_1.30.24_LL3f_mi,5
129,24,17,29,89,52,37,1,1,1,p_1.30.24_LL3f_mi,5
130,24,17,30,90,47,43,0,1,1,p_1.30.24_LL3f_mi,5
131,26,19,32,96,49,47,0,1,1,p_1.30.24_LL3f_mi,5
132,29,22,33,99,51,48,0,1,1,p_1.30.24_LL3f_mi,5
133,28,22,35,102,54,48,0,1,1,p_1.30.24_LL3f_mi,5
134,25,22,36,119,62,57,0,1,1,p_1.30.24_LL3f_mi,5
135,26,22,35,105,49,56,0,1,1,p_1.30.24_LL3f_mi,5
136,26,15,33,102,48,54,0,1,1,p_1.30.24_LL3f_mi,5
137,23,19,32,101,47,54,0,1,1,p_1.30.24_LL3f_mi,5
138,27,20,35,98,40,58,0,1,1,p_1.30.24_LL3f_mi,5
139,26,18,32,96,45,51,0,1,1,p_1.30.24_LL3f_mi,5
140,27,23,37,118,58,60,20,1,1,p_1.30.24_LL3f_mi,5
141,23,19,36,116,63,53,17,1,1,p_1.30.24_LL3f_mi,5
142,29,24,36,114,63,51,7,1,1,p_1.30.24_LL3f_mi,5
143,26,21,35,114,60,54,5,1,1,p_1.30.24_LL3f_mi,5
144,28,22,35,114,58,56,3,1,1,p_1.30.24_LL3f_mi,5
145,24,21,34,116,60,56,0,1,1,p_1.30.24_LL3f_mi,5
146,30,24,35,111,61,50,0,1,1,p_1.30.24_LL3f_mi,5
147,26,21,35,111,62,49,0,1,1,p_1.30.24_LL3f_mi,5
148,26,18,33,99,58,41,0,1,1,p_1.30.24_LL3f_mi,5
149,26,19,32,94,51,43,0,1,1,p_1.30.24_LL3f_mi,5
150,24,21,32,93,47,46,0,1,1,p_1.30.24_LL3f_mi,5
151,41,33,63,108,42,66,0,1,1,p_1.30.24_LL3f_mi,5
152,45,38,68,124,49,75,0,1,1,p_1.30.24_LL3f_mi,5
153,63,48,97,151,63,88,0,1,1,p_1.30.24_LL3f_mi,5
154,81,59,112,188,82,106,0,1,1,p_1.30.24_LL3f_mi,5
155,111,75,158,273,117,156,18,1,1,p_1.30.24_LL3f_mi,5
156,132,90,177,337,159,178,11,1,1,p_1.30.24_LL3f_mi,5
157,156,115,198,412,191,221,4,1,1,p_1.30.24_LL3f_mi,5
158,169,120,214,472,218,254,2,1,1,p_1.30.24_LL3f_mi,5
159,182,135,226,536,260,276,1,1,1,p_1.30.24_LL3f_mi,5
160,188,143,238,607,308,299,1,1,1,p_1.30.24_LL3f_mi,5
161,168,138,225,667,339,328,0,1,1,p_1.30.24_LL3f_mi,5
162,174,130,226,659,321,338,0,1,1,p_1.30.24_LL3f_mi,5
163,178,135,224,664,326,338,0,1,1,p_1.30.24_LL3f_mi,5
164,170,133,219,671,339,332,0,1,1,p_1.30.24_LL3f_mi,5
165,176,139,221,681,342,339,0,1,1,p_1.30.24_LL3f_mi,5
166,172,136,221,669,333,336,0,1,1,p_1.30.24_LL3f_mi,5
167,174,133,224,670,349,321,0,1,1,p_1.30.24_LL3f_mi,5
168,173,135,224,664,351,313,0,1,1,p_1.30.24_LL3f_mi,5
169,172,127,219,675,357,318,0,1,1,p_1.30.24_LL3f_mi,5
170,160,133,211,695,352,343,18,1,1,p_1.30.24_LL3f_mi,5
171,167,133,224,667,319,348,8,1,1,p_1.30.24_LL3f_mi,5
172,172,136,221,671,326,345,3,1,1,p_1.30.24_LL3f_mi,5
173,170,137,223,668,329,339,2,1,1,p_1.30.24_LL3f_mi,5
174,175,137,225,657,323,334,0,1,1,p_1.30.24_LL3f_mi,5
175,179,142,229,651,341,310,0,1,1,p_1.30.24_LL3f_mi,5
176,169,138,206,715,378,337,0,1,1,p_1.30.24_LL3f_mi,5
177,173,129,225,659,341,318,0,1,1,p_1.30.24_LL3f_mi,5
178,180,144,229,653,319,334,0,1,1,p_1.30.24_LL3f_mi,5
179,174,137,221,671,327,344,0,1,1,p_1.30.24_LL3f_mi,5
180,167,134,218,683,329,354,0,1,1,p_1.30.24_LL3f_mi,5
181,170,132,219,677,340,337,0,1,1,p_1.30.24_LL3f_mi,5
182,179,139,232,638,322,316,0,1,1,p_1.30.24_LL3f_mi,5
183,180,132,232,642,331,311,0,1,1,p_1.30.24_LL3f_mi,5
184,174,136,222,668,334,334,0,1,1,p_1.30.24_LL3f_mi,5
185,175,136,226,657,314,343,0,1,1,p_1.30.24_LL3f_mi,5
186,174,135,223,671,335,336,0,1,1,p_1.30.24_LL3f_mi,5
187,171,134,221,675,330,345,0,1,1,p_1.30.24_LL3f_mi,5
188,175,139,227,649,307,342,0,1,1,p_1.30.24_LL3f_mi,5
189,174,134,227,655,319,336,0,1,1,p_1.30.24_LL3f_mi,5
190,184,134,232,638,323,315,0,1,1,p_1.30.24_LL3f_mi,5
191,179,135,227,658,331,327,0,1,1,p_1.30.24_LL3f_mi,5
192,181,144,228,654,331,323,0,1,1,p_1.30.24_LL3f_mi,5
193,171,132,222,670,346,324,0,1,1,p_1.30.24_LL3f_mi,5
194,167,137,219,677,342,335,0,1,1,p_1.30.24_LL3f_mi,5
195,178,138,222,668,323,345,0,1,1,p_1.30.24_LL3f_mi,5
196,165,133,222,676,314,362,0,1,1,p_1.30.24_LL3f_mi,5
197,168,131,222,668,296,372,0,1,1,p_1.30.24_LL3f_mi,5
198,179,135,226,669,321,348,0,1,1,p_1.30.24_LL3f_mi,5
199,176,133,228,652,325,327,0,1,1,p_1.30.24_LL3f_mi,5
200,175,134,223,665,338,327,0,1,1,p_1.30.24_LL3f_mi,5
201,156,135,203,718,364,354,0,1,1,p_1.30.24_LL3f_mi,5
202,171,133,225,663,331,332,0,1,1,p_1.30.24_LL3f_mi,5
203,174,145,226,663,324,339,0,1,1,p_1.30.24_LL3f_mi,5
204,178,142,224,666,333,333,0,1,1,p_1.30.24_LL3f_mi,5
205,178,133,225,657,316,341,0,1,1,p_1.30.24_LL3f_mi,5
206,159,131,213,691,339,352,0,1,1,p_1.30.24_LL3f_mi,5
207,174,128,221,666,331,335,0,1,1,p_1.30.24_LL3f_mi,5
208,176,141,223,670,334,336,0,1,1,p_1.30.24_LL3f_mi,5
209,182,143,225,663,337,326,0,1,1,p_1.30.24_LL3f_mi,5
210,174,132,224,661,327,334,0,1,1,p_1.30.24_LL3f_mi,5
211,178,138,220,682,350,332,0,1,1,p_1.30.24_LL3f_mi,5
212,175,134,224,663,334,329,0,1,1,p_1.30.24_LL3f_mi,5
213,169,123,220,669,340,329,0,1,1,p_1.30.24_LL3f_mi,5
214,177,131,224,664,339,325,0,1,1,p_1.30.24_LL3f_mi,5
215,183,141,228,656,324,332,0,1,1,p_1.30.24_LL3f_mi,5
216,173,135,228,654,341,313,0,1,1,p_1.30.24_LL3f_mi,5
217,175,137,228,650,333,317,0,1,1,p_1.30.24_LL3f_mi,5
218,169,124,226,663,351,312,0,1,1,p_1.30.24_LL3f_mi,5
219,174,135,219,675,337,338,0,1,1,p_1.30.24_LL3f_mi,5
220,169,132,223,667,349,318,0,1,1,p_1.30.24_LL3f_mi,5
221,166,133,213,698,358,340,0,1,1,p_1.30.24_LL3f_mi,5
222,173,135,222,676,343,333,0,1,1,p_1.30.24_LL3f_mi,5
223,183,133,231,640,342,298,0,1,1,p_1.30.24_LL3f_mi,5
224,171,123,228,654,365,289,0,1,1,p_1.30.24_LL3f_mi,5
225,177,135,220,675,361,314,0,1,1,p_1.30.24_LL3f_mi,5
226,159,126,208,705,364,341,0,1,1,p_1.30.24_LL3f_mi,5
227,170,132,223,663,344,319,0,1,1,p_1.30.24_LL3f_mi,5
228,170,137,221,678,347,331,0,1,1,p_1.30.24_LL3f_mi,5
229,175,131,214,691,335,356,0,1,1,p_1.30.24_LL3f_mi,5
230,177,136,216,685,335,350,0,1,1,p_1.30.24_LL3f_mi,5
231,180,140,223,665,320,345,0,1,1,p_1.30.24_LL3f_mi,5
232,168,133,221,675,333,342,0,1,1,p_1.30.24_LL3f_mi,5
233,171,136,224,662,336,326,0,1,1,p_1.30.24_LL3f_mi,5
234,175,139,224,666,343,323,0,1,1,p_1.30.24_LL3f_mi,5
235,164,134,220,666,336,330,0,1,1,p_1.30.24_LL3f_mi,5
236,168,130,219,679,338,341,0,1,1,p_1.30.24_LL3f_mi,5
237,177,140,225,660,332,328,0,1,1,p_1.30.24_LL3f_mi,5
238,166,129,221,674,336,338,0,1,1,p_1.30.24_LL3f_mi,5
239,180,134,224,664,337,327,0,1,1,p_1.30.24_LL3f_mi,5
240,171,129,218,678,350,328,0,1,1,p_1.30.24_LL3f_mi,5
241,173,129,223,667,358,309,0,1,1,p_1.30.24_LL3f_mi,5
242,167,130,219,677,339,338,0,1,1,p_1.30.24_LL3f_mi,5
243,171,133,224,666,347,319,0,1,1,p_1.30.24_LL3f_mi,5
244,174,132,225,658,336,322,0,1,1,p_1.30.24_LL3f_mi,5
245,179,139,223,665,338,327,0,1,1,p_1.30.24_LL3f_mi,5
246,179,136,227,658,320,338,0,1,1,p_1.30.24_LL3f_mi,5
247,183,134,228,651,320,331,0,1,1,p_1.30.24_LL3f_mi,5
248,174,137,229,649,327,322,0,1,1,p_1.30.24_LL3f_mi,5
249,178,134,227,652,327,325,0,1,1,p_1.30.24_LL3f_mi,5
250,182,139,226,660,343,317,0,1,1,p_1.30.24_LL3f_mi,5
251,155,126,206,715,384,331,0,1,1,p_1.30.24_LL3f_mi,5
252,174,138,221,670,349,321,0,1,1,p_1.30.24_LL3f_mi,5
253,172,131,218,678,337,341,0,1,1,p_1.30.24_LL3f_mi,5
254,180,144,230,645,309,336,0,1,1,p_1.30.24_LL3f_mi,5
255,171,130,227,653,318,335,0,1,1,p_1.30.24_LL3f_mi,5
256,179,137,227,656,328,328,0,1,1,p_1.30.24_LL3f_mi,5
257,177,138,219,682,332,350,0,1,1,p_1.30.24_LL3f_mi,5
258,177,135,227,645,308,337,0,1,1,p_1.30.24_LL3f_mi,5
259,170,134,216,684,337,347,0,1,1,p_1.30.24_LL3f_mi,5
260,170,134,224,663,346,317,0,1,1,p_1.30.24_LL3f_mi,5
261,175,135,226,651,336,315,0,1,1,p_1.30.24_LL3f_mi,5
262,182,146,228,658,338,320,0,1,1,p_1.30.24_LL3f_mi,5
263,170,134,225,659,329,330,0,1,1,p_1.30.24_LL3f_mi,5
264,172,127,222,671,338,333,0,1,1,p_1.30.24_LL3f_mi,5
265,177,141,226,658,319,339,0,1,1,p_1.30.24_LL3f_mi,5
266,174,132,226,656,320,336,0,1,1,p_1.30.24_LL3f_mi,5
267,166,136,216,693,339,354,0,1,1,p_1.30.24_LL3f_mi,5
268,172,139,216,685,336,349,0,1,1,p_1.30.24_LL3f_mi,5
269,174,144,221,675,327,348,0,1,1,p_1.30.24_LL3f_mi,5
270,171,134,223,668,342,326,0,1,1,p_1.30.24_LL3f_mi,5
271,171,135,225,659,310,349,0,1,1,p_1.30.24_LL3f_mi,5
272,176,145,225,658,309,349,0,1,1,p_1.30.24_LL3f_mi,5
273,169,132,230,650,316,334,0,1,1,p_1.30.24_LL3f_mi,5
274,166,132,225,656,308,348,0,1,1,p_1.30.24_LL3f_mi,5
275,174,135,221,673,315,358,0,1,1,p_1.30.24_LL3f_mi,5
276,157,130,206,713,352,361,0,1,1,p_1.30.24_LL3f_mi,5
277,167,134,216,688,338,350,0,1,1,p_1.30.24_LL3f_mi,5
278,173,136,224,661,327,334,0,1,1,p_1.30.24_LL3f_mi,5
279,173,133,230,645,315,330,0,1,1,p_1.30.24_LL3f_mi,5
280,170,123,225,659,332,327,0,1,1,p_1.30.24_LL3f_mi,5
281,170,136,219,675,332,343,0,1,1,p_1.30.24_LL3f_mi,5
282,171,132,217,688,353,335,0,1,1,p_1.30.24_LL3f_mi,5
283,179,132,226,656,340,316,0,1,1,p_1.30.24_LL3f_mi,5
284,176,135,228,652,310,342,0,1,1,p_1.30.24_LL3f_mi,5
285,176,147,225,661,323,338,0,1,1,p_1.30.24_LL3f_mi,5
286,175,132,225,665,330,335,0,1,1,p_1.30.24_LL3f_mi,5
287,166,132,211,696,349,347,0,1,1,p_1.30.24_LL3f_mi,5
288,184,142,231,643,322,321,0,1,1,p_1.30.24_LL3f_mi,5
289,169,131,226,657,318,339,0,1,1,p_1.30.24_LL3f_mi,5
290,191,136,234,634,329,305,0,1,1,p_1.30.24_LL3f_mi,5
291,183,137,235,625,316,309,0,1,1,p_1.30.24_LL3f_mi,5
292,177,133,227,663,344,319,0,1,1,p_1.30.24_LL3f_mi,5
293,167,130,226,656,335,321,0,1,1,p_1.30.24_LL3f_mi,5
294,173,140,222,668,340,328,0,1,1,p_1.30.24_LL3f_mi,5
295,178,135,223,665,328,337,0,1,1,p_1.30.24_LL3f_mi,5
296,169,133,220,680,325,355,0,1,1,p_1.30.24_LL3f_mi,5
297,178,142,230,642,298,344,0,1,1,p_1.30.24_LL3f_mi,5
298,170,129,219,675,314,361,0,1,1,p_1.30.24_LL3f_mi,5
299,167,130,219,678,331,347,0,1,1,p_1.30.24_LL3f_mi,5
300,175,136,223,671,338,333,0,1,1,p_1.30.24_LL3f_mi,5
301,166,137,215,695,344,351,0,1,1,p_1.30.24_LL3f_mi,5
302,177,143,226,656,314,342,0,1,1,p_1.30.24_LL3f_mi,5
303,179,139,227,656,296,360,0,1,1,p_1.30.24_LL3f_mi,5
304,181,139,230,639,283,356,0,1,1,p_1.30.24_LL3f_mi,5
305,172,133,224,672,332,340,0,1,1,p_1.30.24_LL3f_mi,5
306,185,144,229,658,333,325,0,1,1,p_1.30.24_LL3f_mi,5
307,178,137,229,651,336,315,0,1,1,p_1.30.24_LL3f_mi,5
308,181,139,227,659,338,321,0,1,1,p_1.30.24_LL3f_mi,5
309,167,127,225,662,334,328,0,1,1,p_1.30.24_LL3f_mi,5
310,175,124,218,683,349,334,0,1,1,p_1.30.24_LL3f_mi,5
311,182,144,231,635,325,310,0,1,1,p_1.30.24_LL3f_mi,5
312,176,138,228,650,324,326,0,1,1,p_1.30.24_LL3f_mi,5
313,170,128,214,687,337,350,0,1,1,p_1.30.24_LL3f_mi,5
314,178,138,228,649,322,327,0,1,1,p_1.30.24_LL3f_mi,5
315,178,144,225,655,337,318,0,1,1,p_1.30.24_LL3f_mi,5
316,167,137,221,683,334,349,0,1,1,p_1.30.24_LL3f_mi,5
317,175,128,220,674,336,338,0,1,1,p_1.30.24_LL3f_mi,5
318,174,137,223,664,346,318,0,1,1,p_1.30.24_LL3f_mi,5
319,168,132,222,670,336,334,0,1,1,p_1.30.24_LL3f_mi,5
320,180,129,229,652,331,321,0,1,1,p_1.30.24_LL3f_mi,5
321,172,125,217,686,354,332,0,1,1,p_1.30.24_LL3f_mi,5
322,166,120,216,684,358,326,0,1,1,p_1.30.24_LL3f_mi,5
323,166,127,213,694,367,327,0,1,1,p_1.30.24_LL3f_mi,5
324,181,134,229,651,329,322,0,1,1,p_1.30.24_LL3f_mi,5
325,187,126,231,640,344,296,0,1,1,p_1.30.24_LL3f_mi,5
326,161,134,213,695,359,336,0,1,1,p_1.30.24_LL3f_mi,5
327,167,130,223,664,330,334,0,1,1,p_1.30.24_LL3f_mi,5
328,174,143,225,656,330,326,0,1,1,p_1.30.24_LL3f_mi,5
329,169,130,229,646,326,320,0,1,1,p_1.30.24_LL3f_mi,5
330,173,128,223,673,349,324,0,1,1,p_1.30.24_LL3f_mi,5
331,172,131,221,672,338,334,0,1,1,p_1.30.24_LL3f_mi,5
332,178,129,229,646,320,326,0,1,1,p_1.30.24_LL3f_mi,5
333,171,139,227,664,332,332,0,1,1,p_1.30.24_LL3f_mi,5
334,169,136,221,674,354,320,0,1,1,p_1.30.24_LL3f_mi,5
335,166,134,216,685,360,325,0,1,1,p_1.30.24_LL3f_mi,5
336,177,130,224,661,343,318,0,1,1,p_1.30.24_LL3f_mi,5
337,175,135,227,658,340,318,0,1,1,p_1.30.24_LL3f_mi,5
338,177,134,231,645,345,300,0,1,1,p_1.30.24_LL3f_mi,5
339,172,131,222,674,337,337,0,1,1,p_1.30.24_LL3f_mi,5
340,181,134,231,642,311,331,0,1,1,p_1.30.24_LL3f_mi,5
341,168,129,221,673,327,346,0,1,1,p_1.30.24_LL3f_mi,5
342,167,139,215,689,346,343,0,1,1,p_1.30.24_LL3f_mi,5
343,162,132,214,695,331,364,0,1,1,p_1.30.24_LL3f_mi,5
344,171,137,219,675,340,335,0,1,1,p_1.30.24_LL3f_mi,5
345,183,134,230,641,325,316,0,1,1,p_1.30.24_LL3f_mi,5
346,176,140,229,653,332,321,0,1,1,p_1.30.24_LL3f_mi,5
347,187,138,233,635,316,319,0,1,1,p_1.30.24_LL3f_mi,5
348,173,130,219,676,346,330,0,1,1,p_1.30.24_LL3f_mi,5
349,177,133,225,670,348,322,0,1,1,p_1.30.24_LL3f_mi,5
350,176,136,224,660,347,313,0,1,1,p_1.30.24_LL3f_mi,5
1,8,8,11,619,309,310,0,1,2,p_1.30.24_LL3f_mi,5
2,93,81,121,857,448,409,0,1,2,p_1.30.24_LL3f_mi,5
3,137,111,172,783,402,381,0,1,2,p_1.30.24_LL3f_mi,5
4,160,125,200,724,373,351,0,1,2,p_1.30.24_LL3f_mi,5
5,159,131,215,687,351,336,0,1,2,p_1.30.24_LL3f_mi,5
6,181,142,227,659,322,337,0,1,2,p_1.30.24_LL3f_mi,5
7,168,139,229,642,309,333,0,1,2,p_1.30.24_LL3f_mi,5
8,185,140,233,629,306,323,0,1,2,p_1.30.24_LL3f_mi,5
9,170,125,215,689,345,344,0,1,2,p_1.30.24_LL3f_mi,5
10,172,129,221,686,341,345,0,1,2,p_1.30.24_LL3f_mi,5
11,169,131,219,675,347,328,0,1,2,p_1.30.24_LL3f_mi,5
12,176,133,228,649,346,303,0,1,2,p_1.30.24_LL3f_mi,5
13,178,143,225,660,337,323,0,1,2,p_1.30.24_LL3f_mi,5
14,174,135,219,678,335,343,0,1,2,p_1.30.24_LL3f_mi,5
15,179,145,231,644,319,325,0,1,2,p_1.30.24_LL3f_mi,5
16,174,135,223,673,336,337,0,1,2,p_1.30.24_LL3f_mi,5
17,172,142,220,674,336,338,0,1,2,p_1.30.24_LL3f_mi,5
18,171,127,219,672,359,313,0,1,2,p_1.30.24_LL3f_mi,5
19,173,126,232,643,339,304,0,1,2,p_1.30.24_LL3f_mi,5
20,174,130,222,665,337,328,0,1,2,p_1.30.24_LL3f_mi,5
21,173,138,225,663,341,322,0,1,2,p_1.30.24_LL3f_mi,5
22,178,140,228,656,337,319,0,1,2,p_1.30.24_LL3f_mi,5
23,174,136,219,681,346,335,0,1,2,p_1.30.24_LL3f_mi,5
24,173,134,222,667,340,327,0,1,2,p_1.30.24_LL3f_mi,5
25,163,131,217,685,344,341,0,1,2,p_1.30.24_LL3f_mi,5
26,162,136,201,719,359,360,0,1,2,p_1.30.24_LL3f_mi,5
27,176,136,229,656,335,321,0,1,2,p_1.30.24_LL3f_mi,5
28,166,136,217,680,332,348,0,1,2,p_1.30.24_LL3f_mi,5
29,174,142,226,662,325,337,0,1,2,p_1.30.24_LL3f_mi,5
30,176,141,221,670,327,343,0,1,2,p_1.30.24_LL3f_mi,5
31,180,139,230,645,307,338,0,1,2,p_1.30.24_LL3f_mi,5
32,179,127,228,645,323,322,0,1,2,p_1.30.24_LL3f_mi,5
33,174,140,224,664,334,330,0,1,2,p_1.30.24_LL3f_mi,5
34,160,132,222,670,316,354,0,1,2,p_1.30.24_LL3f_mi,5
35,173,142,225,658,301,357,0,1,2,p_1.30.24_LL3f_mi,5
36,172,131,219,679,316,363,0,1,2,p_1.30.24_LL3f_mi,5
37,182,140,226,658,320,338,0,1,2,p_1.30.24_LL3f_mi,5
38,170,135,219,674,327,347,0,1,2,p_1.30.24_LL3f_mi,5
39,174,136,225,663,337,326,0,1,2,p_1.30.24_LL3f_mi,5
40,167,132,215,683,361,322,0,1,2,p_1.30.24_LL3f_mi,5
41,187,138,234,631,333,298,0,1,2,p_1.30.24_LL3f_mi,5
42,188,131,236,623,336,287,0,1,2,p_1.30.24_LL3f_mi,5
43,182,135,227,651,336,315,0,1,2,p_1.30.24_LL3f_mi,5
44,178,137,229,652,319,333,0,1,2,p_1.30.24_LL3f_mi,5
45,170,128,216,687,340,347,0,1,2,p_1.30.24_LL3f_mi,5
46,182,140,233,647,316,331,0,1,2,p_1.30.24_LL3f_mi,5
47,172,130,224,662,319,343,0,1,2,p_1.30.24_LL3f_mi,5
48,177,139,225,658,328,330,0,1,2,p_1.30.24_LL3f_mi,5
49,171,136,224,660,344,316,0,1,2,p_1.30.24_LL3f_mi,5
50,168,130,218,684,348,336,0,1,2,p_1.30.24_LL3f_mi,5
51,163,131,202,718,381,337,0,1,2,p_1.30.24_LL3f_mi,5
52,176,133,233,634,320,314,0,1,2,p_1.30.24_LL3f_mi,5
53,185,151,223,669,332,337,0,1,2,p_1.30.24_LL3f_mi,5
54,182,146,227,653,322,331,0,1,2,p_1.30.24_LL3f_mi,5
55,171,126,226,664,338,326,0,1,2,p_1.30.24_LL3f_mi,5
56,171,128,222,668,352,316,0,1,2,p_1.30.24_LL3f_mi,5
57,176,140,227,653,325,328,0,1,2,p_1.30.24_LL3f_mi,5
58,177,138,224,663,321,342,0,1,2,p_1.30.24_LL3f_mi,5
59,176,136,226,661,317,344,0,1,2,p_1.30.24_LL3f_mi,5
60,173,131,221,676,337,339,0,1,2,p_1.30.24_LL3f_mi,5
61,173,138,223,668,339,329,0,1,2,p_1.30.24_LL3f_mi,5
62,165,134,215,689,346,343,0,1,2,p_1.30.24_LL3f_mi,5
63,173,137,221,676,356,320,0,1,2,p_1.30.24_LL3f_mi,5
64,177,134,228,657,335,322,0,1,2,p_1.30.24_LL3f_mi,5
65,173,135,226,657,337,320,0,1,2,p_1.30.24_LL3f_mi,5
66,162,127,218,683,339,344,0,1,2,p_1.30.24_LL3f_mi,5
67,175,139,222,677,334,343,0,1,2,p_1.30.24_LL3f_mi,5
68,173,138,219,678,336,342,0,1,2,p_1.30.24_LL3f_mi,5
69,176,140,227,658,322,336,0,1,2,p_1.30.24_LL3f_mi,5
70,176,131,225,659,310,349,0,1,2,p_1.30.24_LL3f_mi,5
71,176,145,227,655,322,333,0,1,2,p_1.30.24_LL3f_mi,5
72,173,142,220,669,331,338,0,1,2,p_1.30.24_LL3f_mi,5
73,179,139,225,659,323,336,0,1,2,p_1.30.24_LL3f_mi,5
74,177,137,226,660,327,333,0,1,2,p_1.30.24_LL3f_mi,5
75,173,134,222,667,335,332,0,1,2,p_1.30.24_LL3f_mi,5
76,163,123,209,707,354,353,0,1,2,p_1.30.24_LL3f_mi,5
77,176,131,226,666,335,331,0,1,2,p_1.30.24_LL3f_mi,5
78,177,132,226,659,343,316,0,1,2,p_1.30.24_LL3f_mi,5
79,176,140,227,654,342,312,0,1,2,p_1.30.24_LL3f_mi,5
80,169,128,219,678,351,327,0,1,2,p_1.30.24_LL3f_mi,5
81,178,148,225,663,324,339,0,1,2,p_1.30.24_LL3f_mi,5
82,171,135,218,682,325,357,0,1,2,p_1.30.24_LL3f_mi,5
83,178,138,226,658,326,332,0,1,2,p_1.30.24_LL3f_mi,5
84,183,142,228,654,312,342,0,1,2,p_1.30.24_LL3f_mi,5
85,172,140,220,673,329,344,0,1,2,p_1.30.24_LL3f_mi,5
86,171,143,216,687,330,357,0,1,2,p_1.30.24_LL3f_mi,5
87,173,132,226,664,315,349,0,1,2,p_1.30.24_LL3f_mi,5
88,174,138,224,658,315,343,0,1,2,p_1.30.24_LL3f_mi,5
89,167,131,222,667,331,336,0,1,2,p_1.30.24_LL3f_mi,5
90,176,139,222,675,325,350,0,1,2,p_1.30.24_LL3f_mi,5
91,170,138,221,670,328,342,0,1,2,p_1.30.24_LL3f_mi,5
92,170,132,223,668,324,344,0,1,2,p_1.30.24_LL3f_mi,5
93,177,135,226,658,331,327,0,1,2,p_1.30.24_LL3f_mi,5
94,173,137,226,663,329,334,0,1,2,p_1.30.24_LL3f_mi,5
95,185,143,226,658,324,334,0,1,2,p_1.30.24_LL3f_mi,5
96,166,133,218,679,322,357,0,1,2,p_1.30.24_LL3f_mi,5
97,171,134,220,675,335,340,0,1,2,p_1.30.24_LL3f_mi,5
98,174,135,227,649,327,322,0,1,2,p_1.30.24_LL3f_mi,5
99,173,136,219,675,335,340,0,1,2,p_1.30.24_LL3f_mi,5
100,155,131,197,658,319,339,0,1,2,p_1.30.24_LL3f_mi,5
101,107,88,137,690,348,342,0,1,2,p_1.30.24_LL3f_mi,5
102,124,87,157,577,299,278,0,1,2,p_1.30.24_LL3f_mi,5
103,109,96,135,541,283,258,0,1,2,p_1.30.24_LL3f_mi,5
104,88,73,117,497,268,229,0,1,2,p_1.30.24_LL3f_mi,5
105,83,66,108,440,227,213,0,1,2,p_1.30.24_LL3f_mi,5
106,78,63,97,381,191,190,0,1,2,p_1.30.24_LL3f_mi,5
107,47,44,65,360,181,179,0,1,2,p_1.30.24_LL3f_mi,5
108,50,43,61,294,141,153,0,1,2,p_1.30.24_LL3f_mi,5
109,39,33,52,230,113,117,0,1,2,p_1.30.24_LL3f_mi,5
110,28,28,35,200,92,108,0,1,2,p_1.30.24_LL3f_mi,5
111,30,25,37,161,64,97,0,1,2,p_1.30.24_LL3f_mi,5
112,27,23,37,144,61,83,0,1,2,p_1.30.24_LL3f_mi,5
113,25,20,34,129,60,69,0,1,2,p_1.30.24_LL3f_mi,5
114,24,17,34,111,53,58,0,1,2,p_1.30.24_LL3f_mi,5
115,28,22,34,116,51,65,0,1,2,p_1.30.24_LL3f_mi,5
116,26,23,34,115,52,63,0,1,2,p_1.30.24_LL3f_mi,5
117,27,22,36,112,49,63,0,1,2,p_1.30.24_LL3f_mi,5
118,24,20,34,109,49,60,0,1,2,p_1.30.24_LL3f_mi,5
119,27,23,35,102,50,52,0,1,2,p_1.30.24_LL3f_mi,5
120,25,18,33,97,51,46,0,1,2,p_1.30.24_LL3f_mi,5
121,27,22,34,104,52,52,0,1,2,p_1.30.24_LL3f_mi,5
122,27,17,36,112,58,54,0,1,2,p_1.30.24_LL3f_mi,5
123,27,20,36,119,65,54,0,1,2,p_1.30.24_LL3f_mi,5
124,28,24,36,116,60,56,0,1,2,p_1.30.24_LL3f_mi,5
125,26,20,37,141,79,62,21,1,2,p_1.30.24_LL3f_mi,5
126,26,23,37,129,69,60,8,1,2,p_1.30.24_LL3f_mi,5
127,27,22,35,125,67,58,6,1,2,p_1.30.24_LL3f_mi,5
128,29,21,36,110,58,52,2,1,2,p_1.30.24_LL3f_mi,5
129,25,23,35,104,44,60,0,1,2,p_1.30.24_LL3f_mi,5
130,25,19,32,103,45,58,0,1,2,p_1.30.24_LL3f_mi,5
131,28,25,35,108,46,62,0,1,2,p_1.30.24_LL3f_mi,5
132,29,26,34,104,45,59,0,1,2,p_1.30.24_LL3f_mi,5
133,24,19,33,102,47,55,0,1,2,p_1.30.24_LL3f_mi,5
134,23,16,31,92,44,48,0,1,2,p_1.30.24_LL3f_mi,5
135,23,15,31,93,51,42,0,1,2,p_1.30.24_LL3f_mi,5
136,26,18,33,101,53,48,0,1,2,p_1.30.24_LL3f_mi,5
137,25,21,32,104,47,57,0,1,2,p_1.30.24_LL3f_mi,5
138,27,20,32,104,42,62,0,1,2,p_1.30.24_LL3f_mi,5
139,29,23,33,104,40,64,0,1,2,p_1.30.24_LL3f_mi,5
140,25,22,35,121,52,69,16,1,2,p_1.30.24_LL3f_mi,5
141,25,19,35,114,49,65,7,1,2,p_1.30.24_LL3f_mi,5
142,26,20,33,99,50,49,3,1,2,p_1.30.24_LL3f_mi,5
143,26,21,32,92,44,48,1,1,2,p_1.30.24_LL3f_mi,5
144,30,21,34,94,51,43,0,1,2,p_1.30.24_LL3f_mi,5
145,25,19,34,103,61,42,0,1,2,p_1.30.24_LL3f_mi,5
146,28,23,34,103,64,39,0,1,2,p_1.30.24_LL3f_mi,5
147,28,22,33,98,52,46,0,1,2,p_1.30.24_LL3f_mi,5
148,25,19,33,97,48,49,0,1,2,p_1.30.24_LL3f_mi,5
149,26,20,32,100,52,48,0,1,2,p_1.30.24_LL3f_mi,5
150,25,18,35,111,54,57,0,1,2,p_1.30.24_LL3f_mi,5
151,54,39,80,115,55,60,0,1,2,p_1.30.24_LL3f_mi,5
152,71,46,98,153,76,77,0,1,2,p_1.30.24_LL3f_mi,5
153,91,59,120,193,105,88,0,1,2,p_1.30.24_LL3f_mi,5
154,107,68,141,259,139,120,0,1,2,p_1.30.24_LL3f_mi,5
155,122,86,160,361,182,179,19,1,2,p_1.30.24_LL3f_mi,5
156,139,95,179,403,193,210,6,1,2,p_1.30.24_LL3f_mi,5
157,150,114,195,446,207,239,3,1,2,p_1.30.24_LL3f_mi,5
158,159,118,210,504,229,275,2,1,2,p_1.30.24_LL3f_mi,5
159,178,131,227,549,255,294,0,1,2,p_1.30.24_LL3f_mi,5
160,185,131,240,607,296,311,0,1,2,p_1.30.24_LL3f_mi,5
161,181,141,237,625,307,318,0,1,2,p_1.30.24_LL3f_mi,5
162,167,143,216,691,330,361,0,1,2,p_1.30.24_LL3f_mi,5
163,173,140,228,655,315,340,0,1,2,p_1.30.24_LL3f_mi,5
164,179,134,229,647,314,333,0,1,2,p_1.30.24_LL3f_mi,5
165,187,157,230,650,327,323,0,1,2,p_1.30.24_LL3f_mi,5
166,166,124,219,676,347,329,0,1,2,p_1.30.24_LL3f_mi,5
167,171,131,222,677,348,329,0,1,2,p_1.30.24_LL3f_mi,5
168,168,124,216,687,357,330,0,1,2,p_1.30.24_LL3f_mi,5
169,176,134,225,658,336,322,0,1,2,p_1.30.24_LL3f_mi,5
170,172,127,222,669,330,339,19,1,2,p_1.30.24_LL3f_mi,5
171,184,134,233,635,315,320,11,1,2,p_1.30.24_LL3f_mi,5
172,180,129,231,641,319,322,4,1,2,p_1.30.24_LL3f_mi,5
173,172,137,225,661,326,335,1,1,2,p_1.30.24_LL3f_mi,5
174,166,129,218,675,338,337,0,1,2,p_1.30.24_LL3f_mi,5
175,173,135,221,674,328,346,0,1,2,p_1.30.24_LL3f_mi,5
176,160,132,202,721,368,353,0,1,2,p_1.30.24_LL3f_mi,5
177,169,134,222,666,341,325,0,1,2,p_1.30.24_LL3f_mi,5
178,181,140,229,648,322,326,0,1,2,p_1.30.24_LL3f_mi,5
179,179,132,235,624,292,332,0,1,2,p_1.30.24_LL3f_mi,5
180,171,136,231,637,306,331,0,1,2,p_1.30.24_LL3f_mi,5
181,187,146,233,643,300,343,0,1,2,p_1.30.24_LL3f_mi,5
182,175,138,225,664,293,371,0,1,2,p_1.30.24_LL3f_mi,5
183,179,136,233,627,282,345,0,1,2,p_1.30.24_LL3f_mi,5
184,181,140,228,655,303,352,0,1,2,p_1.30.24_LL3f_mi,5
185,168,132,218,681,328,353,0,1,2,p_1.30.24_LL3f_mi,5
186,171,137,218,683,341,342,0,1,2,p_1.30.24_LL3f_mi,5
187,174,134,227,654,315,339,0,1,2,p_1.30.24_LL3f_mi,5
188,176,137,229,651,301,350,0,1,2,p_1.30.24_LL3f_mi,5
189,174,141,225,670,320,350,0,1,2,p_1.30.24_LL3f_mi,5
190,186,149,228,655,311,344,0,1,2,p_1.30.24_LL3f_mi,5
191,171,141,216,684,342,342,0,1,2,p_1.30.24_LL3f_mi,5
192,171,130,222,671,337,334,0,1,2,p_1.30.24_LL3f_mi,5
193,181,139,229,658,344,314,0,1,2,p_1.30.24_LL3f_mi,5
194,180,131,225,663,342,321,0,1,2,p_1.30.24_LL3f_mi,5
195,173,127,224,659,343,316,0,1,2,p_1.30.24_LL3f_mi,5
196,165,136,216,686,343,343,0,1,2,p_1.30.24_LL3f_mi,5
197,165,134,222,670,335,335,0,1,2,p_1.30.24_LL3f_mi,5
198,170,132,225,670,328,342,0,1,2,p_1.30.24_LL3f_mi,5
199,175,140,229,650,319,331,0,1,2,p_1.30.24_LL3f_mi,5
200,175,137,227,652,311,341,0,1,2,p_1.30.24_LL3f_mi,5
201,156,126,206,712,334,378,0,1,2,p_1.30.24_LL3f_mi,5
202,173,133,223,663,312,351,0,1,2,p_1.30.24_LL3f_mi,5
203,182,144,231,640,300,340,0,1,2,p_1.30.24_LL3f_mi,5
204,179,137,232,641,304,337,0,1,2,p_1.30.24_LL3f_mi,5
205,178,133,229,646,325,321,0,1,2,p_1.30.24_LL3f_mi,5
206,172,139,220,680,325,355,0,1,2,p_1.30.24_LL3f_mi,5
207,169,138,218,682,339,343,0,1,2,p_1.30.24_LL3f_mi,5
208,176,138,226,656,304,352,0,1,2,p_1.30.24_LL3f_mi,5
209,170,136,226,658,308,350,0,1,2,p_1.30.24_LL3f_mi,5
210,173,143,224,659,303,356,0,1,2,p_1.30.24_LL3f_mi,5
211,171,141,224,664,310,354,0,1,2,p_1.30.24_LL3f_mi,5
212,173,135,229,648,313,335,0,1,2,p_1.30.24_LL3f_mi,5
213,181,140,227,654,316,338,0,1,2,p_1.30.24_LL3f_mi,5
214,163,133,215,688,339,349,0,1,2,p_1.30.24_LL3f_mi,5
215,176,142,224,668,329,339,0,1,2,p_1.30.24_LL3f_mi,5
216,173,135,221,676,318,358,0,1,2,p_1.30.24_LL3f_mi,5
217,172,138,219,676,346,330,0,1,2,p_1.30.24_LL3f_mi,5
218,176,146,226,654,315,339,0,1,2,p_1.30.24_LL3f_mi,5
219,174,136,225,661,309,352,0,1,2,p_1.30.24_LL3f_mi,5
220,181,136,227,652,308,344,0,1,2,p_1.30.24_LL3f_mi,5
221,173,139,223,663,322,341,0,1,2,p_1.30.24_LL3f_mi,5
222,178,131,233,633,297,336,0,1,2,p_1.30.24_LL3f_mi,5
223,177,143,223,668,335,333,0,1,2,p_1.30.24_LL3f_mi,5
224,175,136,221,670,332,338,0,1,2,p_1.30.24_LL3f_mi,5
225,175,141,227,655,315,340,0,1,2,p_1.30.24_LL3f_mi,5
226,163,135,202,718,354,364,0,1,2,p_1.30.24_LL3f_mi,5
227,168,133,219,679,332,347,0,1,2,p_1.30.24_LL3f_mi,5
228,171,126,222,665,344,321,0,1,2,p_1.30.24_LL3f_mi,5
229,172,131,217,687,350,337,0,1,2,p_1.30.24_LL3f_mi,5
230,177,144,225,658,312,346,0,1,2,p_1.30.24_LL3f_mi,5
231,177,142,228,660,316,344,0,1,2,p_1.30.24_LL3f_mi,5
232,171,135,219,675,329,346,0,1,2,p_1.30.24_LL3f_mi,5
233,173,136,225,662,312,350,0,1,2,p_1.30.24_LL3f_mi,5
234,184,142,231,637,306,331,0,1,2,p_1.30.24_LL3f_mi,5
235,189,146,226,657,304,353,0,1,2,p_1.30.24_LL3f_mi,5
236,173,142,230,648,302,346,0,1,2,p_1.30.24_LL3f_mi,5
237,174,144,219,682,326,356,0,1,2,p_1.30.24_LL3f_mi,5
238,167,128,223,665,325,340,0,1,2,p_1.30.24_LL3f_mi,5
239,181,142,234,634,313,321,0,1,2,p_1.30.24_LL3f_mi,5
240,182,139,231,644,321,323,0,1,2,p_1.30.24_LL3f_mi,5
241,180,134,223,667,348,319,0,1,2,p_1.30.24_LL3f_mi,5
242,169,126,219,683,371,312,0,1,2,p_1.30.24_LL3f_mi,5
243,167,137,219,683,365,318,0,1,2,p_1.30.24_LL3f_mi,5
244,172,135,223,672,340,332,0,1,2,p_1.30.24_LL3f_mi,5
245,161,122,218,679,341,338,0,1,2,p_1.30.24_LL3f_mi,5
246,175,131,226,657,321,336,0,1,2,p_1.30.24_LL3f_mi,5
247,184,141,229,645,311,334,0,1,2,p_1.30.24_LL3f_mi,5
248,173,135,223,672,323,349,0,1,2,p_1.30.24_LL3f_mi,5
249,177,144,226,656,316,340,0,1,2,p_1.30.24_LL3f_mi,5
250,180,137,232,642,320,322,0,1,2,p_1.30.24_LL3f_mi,5
251,157,132,204,719,357,362,0,1,2,p_1.30.24_LL3f_mi,5
252,169,129,218,681,353,328,0,1,2,p_1.30.24_LL3f_mi,5
253,167,136,225,668,352,316,0,1,2,p_1.30.24_LL3f_mi,5
254,174,146,227,653,340,313,0,1,2,p_1.30.24_LL3f_mi,5
255,171,131,220,675,345,330,0,1,2,p_1.30.24_LL3f_mi,5
256,186,139,229,649,339,310,0,1,2,p_1.30.24_LL3f_mi,5
257,179,130,227,659,335,324,0,1,2,p_1.30.24_LL3f_mi,5
258,162,133,219,680,335,345,0,1,2,p_1.30.24_LL3f_mi,5
259,170,133,229,653,325,328,0,1,2,p_1.30.24_LL3f_mi,5
260,174,128,226,660,329,331,0,1,2,p_1.30.24_LL3f_mi,5
261,175,129,224,663,341,322,0,1,2,p_1.30.24_LL3f_mi,5
262,169,122,218,680,351,329,0,1,2,p_1.30.24_LL3f_mi,5
263,182,144,224,665,342,323,0,1,2,p_1.30.24_LL3f_mi,5
264,173,130,221,671,353,318,0,1,2,p_1.30.24_LL3f_mi,5
265,176,136,222,671,351,320,0,1,2,p_1.30.24_LL3f_mi,5
266,177,135,227,653,328,325,0,1,2,p_1.30.24_LL3f_mi,5
267,163,124,207,706,373,333,0,1,2,p_1.30.24_LL3f_mi,5
268,171,142,223,670,339,331,0,1,2,p_1.30.24_LL3f_mi,5
269,181,137,227,650,314,336,0,1,2,p_1.30.24_LL3f_mi,5
270,183,134,228,653,329,324,0,1,2,p_1.30.24_LL3f_mi,5
271,169,136,224,664,349,315,0,1,2,p_1.30.24_LL3f_mi,5
272,176,139,224,667,334,333,0,1,2,p_1.30.24_LL3f_mi,5
273,169,128,219,679,346,333,0,1,2,p_1.30.24_LL3f_mi,5
274,172,143,223,670,355,315,0,1,2,p_1.30.24_LL3f_mi,5
275,172,135,224,658,355,303,0,1,2,p_1.30.24_LL3f_mi,5
276,171,133,214,695,367,328,0,1,2,p_1.30.24_LL3f_mi,5
277,170,133,228,647,346,301,0,1,2,p_1.30.24_LL3f_mi,5
278,179,131,229,653,337,316,0,1,2,p_1.30.24_LL3f_mi,5
279,176,141,219,680,343,337,0,1,2,p_1.30.24_LL3f_mi,5
280,180,140,227,648,318,330,0,1,2,p_1.30.24_LL3f_mi,5
281,183,147,225,662,331,331,0,1,2,p_1.30.24_LL3f_mi,5
282,173,144,221,674,327,347,0,1,2,p_1.30.24_LL3f_mi,5
283,183,137,228,647,312,335,0,1,2,p_1.30.24_LL3f_mi,5
284,179,139,228,647,313,334,0,1,2,p_1.30.24_LL3f_mi,5
285,178,141,235,634,306,328,0,1,2,p_1.30.24_LL3f_mi,5
286,173,141,224,661,309,352,0,1,2,p_1.30.24_LL3f_mi,5
287,172,134,225,666,310,356,0,1,2,p_1.30.24_LL3f_mi,5
288,177,133,224,666,309,357,0,1,2,p_1.30.24_LL3f_mi,5
289,174,135,225,662,333,329,0,1,2,p_1.30.24_LL3f_mi,5
290,175,130,224,664,324,340,0,1,2,p_1.30.24_LL3f_mi,5
291,174,139,225,668,328,340,0,1,2,p_1.30.24_LL3f_mi,5
292,184,141,230,640,311,329,0,1,2,p_1.30.24_LL3f_mi,5
293,180,143,223,663,321,342,0,1,2,p_1.30.24_LL3f_mi,5
294,183,131,227,657,338,319,0,1,2,p_1.30.24_LL3f_mi,5
295,175,142,224,662,338,324,0,1,2,p_1.30.24_LL3f_mi,5
296,170,133,226,659,348,311,0,1,2,p_1.30.24_LL3f_mi,5
297,174,129,221,669,358,311,0,1,2,p_1.30.24_LL3f_mi,5
298,164,125,210,701,379,322,0,1,2,p_1.30.24_LL3f_mi,5
299,177,133,220,678,384,294,0,1,2,p_1.30.24_LL3f_mi,5
300,175,134,227,655,362,293,0,1,2,p_1.30.24_LL3f_mi,5
301,158,122,210,705,373,332,0,1,2,p_1.30.24_LL3f_mi,5
302,179,138,229,647,324,323,0,1,2,p_1.30.24_LL3f_mi,5
303,174,134,221,672,334,338,0,1,2,p_1.30.24_LL3f_mi,5
304,180,135,224,660,334,326,0,1,2,p_1.30.24_LL3f_mi,5
305,172,134,222,672,320,352,0,1,2,p_1.30.24_LL3f_mi,5
306,180,144,221,675,332,343,0,1,2,p_1.30.24_LL3f_mi,5
307,177,139,225,665,313,352,0,1,2,p_1.30.24_LL3f_mi,5
308,172,138,217,688,326,362,0,1,2,p_1.30.24_LL3f_mi,5
309,172,136,225,661,315,346,0,1,2,p_1.30.24_LL3f_mi,5
310,177,138,224,668,308,360,0,1,2,p_1.30.24_LL3f_mi,5
311,167,131,214,690,313,377,0,1,2,p_1.30.24_LL3f_mi,5
312,174,142,223,669,310,359,0,1,2,p_1.30.24_LL3f_mi,5
313,171,140,218,681,322,359,0,1,2,p_1.30.24_LL3f_mi,5
314,182,141,229,646,314,332,0,1,2,p_1.30.24_LL3f_mi,5
315,181,147,225,658,323,335,0,1,2,p_1.30.24_LL3f_mi,5
316,174,147,223,668,328,340,0,1,2,p_1.30.24_LL3f_mi,5
317,170,142,225,658,324,334,0,1,2,p_1.30.24_LL3f_mi,5
318,187,144,226,659,333,326,0,1,2,p_1.30.24_LL3f_mi,5
319,181,144,226,660,313,347,0,1,2,p_1.30.24_LL3f_mi,5
320,175,137,230,649,307,342,0,1,2,p_1.30.24_LL3f_mi,5
321,168,138,221,671,321,350,0,1,2,p_1.30.24_LL3f_mi,5
322,176,132,226,658,310,348,0,1,2,p_1.30.24_LL3f_mi,5
323,177,144,230,645,307,338,0,1,2,p_1.30.24_LL3f_mi,5
324,173,143,223,669,318,351,0,1,2,p_1.30.24_LL3f_mi,5
325,171,135,226,656,322,334,0,1,2,p_1.30.24_LL3f_mi,5
326,167,130,213,696,337,359,0,1,2,p_1.30.24_LL3f_mi,5
327,172,142,225,658,306,352,0,1,2,p_1.30.24_LL3f_mi,5
328,179,138,223,668,320,348,0,1,2,p_1.30.24_LL3f_mi,5
329,167,132,224,668,313,355,0,1,2,p_1.30.24_LL3f_mi,5
330,176,138,224,664,315,349,0,1,2,p_1.30.24_LL3f_mi,5
331,181,140,230,645,308,337,0,1,2,p_1.30.24_LL3f_mi,5
332,176,141,225,662,318,344,0,1,2,p_1.30.24_LL3f_mi,5
333,178,142,230,646,318,328,0,1,2,p_1.30.24_LL3f_mi,5
334,181,139,230,651,321,330,0,1,2,p_1.30.24_LL3f_mi,5
335,178,130,232,639,326,313,0,1,2,p_1.30.24_LL3f_mi,5
336,167,133,220,672,344,328,0,1,2,p_1.30.24_LL3f_mi,5
337,177,139,226,663,323,340,0,1,2,p_1.30.24_LL3f_mi,5
338,174,143,225,667,321,346,0,1,2,p_1.30.24_LL3f_mi,5
339,178,140,231,645,288,357,0,1,2,p_1.30.24_LL3f_mi,5
340,186,149,229,657,317,340,0,1,2,p_1.30.24_LL3f_mi,5
341,171,134,220,673,328,345,0,1,2,p_1.30.24_LL3f_mi,5
342,172,133,222,670,343,327,0,1,2,p_1.30.24_LL3f_mi,5
343,165,138,222,672,330,342,0,1,2,p_1.30.24_LL3f_mi,5
344,185,146,229,650,308,342,0,1,2,p_1.30.24_LL3f_mi,5
345,178,141,220,671,328,343,0,1,2,p_1.30.24_LL3f_mi,5
346,174,134,225,661,327,334,0,1,2,p_1.30.24_LL3f_mi,5
347,181,138,226,655,324,331,0,1,2,p_1.30.24_LL3f_mi,5
348,178,141,225,659,326,333,0,1,2,p_1.30.24_LL3f_mi,5
349,177,139,224,665,336,329,0,1,2,p_1.30.24_LL3f_mi,5
350,167,128,222,667,324,343,0,1,2,p_1.30.24_LL3f_mi,5
1,13,13,13,645,314,331,0,1,3,p_1.30.24_LL3f_mi,5
2,83,75,114,875,438,437,0,1,3,p_1.30.24_LL3f_mi,5
3,129,109,174,780,385,395,0,1,3,p_1.30.24_LL3f_mi,5
4,167,129,218,682,331,351,0,1,3,p_1.30.24_LL3f_mi,5
5,184,142,233,631,312,319,0,1,3,p_1.30.24_LL3f_mi,5
6,174,140,228,644,322,322,0,1,3,p_1.30.24_LL3f_mi,5
7,183,141,226,665,317,348,0,1,3,p_1.30.24_LL3f_mi,5
8,169,135,223,674,337,337,0,1,3,p_1.30.24_LL3f_mi,5
9,172,135,224,663,313,350,0,1,3,p_1.30.24_LL3f_mi,5
10,173,135,224,665,318,347,0,1,3,p_1.30.24_LL3f_mi,5
11,166,138,217,682,336,346,0,1,3,p_1.30.24_LL3f_mi,5
12,174,138,229,651,311,340,0,1,3,p_1.30.24_LL3f_mi,5
13,170,132,226,654,310,344,0,1,3,p_1.30.24_LL3f_mi,5
14,170,132,225,661,323,338,0,1,3,p_1.30.24_LL3f_mi,5
15,184,139,232,635,333,302,0,1,3,p_1.30.24_LL3f_mi,5
16,175,138,225,666,355,311,0,1,3,p_1.30.24_LL3f_mi,5
17,176,134,227,652,352,300,0,1,3,p_1.30.24_LL3f_mi,5
18,174,138,220,675,337,338,0,1,3,p_1.30.24_LL3f_mi,5
19,177,141,221,673,333,340,0,1,3,p_1.30.24_LL3f_mi,5
20,170,135,218,681,341,340,0,1,3,p_1.30.24_LL3f_mi,5
21,179,136,230,646,335,311,0,1,3,p_1.30.24_LL3f_mi,5
22,172,129,225,662,354,308,0,1,3,p_1.30.24_LL3f_mi,5
23,162,120,213,687,373,314,0,1,3,p_1.30.24_LL3f_mi,5
24,180,133,220,675,378,297,0,1,3,p_1.30.24_LL3f_mi,5
25,174,134,221,674,383,291,0,1,3,p_1.30.24_LL3f_mi,5
26,157,126,202,728,404,324,0,1,3,p_1.30.24_LL3f_mi,5
27,176,132,222,668,383,285,0,1,3,p_1.30.24_LL3f_mi,5
28,179,138,224,661,375,286,0,1,3,p_1.30.24_LL3f_mi,5
29,169,129,223,673,362,311,0,1,3,p_1.30.24_LL3f_mi,5
30,181,134,232,640,342,298,0,1,3,p_1.30.24_LL3f_mi,5
31,175,131,224,667,359,308,0,1,3,p_1.30.24_LL3f_mi,5
32,172,122,222,672,370,302,0,1,3,p_1.30.24_LL3f_mi,5
33,172,129,226,663,363,300,0,1,3,p_1.30.24_LL3f_mi,5
34,161,121,215,690,373,317,0,1,3,p_1.30.24_LL3f_mi,5
35,169,134,220,673,364,309,0,1,3,p_1.30.24_LL3f_mi,5
36,174,133,227,657,343,314,0,1,3,p_1.30.24_LL3f_mi,5
37,186,137,228,653,335,318,0,1,3,p_1.30.24_LL3f_mi,5
38,171,127,222,667,328,339,0,1,3,p_1.30.24_LL3f_mi,5
39,173,134,226,663,324,339,0,1,3,p_1.30.24_LL3f_mi,5
40,171,137,226,664,311,353,0,1,3,p_1.30.24_LL3f_mi,5
41,177,139,226,666,315,351,0,1,3,p_1.30.24_LL3f_mi,5
42,183,141,231,645,301,344,0,1,3,p_1.30.24_LL3f_mi,5
43,176,136,226,654,319,335,0,1,3,p_1.30.24_LL3f_mi,5
44,169,136,223,665,334,331,0,1,3,p_1.30.24_LL3f_mi,5
45,167,126,217,688,337,351,0,1,3,p_1.30.24_LL3f_mi,5
46,171,137,219,686,327,359,0,1,3,p_1.30.24_LL3f_mi,5
47,173,142,225,663,318,345,0,1,3,p_1.30.24_LL3f_mi,5
48,163,134,220,685,336,349,0,1,3,p_1.30.24_LL3f_mi,5
49,174,139,221,675,337,338,0,1,3,p_1.30.24_LL3f_mi,5
50,182,136,228,654,323,331,0,1,3,p_1.30.24_LL3f_mi,5
51,166,125,211,700,353,347,0,1,3,p_1.30.24_LL3f_mi,5
52,177,144,222,663,338,325,0,1,3,p_1.30.24_LL3f_mi,5
53,176,144,229,648,310,338,0,1,3,p_1.30.24_LL3f_mi,5
54,181,141,229,646,316,330,0,1,3,p_1.30.24_LL3f_mi,5
55,175,140,219,678,324,354,0,1,3,p_1.30.24_LL3f_mi,5
56,174,138,221,674,322,352,0,1,3,p_1.30.24_LL3f_mi,5
57,165,133,212,695,327,368,0,1,3,p_1.30.24_LL3f_mi,5
58,169,132,223,665,321,344,0,1,3,p_1.30.24_LL3f_mi,5
59,179,142,227,660,302,358,0,1,3,p_1.30.24_LL3f_mi,5
60,175,142,217,680,306,374,0,1,3,p_1.30.24_LL3f_mi,5
61,180,138,223,668,310,358,0,1,3,p_1.30.24_LL3f_mi,5
62,172,133,220,673,322,351,0,1,3,p_1.30.24_LL3f_mi,5
63,168,142,212,704,330,374,0,1,3,p_1.30.24_LL3f_mi,5
64,182,135,232,651,309,342,0,1,3,p_1.30.24_LL3f_mi,5
65,192,141,235,632,305,327,0,1,3,p_1.30.24_LL3f_mi,5
66,172,135,226,664,332,332,0,1,3,p_1.30.24_LL3f_mi,5
67,161,131,209,707,343,364,0,1,3,p_1.30.24_LL3f_mi,5
68,183,149,229,647,310,337,0,1,3,p_1.30.24_LL3f_mi,5
69,176,135,225,666,329,337,0,1,3,p_1.30.24_LL3f_mi,5
70,167,133,222,674,319,355,0,1,3,p_1.30.24_LL3f_mi,5
71,172,150,232,635,303,332,0,1,3,p_1.30.24_LL3f_mi,5
72,177,145,222,662,317,345,0,1,3,p_1.30.24_LL3f_mi,5
73,174,133,224,662,327,335,0,1,3,p_1.30.24_LL3f_mi,5
74,178,133,229,653,344,309,0,1,3,p_1.30.24_LL3f_mi,5
75,172,133,224,667,343,324,0,1,3,p_1.30.24_LL3f_mi,5
76,156,132,202,721,366,355,0,1,3,p_1.30.24_LL3f_mi,5
77,177,139,228,654,322,332,0,1,3,p_1.30.24_LL3f_mi,5
78,173,134,226,658,330,328,0,1,3,p_1.30.24_LL3f_mi,5
79,180,142,225,659,328,331,0,1,3,p_1.30.24_LL3f_mi,5
80,164,138,213,696,345,351,0,1,3,p_1.30.24_LL3f_mi,5
81,172,136,224,666,337,329,0,1,3,p_1.30.24_LL3f_mi,5
82,181,134,229,646,309,337,0,1,3,p_1.30.24_LL3f_mi,5
83,174,133,224,667,322,345,0,1,3,p_1.30.24_LL3f_mi,5
84,176,136,227,662,322,340,0,1,3,p_1.30.24_LL3f_mi,5
85,171,134,219,673,338,335,0,1,3,p_1.30.24_LL3f_mi,5
86,177,138,231,641,336,305,0,1,3,p_1.30.24_LL3f_mi,5
87,177,135,228,655,331,324,0,1,3,p_1.30.24_LL3f_mi,5
88,172,134,224,658,329,329,0,1,3,p_1.30.24_LL3f_mi,5
89,181,138,227,654,324,330,0,1,3,p_1.30.24_LL3f_mi,5
90,175,135,219,675,333,342,0,1,3,p_1.30.24_LL3f_mi,5
91,177,135,225,660,330,330,0,1,3,p_1.30.24_LL3f_mi,5
92,176,133,234,636,315,321,0,1,3,p_1.30.24_LL3f_mi,5
93,177,134,229,649,315,334,0,1,3,p_1.30.24_LL3f_mi,5
94,171,131,220,675,333,342,0,1,3,p_1.30.24_LL3f_mi,5
95,169,135,214,693,342,351,0,1,3,p_1.30.24_LL3f_mi,5
96,170,137,219,680,349,331,0,1,3,p_1.30.24_LL3f_mi,5
97,181,133,232,634,327,307,0,1,3,p_1.30.24_LL3f_mi,5
98,175,132,229,649,333,316,0,1,3,p_1.30.24_LL3f_mi,5
99,169,126,220,670,358,312,0,1,3,p_1.30.24_LL3f_mi,5
100,146,116,186,678,359,319,0,1,3,p_1.30.24_LL3f_mi,5
101,106,85,138,685,361,324,0,1,3,p_1.30.24_LL3f_mi,5
102,120,97,152,582,312,270,0,1,3,p_1.30.24_LL3f_mi,5
103,112,91,138,538,271,267,0,1,3,p_1.30.24_LL3f_mi,5
104,94,76,119,492,248,244,0,1,3,p_1.30.24_LL3f_mi,5
105,76,65,101,451,243,208,0,1,3,p_1.30.24_LL3f_mi,5
106,64,49,89,396,195,201,0,1,3,p_1.30.24_LL3f_mi,5
107,62,52,78,341,175,166,0,1,3,p_1.30.24_LL3f_mi,5
108,48,41,61,290,152,138,0,1,3,p_1.30.24_LL3f_mi,5
109,40,34,50,239,123,116,0,1,3,p_1.30.24_LL3f_mi,5
110,27,24,33,201,99,102,0,1,3,p_1.30.24_LL3f_mi,5
111,28,26,36,165,79,86,0,1,3,p_1.30.24_LL3f_mi,5
112,25,22,36,141,76,65,0,1,3,p_1.30.24_LL3f_mi,5
113,28,22,35,116,56,60,0,1,3,p_1.30.24_LL3f_mi,5
114,25,21,33,102,46,56,0,1,3,p_1.30.24_LL3f_mi,5
115,26,18,34,103,56,47,0,1,3,p_1.30.24_LL3f_mi,5
116,26,18,34,102,50,52,0,1,3,p_1.30.24_LL3f_mi,5
117,25,18,32,100,53,47,0,1,3,p_1.30.24_LL3f_mi,5
118,25,18,36,99,48,51,0,1,3,p_1.30.24_LL3f_mi,5
119,25,20,33,102,49,53,0,1,3,p_1.30.24_LL3f_mi,5
120,27,22,33,96,52,44,0,1,3,p_1.30.24_LL3f_mi,5
121,25,17,33,99,56,43,0,1,3,p_1.30.24_LL3f_mi,5
122,26,20,32,93,55,38,0,1,3,p_1.30.24_LL3f_mi,5
123,26,21,34,94,52,42,0,1,3,p_1.30.24_LL3f_mi,5
124,25,19,33,100,54,46,0,1,3,p_1.30.24_LL3f_mi,5
125,23,19,36,117,57,60,20,1,3,p_1.30.24_LL3f_mi,5
126,25,21,35,111,52,59,13,1,3,p_1.30.24_LL3f_mi,5
127,26,23,35,117,59,58,6,1,3,p_1.30.24_LL3f_mi,5
128,28,24,35,118,55,63,2,1,3,p_1.30.24_LL3f_mi,5
129,25,23,35,109,52,57,1,1,3,p_1.30.24_LL3f_mi,5
130,25,22,33,105,48,57,0,1,3,p_1.30.24_LL3f_mi,5
131,26,21,35,104,50,54,0,1,3,p_1.30.24_LL3f_mi,5
132,25,18,35,104,53,51,0,1,3,p_1.30.24_LL3f_mi,5
133,27,21,34,107,62,45,0,1,3,p_1.30.24_LL3f_mi,5
134,29,21,36,112,67,45,0,1,3,p_1.30.24_LL3f_mi,5
135,27,20,34,101,55,46,0,1,3,p_1.30.24_LL3f_mi,5
136,28,22,36,113,61,52,0,1,3,p_1.30.24_LL3f_mi,5
137,28,20,36,112,59,53,0,1,3,p_1.30.24_LL3f_mi,5
138,26,20,33,101,51,50,0,1,3,p_1.30.24_LL3f_mi,5
139,26,23,33,105,51,54,0,1,3,p_1.30.24_LL3f_mi,5
140,27,23,37,127,55,72,14,1,3,p_1.30.24_LL3f_mi,5
141,25,19,36,114,52,62,10,1,3,p_1.30.24_LL3f_mi,5
142,27,19,34,106,50,56,4,1,3,p_1.30.24_LL3f_mi,5
143,27,23,32,93,46,47,0,1,3,p_1.30.24_LL3f_mi,5
144,27,19,32,87,47,40,0,1,3,p_1.30.24_LL3f_mi,5
145,28,19,36,97,59,38,0,1,3,p_1.30.24_LL3f_mi,5
146,26,18,32,103,66,37,0,1,3,p_1.30.24_LL3f_mi,5
147,26,20,34,106,68,38,0,1,3,p_1.30.24_LL3f_mi,5
148,24,15,32,96,56,40,0,1,3,p_1.30.24_LL3f_mi,5
149,26,19,32,101,64,37,0,1,3,p_1.30.24_LL3f_mi,5
150,24,17,32,97,51,46,0,1,3,p_1.30.24_LL3f_mi,5
151,50,31,71,102,51,51,0,1,3,p_1.30.24_LL3f_mi,5
152,59,37,91,129,70,59,0,1,3,p_1.30.24_LL3f_mi,5
153,91,52,117,189,113,76,0,1,3,p_1.30.24_LL3f_mi,5
154,109,68,142,248,136,112,0,1,3,p_1.30.24_LL3f_mi,5
155,117,82,161,337,177,160,19,1,3,p_1.30.24_LL3f_mi,5
156,135,94,177,412,227,185,13,1,3,p_1.30.24_LL3f_mi,5
157,156,104,193,453,246,207,8,1,3,p_1.30.24_LL3f_mi,5
158,163,117,211,488,263,225,3,1,3,p_1.30.24_LL3f_mi,5
159,180,123,226,547,274,273,2,1,3,p_1.30.24_LL3f_mi,5
160,190,147,240,601,292,309,0,1,3,p_1.30.24_LL3f_mi,5
161,175,131,233,637,297,340,0,1,3,p_1.30.24_LL3f_mi,5
162,168,133,224,662,314,348,0,1,3,p_1.30.24_LL3f_mi,5
163,181,139,234,641,300,341,0,1,3,p_1.30.24_LL3f_mi,5
164,179,131,226,663,317,346,0,1,3,p_1.30.24_LL3f_mi,5
165,173,131,218,677,330,347,0,1,3,p_1.30.24_LL3f_mi,5
166,169,131,218,684,317,367,0,1,3,p_1.30.24_LL3f_mi,5
167,183,143,228,654,302,352,0,1,3,p_1.30.24_LL3f_mi,5
168,173,129,224,660,314,346,0,1,3,p_1.30.24_LL3f_mi,5
169,179,142,229,647,311,336,0,1,3,p_1.30.24_LL3f_mi,5
170,162,130,210,703,346,357,19,1,3,p_1.30.24_LL3f_mi,5
171,169,133,220,674,336,338,9,1,3,p_1.30.24_LL3f_mi,5
172,173,132,227,656,317,339,7,1,3,p_1.30.24_LL3f_mi,5
173,186,141,232,640,328,312,4,1,3,p_1.30.24_LL3f_mi,5
174,185,138,231,648,341,307,0,1,3,p_1.30.24_LL3f_mi,5
175,178,130,224,659,336,323,0,1,3,p_1.30.24_LL3f_mi,5
176,158,127,203,721,362,359,0,1,3,p_1.30.24_LL3f_mi,5
177,175,134,220,687,343,344,0,1,3,p_1.30.24_LL3f_mi,5
178,179,135,226,654,320,334,0,1,3,p_1.30.24_LL3f_mi,5
179,177,143,226,660,330,330,0,1,3,p_1.30.24_LL3f_mi,5
180,177,141,226,662,334,328,0,1,3,p_1.30.24_LL3f_mi,5
181,167,135,218,680,351,329,0,1,3,p_1.30.24_LL3f_mi,5
182,177,141,222,676,343,333,0,1,3,p_1.30.24_LL3f_mi,5
183,172,140,222,676,361,315,0,1,3,p_1.30.24_LL3f_mi,5
184,166,128,219,677,354,323,0,1,3,p_1.30.24_LL3f_mi,5
185,171,132,220,675,348,327,0,1,3,p_1.30.24_LL3f_mi,5
186,166,130,216,688,350,338,0,1,3,p_1.30.24_LL3f_mi,5
187,180,137,228,643,321,322,0,1,3,p_1.30.24_LL3f_mi,5
188,187,136,232,634,345,289,0,1,3,p_1.30.24_LL3f_mi,5
189,168,124,222,673,359,314,0,1,3,p_1.30.24_LL3f_mi,5
190,171,133,218,675,349,326,0,1,3,p_1.30.24_LL3f_mi,5
191,173,134,220,675,350,325,0,1,3,p_1.30.24_LL3f_mi,5
192,167,129,217,679,337,342,0,1,3,p_1.30.24_LL3f_mi,5
193,168,134,218,680,335,345,0,1,3,p_1.30.24_LL3f_mi,5
194,175,140,225,665,322,343,0,1,3,p_1.30.24_LL3f_mi,5
195,184,140,231,643,298,345,0,1,3,p_1.30.24_LL3f_mi,5
196,172,143,222,669,300,369,0,1,3,p_1.30.24_LL3f_mi,5
197,176,142,223,667,322,345,0,1,3,p_1.30.24_LL3f_mi,5
198,177,141,225,666,341,325,0,1,3,p_1.30.24_LL3f_mi,5
199,171,136,223,674,333,341,0,1,3,p_1.30.24_LL3f_mi,5
200,170,134,225,659,329,330,0,1,3,p_1.30.24_LL3f_mi,5
201,162,128,207,706,359,347,0,1,3,p_1.30.24_LL3f_mi,5
202,176,137,222,665,326,339,0,1,3,p_1.30.24_LL3f_mi,5
203,176,137,225,664,318,346,0,1,3,p_1.30.24_LL3f_mi,5
204,173,135,225,665,320,345,0,1,3,p_1.30.24_LL3f_mi,5
205,171,134,227,657,320,337,0,1,3,p_1.30.24_LL3f_mi,5
206,170,132,226,660,316,344,0,1,3,p_1.30.24_LL3f_mi,5
207,167,129,229,649,312,337,0,1,3,p_1.30.24_LL3f_mi,5
208,173,133,225,659,320,339,0,1,3,p_1.30.24_LL3f_mi,5
209,168,135,218,683,335,348,0,1,3,p_1.30.24_LL3f_mi,5
210,176,143,218,685,347,338,0,1,3,p_1.30.24_LL3f_mi,5
211,182,134,229,645,319,326,0,1,3,p_1.30.24_LL3f_mi,5
212,186,140,233,635,302,333,0,1,3,p_1.30.24_LL3f_mi,5
213,176,130,227,654,315,339,0,1,3,p_1.30.24_LL3f_mi,5
214,171,133,218,687,332,355,0,1,3,p_1.30.24_LL3f_mi,5
215,174,131,226,660,336,324,0,1,3,p_1.30.24_LL3f_mi,5
216,176,133,226,660,334,326,0,1,3,p_1.30.24_LL3f_mi,5
217,180,140,227,647,321,326,0,1,3,p_1.30.24_LL3f_mi,5
218,176,142,218,681,327,354,0,1,3,p_1.30.24_LL3f_mi,5
219,166,138,216,686,330,356,0,1,3,p_1.30.24_LL3f_mi,5
220,166,130,221,674,324,350,0,1,3,p_1.30.24_LL3f_mi,5
221,178,143,227,656,294,362,0,1,3,p_1.30.24_LL3f_mi,5
222,175,132,231,643,299,344,0,1,3,p_1.30.24_LL3f_mi,5
223,170,134,225,653,295,358,0,1,3,p_1.30.24_LL3f_mi,5
224,167,133,219,681,303,378,0,1,3,p_1.30.24_LL3f_mi,5
225,175,136,219,677,325,352,0,1,3,p_1.30.24_LL3f_mi,5
226,153,117,204,714,359,355,0,1,3,p_1.30.24_LL3f_mi,5
227,172,134,216,686,350,336,0,1,3,p_1.30.24_LL3f_mi,5
228,170,134,219,679,348,331,0,1,3,p_1.30.24_LL3f_mi,5
229,175,131,231,643,327,316,0,1,3,p_1.30.24_LL3f_mi,5
230,176,137,227,663,337,326,0,1,3,p_1.30.24_LL3f_mi,5
231,172,136,223,668,330,338,0,1,3,p_1.30.24_LL3f_mi,5
232,175,132,226,657,325,332,0,1,3,p_1.30.24_LL3f_mi,5
233,172,129,218,683,342,341,0,1,3,p_1.30.24_LL3f_mi,5
234,173,134,229,658,325,333,0,1,3,p_1.30.24_LL3f_mi,5
235,181,134,231,646,322,324,0,1,3,p_1.30.24_LL3f_mi,5
236,177,133,231,643,312,331,0,1,3,p_1.30.24_LL3f_mi,5
237,177,139,224,668,315,353,0,1,3,p_1.30.24_LL3f_mi,5
238,171,131,230,653,307,346,0,1,3,p_1.30.24_LL3f_mi,5
239,174,136,219,677,324,353,0,1,3,p_1.30.24_LL3f_mi,5
240,177,139,222,670,309,361,0,1,3,p_1.30.24_LL3f_mi,5
241,177,134,224,665,317,348,0,1,3,p_1.30.24_LL3f_mi,5
242,173,137,224,668,323,345,0,1,3,p_1.30.24_LL3f_mi,5
243,159,129,212,696,335,361,0,1,3,p_1.30.24_LL3f_mi,5
244,171,137,221,675,315,360,0,1,3,p_1.30.24_LL3f_mi,5
245,170,130,228,651,313,338,0,1,3,p_1.30.24_LL3f_mi,5
246,170,139,226,662,321,341,0,1,3,p_1.30.24_LL3f_mi,5
247,177,133,226,657,316,341,0,1,3,p_1.30.24_LL3f_mi,5
248,173,134,228,648,305,343,0,1,3,p_1.30.24_LL3f_mi,5
249,175,136,225,660,308,352,0,1,3,p_1.30.24_LL3f_mi,5
250,178,142,223,659,327,332,0,1,3,p_1.30.24_LL3f_mi,5
251,163,133,206,713,369,344,0,1,3,p_1.30.24_LL3f_mi,5
252,173,137,216,685,329,356,0,1,3,p_1.30.24_LL3f_mi,5
253,176,149,225,660,310,350,0,1,3,p_1.30.24_LL3f_mi,5
254,179,131,222,670,331,339,0,1,3,p_1.30.24_LL3f_mi,5
255,170,137,216,683,333,350,0,1,3,p_1.30.24_LL3f_mi,5
256,171,132,214,693,348,345,0,1,3,p_1.30.24_LL3f_mi,5
257,175,134,226,657,332,325,0,1,3,p_1.30.24_LL3f_mi,5
258,179,139,231,641,322,319,0,1,3,p_1.30.24_LL3f_mi,5
259,170,132,222,668,337,331,0,1,3,p_1.30.24_LL3f_mi,5
260,172,136,226,662,334,328,0,1,3,p_1.30.24_LL3f_mi,5
261,171,131,218,678,348,330,0,1,3,p_1.30.24_LL3f_mi,5
262,168,136,213,694,352,342,0,1,3,p_1.30.24_LL3f_mi,5
263,175,141,225,665,356,309,0,1,3,p_1.30.24_LL3f_mi,5
264,172,137,224,660,339,321,0,1,3,p_1.30.24_LL3f_mi,5
265,177,138,236,629,331,298,0,1,3,p_1.30.24_LL3f_mi,5
266,181,135,231,643,331,312,0,1,3,p_1.30.24_LL3f_mi,5
267,177,139,224,666,345,321,0,1,3,p_1.30.24_LL3f_mi,5
268,162,127,210,701,353,348,0,1,3,p_1.30.24_LL3f_mi,5
269,163,131,214,692,355,337,0,1,3,p_1.30.24_LL3f_mi,5
270,176,137,221,667,350,317,0,1,3,p_1.30.24_LL3f_mi,5
271,184,142,229,657,338,319,0,1,3,p_1.30.24_LL3f_mi,5
272,170,139,217,684,332,352,0,1,3,p_1.30.24_LL3f_mi,5
273,167,127,217,691,345,346,0,1,3,p_1.30.24_LL3f_mi,5
274,176,141,223,669,341,328,0,1,3,p_1.30.24_LL3f_mi,5
275,170,133,223,663,342,321,0,1,3,p_1.30.24_LL3f_mi,5
276,165,124,210,706,361,345,0,1,3,p_1.30.24_LL3f_mi,5
277,169,129,225,662,327,335,0,1,3,p_1.30.24_LL3f_mi,5
278,182,138,229,649,342,307,0,1,3,p_1.30.24_LL3f_mi,5
279,178,137,225,663,343,320,0,1,3,p_1.30.24_LL3f_mi,5
280,167,132,221,677,344,333,0,1,3,p_1.30.24_LL3f_mi,5
281,170,131,228,655,337,318,0,1,3,p_1.30.24_LL3f_mi,5
282,175,141,234,631,306,325,0,1,3,p_1.30.24_LL3f_mi,5
283,167,133,221,671,320,351,0,1,3,p_1.30.24_LL3f_mi,5
284,174,137,226,659,314,345,0,1,3,p_1.30.24_LL3f_mi,5
285,177,137,228,651,317,334,0,1,3,p_1.30.24_LL3f_mi,5
286,176,129,222,664,331,333,0,1,3,p_1.30.24_LL3f_mi,5
287,168,134,216,681,353,328,0,1,3,p_1.30.24_LL3f_mi,5
288,175,135,234,636,318,318,0,1,3,p_1.30.24_LL3f_mi,5
289,175,135,228,652,321,331,0,1,3,p_1.30.24_LL3f_mi,5
290,174,140,224,663,331,332,0,1,3,p_1.30.24_LL3f_mi,5
291,161,121,217,680,337,343,0,1,3,p_1.30.24_LL3f_mi,5
292,178,129,225,660,326,334,0,1,3,p_1.30.24_LL3f_mi,5
293,176,132,231,637,324,313,0,1,3,p_1.30.24_LL3f_mi,5
294,170,130,226,659,341,318,0,1,3,p_1.30.24_LL3f_mi,5
295,174,131,222,668,325,343,0,1,3,p_1.30.24_LL3f_mi,5
296,165,130,216,681,356,325,0,1,3,p_1.30.24_LL3f_mi,5
297,173,144,226,652,311,341,0,1,3,p_1.30.24_LL3f_mi,5
298,170,132,220,677,333,344,0,1,3,p_1.30.24_LL3f_mi,5
299,174,140,222,671,320,351,0,1,3,p_1.30.24_LL3f_mi,5
300,173,135,225,667,309,358,0,1,3,p_1.30.24_LL3f_mi,5
301,156,121,206,715,330,385,0,1,3,p_1.30.24_LL3f_mi,5
302,175,138,227,648,307,341,0,1,3,p_1.30.24_LL3f_mi,5
303,181,133,234,631,309,322,0,1,3,p_1.30.24_LL3f_mi,5
304,180,141,234,623,319,304,0,1,3,p_1.30.24_LL3f_mi,5
305,166,127,220,672,357,315,0,1,3,p_1.30.24_LL3f_mi,5
306,173,135,222,672,339,333,0,1,3,p_1.30.24_LL3f_mi,5
307,179,137,223,673,344,329,0,1,3,p_1.30.24_LL3f_mi,5
308,175,140,221,674,356,318,0,1,3,p_1.30.24_LL3f_mi,5
309,175,135,221,673,339,334,0,1,3,p_1.30.24_LL3f_mi,5
310,176,134,218,682,339,343,0,1,3,p_1.30.24_LL3f_mi,5
311,177,139,222,667,332,335,0,1,3,p_1.30.24_LL3f_mi,5
312,179,136,226,660,328,332,0,1,3,p_1.30.24_LL3f_mi,5
313,173,127,225,665,331,334,0,1,3,p_1.30.24_LL3f_mi,5
314,172,138,221,670,326,344,0,1,3,p_1.30.24_LL3f_mi,5
315,169,134,217,686,351,335,0,1,3,p_1.30.24_LL3f_mi,5
316,176,141,224,661,336,325,0,1,3,p_1.30.24_LL3f_mi,5
317,177,142,231,643,342,301,0,1,3,p_1.30.24_LL3f_mi,5
318,181,129,231,638,350,288,0,1,3,p_1.30.24_LL3f_mi,5
319,175,129,223,668,359,309,0,1,3,p_1.30.24_LL3f_mi,5
320,178,133,227,650,344,306,0,1,3,p_1.30.24_LL3f_mi,5
321,176,132,228,647,340,307,0,1,3,p_1.30.24_LL3f_mi,5
322,175,131,226,657,342,315,0,1,3,p_1.30.24_LL3f_mi,5
323,176,140,220,675,330,345,0,1,3,p_1.30.24_LL3f_mi,5
324,172,118,228,640,315,325,0,1,3,p_1.30.24_LL3f_mi,5
325,177,136,227,655,321,334,0,1,3,p_1.30.24_LL3f_mi,5
326,160,126,202,723,356,367,0,1,3,p_1.30.24_LL3f_mi,5
327,165,132,216,682,327,355,0,1,3,p_1.30.24_LL3f_mi,5
328,173,141,224,666,312,354,0,1,3,p_1.30.24_LL3f_mi,5
329,172,143,220,677,325,352,0,1,3,p_1.30.24_LL3f_mi,5
330,160,120,214,690,353,337,0,1,3,p_1.30.24_LL3f_mi,5
331,170,128,223,662,336,326,0,1,3,p_1.30.24_LL3f_mi,5
332,176,133,227,655,333,322,0,1,3,p_1.30.24_LL3f_mi,5
333,172,136,220,674,337,337,0,1,3,p_1.30.24_LL3f_mi,5
334,173,134,226,654,326,328,0,1,3,p_1.30.24_LL3f_mi,5
335,175,134,228,652,328,324,0,1,3,p_1.30.24_LL3f_mi,5
336,174,132,221,677,328,349,0,1,3,p_1.30.24_LL3f_mi,5
337,179,138,223,666,334,332,0,1,3,p_1.30.24_LL3f_mi,5
338,173,130,225,659,331,328,0,1,3,p_1.30.24_LL3f_mi,5
339,171,129,221,671,356,315,0,1,3,p_1.30.24_LL3f_mi,5
340,176,138,224,668,347,321,0,1,3,p_1.30.24_LL3f_mi,5
341,169,132,220,678,350,328,0,1,3,p_1.30.24_LL3f_mi,5
342,177,141,222,668,352,316,0,1,3,p_1.30.24_LL3f_mi,5
343,177,135,226,655,347,308,0,1,3,p_1.30.24_LL3f_mi,5
344,165,131,220,675,344,331,0,1,3,p_1.30.24_LL3f_mi,5
345,177,140,225,661,325,336,0,1,3,p_1.30.24_LL3f_mi,5
346,170,136,224,669,329,340,0,1,3,p_1.30.24_LL3f_mi,5
347,170,135,225,662,326,336,0,1,3,p_1.30.24_LL3f_mi,5
348,177,134,222,672,329,343,0,1,3,p_1.30.24_LL3f_mi,5
349,172,129,219,669,322,347,0,1,3,p_1.30.24_LL3f_mi,5
350,170,135,223,661,317,344,0,1,3,p_1.30.24_LL3f_mi,5
1,12,12,15,635,310,325,0,1,4,p_1.30.24_LL3f_mi,5
2,96,91,123,858,403,455,0,1,4,p_1.30.24_LL3f_mi,5
3,130,117,170,786,375,411,0,1,4,p_1.30.24_LL3f_mi,5
4,154,127,196,733,336,397,0,1,4,p_1.30.24_LL3f_mi,5
5,187,145,234,628,274,354,0,1,4,p_1.30.24_LL3f_mi,5
6,182,140,235,635,302,333,0,1,4,p_1.30.24_LL3f_mi,5
7,170,132,229,640,297,343,0,1,4,p_1.30.24_LL3f_mi,5
8,171,137,222,669,311,358,0,1,4,p_1.30.24_LL3f_mi,5
9,178,142,222,671,318,353,0,1,4,p_1.30.24_LL3f_mi,5
10,172,137,214,690,314,376,0,1,4,p_1.30.24_LL3f_mi,5
11,174,138,224,666,309,357,0,1,4,p_1.30.24_LL3f_mi,5
12,169,133,221,673,319,354,0,1,4,p_1.30.24_LL3f_mi,5
13,167,128,219,682,354,328,0,1,4,p_1.30.24_LL3f_mi,5
14,174,137,221,673,352,321,0,1,4,p_1.30.24_LL3f_mi,5
15,174,132,223,667,345,322,0,1,4,p_1.30.24_LL3f_mi,5
16,172,134,223,667,342,325,0,1,4,p_1.30.24_LL3f_mi,5
17,183,142,224,664,334,330,0,1,4,p_1.30.24_LL3f_mi,5
18,171,124,221,673,348,325,0,1,4,p_1.30.24_LL3f_mi,5
19,173,132,221,673,347,326,0,1,4,p_1.30.24_LL3f_mi,5
20,178,135,221,676,361,315,0,1,4,p_1.30.24_LL3f_mi,5
21,181,143,223,662,350,312,0,1,4,p_1.30.24_LL3f_mi,5
22,168,130,218,681,351,330,0,1,4,p_1.30.24_LL3f_mi,5
23,179,138,219,679,346,333,0,1,4,p_1.30.24_LL3f_mi,5
24,179,145,227,652,321,331,0,1,4,p_1.30.24_LL3f_mi,5
25,175,138,229,648,317,331,0,1,4,p_1.30.24_LL3f_mi,5
26,168,133,206,713,368,345,0,1,4,p_1.30.24_LL3f_mi,5
27,176,132,226,654,352,302,0,1,4,p_1.30.24_LL3f_mi,5
28,176,136,226,655,355,300,0,1,4,p_1.30.24_LL3f_mi,5
29,178,134,231,642,337,305,0,1,4,p_1.30.24_LL3f_mi,5
30,172,138,222,669,344,325,0,1,4,p_1.30.24_LL3f_mi,5
31,186,146,231,637,318,319,0,1,4,p_1.30.24_LL3f_mi,5
32,178,140,224,665,323,342,0,1,4,p_1.30.24_LL3f_mi,5
33,172,134,218,674,317,357,0,1,4,p_1.30.24_LL3f_mi,5
34,175,135,226,651,317,334,0,1,4,p_1.30.24_LL3f_mi,5
35,178,141,227,653,315,338,0,1,4,p_1.30.24_LL3f_mi,5
36,172,138,226,658,304,354,0,1,4,p_1.30.24_LL3f_mi,5
37,173,139,227,657,316,341,0,1,4,p_1.30.24_LL3f_mi,5
38,189,145,238,615,299,316,0,1,4,p_1.30.24_LL3f_mi,5
39,172,134,220,680,329,351,0,1,4,p_1.30.24_LL3f_mi,5
40,182,136,226,661,318,343,0,1,4,p_1.30.24_LL3f_mi,5
41,172,133,223,667,322,345,0,1,4,p_1.30.24_LL3f_mi,5
42,179,131,223,672,340,332,0,1,4,p_1.30.24_LL3f_mi,5
43,174,133,218,676,340,336,0,1,4,p_1.30.24_LL3f_mi,5
44,169,128,223,665,343,322,0,1,4,p_1.30.24_LL3f_mi,5
45,180,134,227,662,327,335,0,1,4,p_1.30.24_LL3f_mi,5
46,178,134,226,668,333,335,0,1,4,p_1.30.24_LL3f_mi,5
47,161,128,217,683,331,352,0,1,4,p_1.30.24_LL3f_mi,5
48,174,141,226,669,312,357,0,1,4,p_1.30.24_LL3f_mi,5
49,178,142,228,654,307,347,0,1,4,p_1.30.24_LL3f_mi,5
50,178,138,229,652,325,327,0,1,4,p_1.30.24_LL3f_mi,5
51,162,125,210,706,355,351,0,1,4,p_1.30.24_LL3f_mi,5
52,181,132,233,640,307,333,0,1,4,p_1.30.24_LL3f_mi,5
53,183,139,230,648,308,340,0,1,4,p_1.30.24_LL3f_mi,5
54,176,140,228,650,310,340,0,1,4,p_1.30.24_LL3f_mi,5
55,174,134,229,650,315,335,0,1,4,p_1.30.24_LL3f_mi,5
56,170,129,227,654,345,309,0,1,4,p_1.30.24_LL3f_mi,5
57,179,125,228,653,340,313,0,1,4,p_1.30.24_LL3f_mi,5
58,177,127,227,654,335,319,0,1,4,p_1.30.24_LL3f_mi,5
59,185,141,234,639,329,310,0,1,4,p_1.30.24_LL3f_mi,5
60,182,146,230,643,324,319,0,1,4,p_1.30.24_LL3f_mi,5
61,173,134,222,669,344,325,0,1,4,p_1.30.24_LL3f_mi,5
62,163,131,212,699,367,332,0,1,4,p_1.30.24_LL3f_mi,5
63,164,129,221,681,335,346,0,1,4,p_1.30.24_LL3f_mi,5
64,173,140,221,675,333,342,0,1,4,p_1.30.24_LL3f_mi,5
65,169,126,228,646,303,343,0,1,4,p_1.30.24_LL3f_mi,5
66,175,132,219,674,323,351,0,1,4,p_1.30.24_LL3f_mi,5
67,175,134,224,668,325,343,0,1,4,p_1.30.24_LL3f_mi,5
68,174,128,222,671,327,344,0,1,4,p_1.30.24_LL3f_mi,5
69,174,142,227,655,332,323,0,1,4,p_1.30.24_LL3f_mi,5
70,175,135,224,673,333,340,0,1,4,p_1.30.24_LL3f_mi,5
71,174,137,222,672,339,333,0,1,4,p_1.30.24_LL3f_mi,5
72,173,131,224,667,333,334,0,1,4,p_1.30.24_LL3f_mi,5
73,178,148,228,658,327,331,0,1,4,p_1.30.24_LL3f_mi,5
74,171,135,215,686,348,338,0,1,4,p_1.30.24_LL3f_mi,5
75,170,135,221,670,341,329,0,1,4,p_1.30.24_LL3f_mi,5
76,158,130,204,718,361,357,0,1,4,p_1.30.24_LL3f_mi,5
77,179,139,227,653,352,301,0,1,4,p_1.30.24_LL3f_mi,5
78,176,134,229,646,339,307,0,1,4,p_1.30.24_LL3f_mi,5
79,180,140,227,652,326,326,0,1,4,p_1.30.24_LL3f_mi,5
80,170,139,225,667,314,353,0,1,4,p_1.30.24_LL3f_mi,5
81,176,145,224,662,300,362,0,1,4,p_1.30.24_LL3f_mi,5
82,172,132,224,664,316,348,0,1,4,p_1.30.24_LL3f_mi,5
83,180,138,226,656,311,345,0,1,4,p_1.30.24_LL3f_mi,5
84,178,140,230,640,323,317,0,1,4,p_1.30.24_LL3f_mi,5
85,177,138,226,650,312,338,0,1,4,p_1.30.24_LL3f_mi,5
86,172,134,224,666,316,350,0,1,4,p_1.30.24_LL3f_mi,5
87,164,126,221,672,304,368,0,1,4,p_1.30.24_LL3f_mi,5
88,170,135,223,669,309,360,0,1,4,p_1.30.24_LL3f_mi,5
89,171,134,224,664,321,343,0,1,4,p_1.30.24_LL3f_mi,5
90,175,130,225,659,320,339,0,1,4,p_1.30.24_LL3f_mi,5
91,163,126,214,694,333,361,0,1,4,p_1.30.24_LL3f_mi,5
92,177,139,223,667,326,341,0,1,4,p_1.30.24_LL3f_mi,5
93,176,132,226,661,324,337,0,1,4,p_1.30.24_LL3f_mi,5
94,177,135,224,665,335,330,0,1,4,p_1.30.24_LL3f_mi,5
95,181,138,229,651,319,332,0,1,4,p_1.30.24_LL3f_mi,5
96,178,130,228,648,319,329,0,1,4,p_1.30.24_LL3f_mi,5
97,171,133,223,662,331,331,0,1,4,p_1.30.24_LL3f_mi,5
98,179,132,223,669,351,318,0,1,4,p_1.30.24_LL3f_mi,5
99,174,136,221,670,338,332,0,1,4,p_1.30.24_LL3f_mi,5
100,138,122,182,683,334,349,0,1,4,p_1.30.24_LL3f_mi,5
101,112,92,144,679,355,324,0,1,4,p_1.30.24_LL3f_mi,5
102,112,91,149,595,314,281,0,1,4,p_1.30.24_LL3f_mi,5
103,116,86,149,512,269,243,0,1,4,p_1.30.24_LL3f_mi,5
104,91,74,123,483,250,233,0,1,4,p_1.30.24_LL3f_mi,5
105,74,64,103,446,231,215,0,1,4,p_1.30.24_LL3f_mi,5
106,68,62,87,402,194,208,0,1,4,p_1.30.24_LL3f_mi,5
107,54,44,69,351,173,178,0,1,4,p_1.30.24_LL3f_mi,5
108,44,37,54,306,147,159,0,1,4,p_1.30.24_LL3f_mi,5
109,45,37,57,227,103,124,0,1,4,p_1.30.24_LL3f_mi,5
110,24,22,30,206,94,112,0,1,4,p_1.30.24_LL3f_mi,5
111,26,21,36,152,66,86,0,1,4,p_1.30.24_LL3f_mi,5
112,29,24,38,136,64,72,0,1,4,p_1.30.24_LL3f_mi,5
113,30,24,37,121,55,66,0,1,4,p_1.30.24_LL3f_mi,5
114,29,22,38,122,58,64,0,1,4,p_1.30.24_LL3f_mi,5
115,27,23,35,126,58,68,0,1,4,p_1.30.24_LL3f_mi,5
116,27,24,37,129,61,68,0,1,4,p_1.30.24_LL3f_mi,5
117,30,25,37,118,49,69,0,1,4,p_1.30.24_LL3f_mi,5
118,29,22,34,110,47,63,0,1,4,p_1.30.24_LL3f_mi,5
119,28,22,37,113,55,58,0,1,4,p_1.30.24_LL3f_mi,5
120,27,22,34,107,50,57,0,1,4,p_1.30.24_LL3f_mi,5
121,23,17,32,100,43,57,0,1,4,p_1.30.24_LL3f_mi,5
122,25,20,34,108,48,60,0,1,4,p_1.30.24_LL3f_mi,5
123,27,18,34,105,47,58,0,1,4,p_1.30.24_LL3f_mi,5
124,29,23,34,98,44,54,0,1,4,p_1.30.24_LL3f_mi,5
125,25,21,36,130,67,63,17,1,4,p_1.30.24_LL3f_mi,5
126,28,24,35,129,63,66,12,1,4,p_1.30.24_LL3f_mi,5
127,24,19,35,118,62,56,8,1,4,p_1.30.24_LL3f_mi,5
128,28,24,37,115,53,62,2,1,4,p_1.30.24_LL3f_mi,5
129,26,21,33,111,56,55,0,1,4,p_1.30.24_LL3f_mi,5
130,26,20,35,113,63,50,1,1,4,p_1.30.24_LL3f_mi,5
131,26,21,35,110,64,46,0,1,4,p_1.30.24_LL3f_mi,5
132,29,24,34,107,61,46,0,1,4,p_1.30.24_LL3f_mi,5
133,25,16,33,101,55,46,0,1,4,p_1.30.24_LL3f_mi,5
134,24,18,34,109,59,50,0,1,4,p_1.30.24_LL3f_mi,5
135,27,19,34,99,55,44,0,1,4,p_1.30.24_LL3f_mi,5
136,26,17,34,110,60,50,0,1,4,p_1.30.24_LL3f_mi,5
137,26,22,33,99,49,50,0,1,4,p_1.30.24_LL3f_mi,5
138,26,22,34,100,47,53,0,1,4,p_1.30.24_LL3f_mi,5
139,24,21,33,104,50,54,0,1,4,p_1.30.24_LL3f_mi,5
140,26,20,38,120,66,54,20,1,4,p_1.30.24_LL3f_mi,5
141,26,20,33,108,57,51,8,1,4,p_1.30.24_LL3f_mi,5
142,25,20,33,100,54,46,5,1,4,p_1.30.24_LL3f_mi,5
143,26,23,34,105,53,52,3,1,4,p_1.30.24_LL3f_mi,5
144,27,23,34,99,46,53,1,1,4,p_1.30.24_LL3f_mi,5
145,25,22,31,89,41,48,0,1,4,p_1.30.24_LL3f_mi,5
146,27,21,34,101,53,48,0,1,4,p_1.30.24_LL3f_mi,5
147,23,19,32,93,50,43,0,1,4,p_1.30.24_LL3f_mi,5
148,25,21,33,98,51,47,0,1,4,p_1.30.24_LL3f_mi,5
149,25,22,30,90,43,47,0,1,4,p_1.30.24_LL3f_mi,5
150,26,19,30,79,40,39,0,1,4,p_1.30.24_LL3f_mi,5
151,42,28,66,90,43,47,0,1,4,p_1.30.24_LL3f_mi,5
152,56,36,82,121,58,63,0,1,4,p_1.30.24_LL3f_mi,5
153,79,50,109,160,86,74,0,1,4,p_1.30.24_LL3f_mi,5
154,95,66,136,224,116,108,0,1,4,p_1.30.24_LL3f_mi,5
155,130,84,165,320,158,162,18,1,4,p_1.30.24_LL3f_mi,5
156,138,101,180,387,184,203,10,1,4,p_1.30.24_LL3f_mi,5
157,146,111,190,468,221,247,6,1,4,p_1.30.24_LL3f_mi,5
158,156,116,205,516,245,271,4,1,4,p_1.30.24_LL3f_mi,5
159,175,129,222,566,263,303,3,1,4,p_1.30.24_LL3f_mi,5
160,194,141,240,599,297,302,1,1,4,p_1.30.24_LL3f_mi,5
161,177,139,228,642,319,323,0,1,4,p_1.30.24_LL3f_mi,5
162,175,131,225,660,321,339,0,1,4,p_1.30.24_LL3f_mi,5
163,175,135,228,650,333,317,0,1,4,p_1.30.24_LL3f_mi,5
164,179,133,226,650,343,307,0,1,4,p_1.30.24_LL3f_mi,5
165,180,134,226,659,360,299,0,1,4,p_1.30.24_LL3f_mi,5
166,172,131,218,684,362,322,0,1,4,p_1.30.24_LL3f_mi,5
167,171,140,219,678,339,339,0,1,4,p_1.30.24_LL3f_mi,5
168,173,150,222,669,332,337,0,1,4,p_1.30.24_LL3f_mi,5
169,168,132,217,684,341,343,0,1,4,p_1.30.24_LL3f_mi,5
170,160,131,212,695,341,354,21,1,4,p_1.30.24_LL3f_mi,5
171,169,132,222,670,309,361,12,1,4,p_1.30.24_LL3f_mi,5
172,176,130,223,665,308,357,9,1,4,p_1.30.24_LL3f_mi,5
173,178,135,226,658,331,327,1,1,4,p_1.30.24_LL3f_mi,5
174,174,134,220,670,329,341,0,1,4,p_1.30.24_LL3f_mi,5
175,168,139,215,686,333,353,0,1,4,p_1.30.24_LL3f_mi,5
176,162,134,210,704,335,369,0,1,4,p_1.30.24_LL3f_mi,5
177,178,136,232,645,308,337,0,1,4,p_1.30.24_LL3f_mi,5
178,174,130,227,657,296,361,0,1,4,p_1.30.24_LL3f_mi,5
179,178,136,218,683,325,358,0,1,4,p_1.30.24_LL3f_mi,5
180,180,138,223,670,318,352,0,1,4,p_1.30.24_LL3f_mi,5
181,178,138,226,656,310,346,0,1,4,p_1.30.24_LL3f_mi,5
182,176,141,228,650,313,337,0,1,4,p_1.30.24_LL3f_mi,5
183,169,141,226,663,318,345,0,1,4,p_1.30.24_LL3f_mi,5
184,177,129,225,654,308,346,0,1,4,p_1.30.24_LL3f_mi,5
185,172,139,225,657,300,357,0,1,4,p_1.30.24_LL3f_mi,5
186,179,148,226,649,307,342,0,1,4,p_1.30.24_LL3f_mi,5
187,180,146,226,654,318,336,0,1,4,p_1.30.24_LL3f_mi,5
188,173,131,220,675,342,333,0,1,4,p_1.30.24_LL3f_mi,5
189,175,141,226,658,337,321,0,1,4,p_1.30.24_LL3f_mi,5
190,165,134,224,658,317,341,0,1,4,p_1.30.24_LL3f_mi,5
191,172,137,227,655,302,353,0,1,4,p_1.30.24_LL3f_mi,5
192,169,132,229,644,295,349,0,1,4,p_1.30.24_LL3f_mi,5
193,175,140,229,648,294,354,0,1,4,p_1.30.24_LL3f_mi,5
194,168,143,218,677,299,378,0,1,4,p_1.30.24_LL3f_mi,5
195,172,133,223,662,315,347,0,1,4,p_1.30.24_LL3f_mi,5
196,174,139,226,661,300,361,0,1,4,p_1.30.24_LL3f_mi,5
197,180,144,219,681,335,346,0,1,4,p_1.30.24_LL3f_mi,5
198,161,131,216,684,342,342,0,1,4,p_1.30.24_LL3f_mi,5
199,178,138,227,660,318,342,0,1,4,p_1.30.24_LL3f_mi,5
200,176,142,224,664,303,361,0,1,4,p_1.30.24_LL3f_mi,5
201,149,126,197,729,335,394,0,1,4,p_1.30.24_LL3f_mi,5
202,173,134,221,672,324,348,0,1,4,p_1.30.24_LL3f_mi,5
203,174,125,228,655,326,329,0,1,4,p_1.30.24_LL3f_mi,5
204,174,132,228,647,333,314,0,1,4,p_1.30.24_LL3f_mi,5
205,185,137,224,662,336,326,0,1,4,p_1.30.24_LL3f_mi,5
206,184,145,226,663,344,319,0,1,4,p_1.30.24_LL3f_mi,5
207,175,142,229,653,329,324,0,1,4,p_1.30.24_LL3f_mi,5
208,179,142,228,654,321,333,0,1,4,p_1.30.24_LL3f_mi,5
209,170,133,222,666,329,337,0,1,4,p_1.30.24_LL3f_mi,5
210,158,126,216,686,352,334,0,1,4,p_1.30.24_LL3f_mi,5
211,182,140,228,650,355,295,0,1,4,p_1.30.24_LL3f_mi,5
212,177,137,228,652,336,316,0,1,4,p_1.30.24_LL3f_mi,5
213,174,140,229,650,332,318,0,1,4,p_1.30.24_LL3f_mi,5
214,178,133,229,642,343,299,0,1,4,p_1.30.24_LL3f_mi,5
215,173,138,222,672,355,317,0,1,4,p_1.30.24_LL3f_mi,5
216,185,138,230,648,344,304,0,1,4,p_1.30.24_LL3f_mi,5
217,176,136,231,642,335,307,0,1,4,p_1.30.24_LL3f_mi,5
218,174,137,226,655,350,305,0,1,4,p_1.30.24_LL3f_mi,5
219,179,138,228,656,341,315,0,1,4,p_1.30.24_LL3f_mi,5
220,181,137,230,648,331,317,0,1,4,p_1.30.24_LL3f_mi,5
221,172,135,220,672,349,323,0,1,4,p_1.30.24_LL3f_mi,5
222,182,132,234,631,322,309,0,1,4,p_1.30.24_LL3f_mi,5
223,177,144,228,643,326,317,0,1,4,p_1.30.24_LL3f_mi,5
224,169,136,218,678,344,334,0,1,4,p_1.30.24_LL3f_mi,5
225,168,125,219,677,341,336,0,1,4,p_1.30.24_LL3f_mi,5
226,156,124,206,711,375,336,0,1,4,p_1.30.24_LL3f_mi,5
227,181,138,224,667,347,320,0,1,4,p_1.30.24_LL3f_mi,5
228,178,133,227,658,347,311,0,1,4,p_1.30.24_LL3f_mi,5
229,180,130,227,649,350,299,0,1,4,p_1.30.24_LL3f_mi,5
230,179,133,226,661,348,313,0,1,4,p_1.30.24_LL3f_mi,5
231,174,131,217,686,346,340,0,1,4,p_1.30.24_LL3f_mi,5
232,169,134,225,666,348,318,0,1,4,p_1.30.24_LL3f_mi,5
233,171,138,224,665,346,319,0,1,4,p_1.30.24_LL3f_mi,5
234,174,134,225,664,346,318,0,1,4,p_1.30.24_LL3f_mi,5
235,172,131,223,671,347,324,0,1,4,p_1.30.24_LL3f_mi,5
236,179,141,229,652,325,327,0,1,4,p_1.30.24_LL3f_mi,5
237,178,133,223,667,316,351,0,1,4,p_1.30.24_LL3f_mi,5
238,170,131,212,697,336,361,0,1,4,p_1.30.24_LL3f_mi,5
239,170,133,215,684,349,335,0,1,4,p_1.30.24_LL3f_mi,5
240,174,140,224,667,358,309,0,1,4,p_1.30.24_LL3f_mi,5
241,179,143,222,668,347,321,0,1,4,p_1.30.24_LL3f_mi,5
242,176,139,224,661,330,331,0,1,4,p_1.30.24_LL3f_mi,5
243,178,131,223,667,324,343,0,1,4,p_1.30.24_LL3f_mi,5
244,176,144,223,665,314,351,0,1,4,p_1.30.24_LL3f_mi,5
245,174,133,224,661,318,343,0,1,4,p_1.30.24_LL3f_mi,5
246,171,131,226,664,320,344,0,1,4,p_1.30.24_LL3f_mi,5
247,164,135,221,677,315,362,0,1,4,p_1.30.24_LL3f_mi,5
248,173,139,220,670,313,357,0,1,4,p_1.30.24_LL3f_mi,5
249,188,145,229,655,322,333,0,1,4,p_1.30.24_LL3f_mi,5
250,173,133,227,660,312,348,0,1,4,p_1.30.24_LL3f_mi,5
251,161,133,211,701,332,369,0,1,4,p_1.30.24_LL3f_mi,5
252,173,136,218,677,335,342,0,1,4,p_1.30.24_LL3f_mi,5
253,183,141,224,663,327,336,0,1,4,p_1.30.24_LL3f_mi,5
254,174,135,228,656,325,331,0,1,4,p_1.30.24_LL3f_mi,5
255,177,141,222,670,323,347,0,1,4,p_1.30.24_LL3f_mi,5
256,173,128,222,670,323,347,0,1,4,p_1.30.24_LL3f_mi,5
257,181,144,231,640,317,323,0,1,4,p_1.30.24_LL3f_mi,5
258,180,143,229,651,345,306,0,1,4,p_1.30.24_LL3f_mi,5
259,177,137,220,675,341,334,0,1,4,p_1.30.24_LL3f_mi,5
260,172,126,224,668,348,320,0,1,4,p_1.30.24_LL3f_mi,5
261,176,132,225,664,352,312,0,1,4,p_1.30.24_LL3f_mi,5
262,175,137,228,656,351,305,0,1,4,p_1.30.24_LL3f_mi,5
263,173,134,219,677,335,342,0,1,4,p_1.30.24_LL3f_mi,5
264,168,135,220,675,363,312,0,1,4,p_1.30.24_LL3f_mi,5
265,170,134,227,653,338,315,0,1,4,p_1.30.24_LL3f_mi,5
266,168,131,218,681,335,346,0,1,4,p_1.30.24_LL3f_mi,5
267,161,126,216,689,340,349,0,1,4,p_1.30.24_LL3f_mi,5
268,167,130,224,659,322,337,0,1,4,p_1.30.24_LL3f_mi,5
269,172,133,222,668,335,333,0,1,4,p_1.30.24_LL3f_mi,5
270,175,135,223,666,326,340,0,1,4,p_1.30.24_LL3f_mi,5
271,182,142,233,633,304,329,0,1,4,p_1.30.24_LL3f_mi,5
272,172,139,222,673,323,350,0,1,4,p_1.30.24_LL3f_mi,5
273,173,140,220,676,318,358,0,1,4,p_1.30.24_LL3f_mi,5
274,162,129,211,701,339,362,0,1,4,p_1.30.24_LL3f_mi,5
275,172,140,222,674,331,343,0,1,4,p_1.30.24_LL3f_mi,5
276,156,127,208,705,353,352,0,1,4,p_1.30.24_LL3f_mi,5
277,172,131,229,648,322,326,0,1,4,p_1.30.24_LL3f_mi,5
278,169,131,219,679,327,352,0,1,4,p_1.30.24_LL3f_mi,5
279,175,140,225,665,333,332,0,1,4,p_1.30.24_LL3f_mi,5
280,166,126,218,681,332,349,0,1,4,p_1.30.24_LL3f_mi,5
281,171,137,223,662,311,351,0,1,4,p_1.30.24_LL3f_mi,5
282,178,141,230,642,324,318,0,1,4,p_1.30.24_LL3f_mi,5
283,176,138,229,651,325,326,0,1,4,p_1.30.24_LL3f_mi,5
284,178,136,225,659,327,332,0,1,4,p_1.30.24_LL3f_mi,5
285,176,144,227,653,330,323,0,1,4,p_1.30.24_LL3f_mi,5
286,176,136,230,642,321,321,0,1,4,p_1.30.24_LL3f_mi,5
287,181,140,231,642,332,310,0,1,4,p_1.30.24_LL3f_mi,5
288,179,130,230,653,327,326,0,1,4,p_1.30.24_LL3f_mi,5
289,172,139,222,678,327,351,0,1,4,p_1.30.24_LL3f_mi,5
290,179,141,225,662,314,348,0,1,4,p_1.30.24_LL3f_mi,5
291,171,135,221,676,335,341,0,1,4,p_1.30.24_LL3f_mi,5
292,175,138,224,669,345,324,0,1,4,p_1.30.24_LL3f_mi,5
293,174,128,222,663,347,316,0,1,4,p_1.30.24_LL3f_mi,5
294,181,138,228,652,320,332,0,1,4,p_1.30.24_LL3f_mi,5
295,168,130,218,675,335,340,0,1,4,p_1.30.24_LL3f_mi,5
296,179,142,226,663,336,327,0,1,4,p_1.30.24_LL3f_mi,5
297,176,127,219,673,352,321,0,1,4,p_1.30.24_LL3f_mi,5
298,171,133,231,652,327,325,0,1,4,p_1.30.24_LL3f_mi,5
299,180,139,232,640,312,328,0,1,4,p_1.30.24_LL3f_mi,5
300,172,126,229,646,321,325,0,1,4,p_1.30.24_LL3f_mi,5
301,161,132,206,710,355,355,0,1,4,p_1.30.24_LL3f_mi,5
302,177,136,225,660,330,330,0,1,4,p_1.30.24_LL3f_mi,5
303,178,136,230,645,321,324,0,1,4,p_1.30.24_LL3f_mi,5
304,176,136,223,669,319,350,0,1,4,p_1.30.24_LL3f_mi,5
305,173,142,227,653,302,351,0,1,4,p_1.30.24_LL3f_mi,5
306,165,139,218,677,333,344,0,1,4,p_1.30.24_LL3f_mi,5
307,175,126,219,674,341,333,0,1,4,p_1.30.24_LL3f_mi,5
308,167,124,223,669,339,330,0,1,4,p_1.30.24_LL3f_mi,5
309,174,129,217,678,341,337,0,1,4,p_1.30.24_LL3f_mi,5
310,173,136,232,642,322,320,0,1,4,p_1.30.24_LL3f_mi,5
311,177,131,228,650,326,324,0,1,4,p_1.30.24_LL3f_mi,5
312,175,136,226,663,329,334,0,1,4,p_1.30.24_LL3f_mi,5
313,174,139,221,674,338,336,0,1,4,p_1.30.24_LL3f_mi,5
314,170,132,223,674,355,319,0,1,4,p_1.30.24_LL3f_mi,5
315,173,126,229,648,333,315,0,1,4,p_1.30.24_LL3f_mi,5
316,179,127,224,660,332,328,0,1,4,p_1.30.24_LL3f_mi,5
317,178,132,224,665,343,322,0,1,4,p_1.30.24_LL3f_mi,5
318,182,131,227,661,334,327,0,1,4,p_1.30.24_LL3f_mi,5
319,174,140,228,660,319,341,0,1,4,p_1.30.24_LL3f_mi,5
320,169,139,213,696,338,358,0,1,4,p_1.30.24_LL3f_mi,5
321,167,127,216,684,345,339,0,1,4,p_1.30.24_LL3f_mi,5
322,173,126,221,673,345,328,0,1,4,p_1.30.24_LL3f_mi,5
323,179,139,229,654,334,320,0,1,4,p_1.30.24_LL3f_mi,5
324,176,131,229,651,348,303,0,1,4,p_1.30.24_LL3f_mi,5
325,169,132,222,663,355,308,0,1,4,p_1.30.24_LL3f_mi,5
326,164,128,208,713,377,336,0,1,4,p_1.30.24_LL3f_mi,5
327,179,141,223,671,353,318,0,1,4,p_1.30.24_LL3f_mi,5
328,177,136,224,679,346,333,0,1,4,p_1.30.24_LL3f_mi,5
329,179,129,221,671,332,339,0,1,4,p_1.30.24_LL3f_mi,5
330,174,131,226,657,336,321,0,1,4,p_1.30.24_LL3f_mi,5
331,169,134,225,664,323,341,0,1,4,p_1.30.24_LL3f_mi,5
332,165,132,220,670,347,323,0,1,4,p_1.30.24_LL3f_mi,5
333,167,134,214,699,349,350,0,1,4,p_1.30.24_LL3f_mi,5
334,171,141,220,676,328,348,0,1,4,p_1.30.24_LL3f_mi,5
335,169,131,220,672,338,334,0,1,4,p_1.30.24_LL3f_mi,5
336,179,140,228,643,330,313,0,1,4,p_1.30.24_LL3f_mi,5
337,187,138,230,648,327,321,0,1,4,p_1.30.24_LL3f_mi,5
338,175,142,226,662,329,333,0,1,4,p_1.30.24_LL3f_mi,5
339,169,129,222,667,317,350,0,1,4,p_1.30.24_LL3f_mi,5
340,164,133,216,687,328,359,0,1,4,p_1.30.24_LL3f_mi,5
341,181,138,228,655,325,330,0,1,4,p_1.30.24_LL3f_mi,5
342,172,133,221,674,343,331,0,1,4,p_1.30.24_LL3f_mi,5
343,172,136,220,673,356,317,0,1,4,p_1.30.24_LL3f_mi,5
344,170,130,224,664,334,330,0,1,4,p_1.30.24_LL3f_mi,5
345,175,139,225,661,317,344,0,1,4,p_1.30.24_LL3f_mi,5
346,185,141,233,631,293,338,0,1,4,p_1.30.24_LL3f_mi,5
347,179,138,234,639,308,331,0,1,4,p_1.30.24_LL3f_mi,5
348,175,132,228,653,328,325,0,1,4,p_1.30.24_LL3f_mi,5
349,174,132,222,666,331,335,0,1,4,p_1.30.24_LL3f_mi,5
350,171,133,223,666,331,335,0,1,4,p_1.30.24_LL3f_mi,5
1,10,10,13,607,323,284,0,1,5,p_1.30.24_LL3f_mi,5
2,96,87,123,858,447,411,0,1,5,p_1.30.24_LL3f_mi,5
3,134,115,171,783,396,387,0,1,5,p_1.30.24_LL3f_mi,5
4,168,127,207,710,368,342,0,1,5,p_1.30.24_LL3f_mi,5
5,180,137,229,649,324,325,0,1,5,p_1.30.24_LL3f_mi,5
6,177,133,234,632,319,313,0,1,5,p_1.30.24_LL3f_mi,5
7,183,143,232,638,329,309,0,1,5,p_1.30.24_LL3f_mi,5
8,189,146,230,644,323,321,0,1,5,p_1.30.24_LL3f_mi,5
9,177,139,226,662,334,328,0,1,5,p_1.30.24_LL3f_mi,5
10,175,135,223,669,339,330,0,1,5,p_1.30.24_LL3f_mi,5
11,171,132,220,675,339,336,0,1,5,p_1.30.24_LL3f_mi,5
12,171,129,219,676,346,330,0,1,5,p_1.30.24_LL3f_mi,5
13,183,135,230,651,334,317,0,1,5,p_1.30.24_LL3f_mi,5
14,174,142,227,657,328,329,0,1,5,p_1.30.24_LL3f_mi,5
15,173,127,222,672,338,334,0,1,5,p_1.30.24_LL3f_mi,5
16,172,134,221,682,346,336,0,1,5,p_1.30.24_LL3f_mi,5
17,170,131,218,679,347,332,0,1,5,p_1.30.24_LL3f_mi,5
18,179,138,228,663,361,302,0,1,5,p_1.30.24_LL3f_mi,5
19,168,134,223,669,362,307,0,1,5,p_1.30.24_LL3f_mi,5
20,178,138,223,663,347,316,0,1,5,p_1.30.24_LL3f_mi,5
21,178,140,225,671,339,332,0,1,5,p_1.30.24_LL3f_mi,5
22,168,132,220,676,339,337,0,1,5,p_1.30.24_LL3f_mi,5
23,175,131,230,645,330,315,0,1,5,p_1.30.24_LL3f_mi,5
24,168,133,218,686,344,342,0,1,5,p_1.30.24_LL3f_mi,5
25,167,128,219,681,347,334,0,1,5,p_1.30.24_LL3f_mi,5
26,157,125,206,709,365,344,0,1,5,p_1.30.24_LL3f_mi,5
27,178,136,224,661,345,316,0,1,5,p_1.30.24_LL3f_mi,5
28,175,138,229,648,317,331,0,1,5,p_1.30.24_LL3f_mi,5
29,175,138,230,644,309,335,0,1,5,p_1.30.24_LL3f_mi,5
30,180,148,227,657,314,343,0,1,5,p_1.30.24_LL3f_mi,5
31,172,135,226,663,316,347,0,1,5,p_1.30.24_LL3f_mi,5
32,177,128,223,666,320,346,0,1,5,p_1.30.24_LL3f_mi,5
33,175,136,222,667,319,348,0,1,5,p_1.30.24_LL3f_mi,5
34,167,140,212,697,338,359,0,1,5,p_1.30.24_LL3f_mi,5
35,173,128,224,661,315,346,0,1,5,p_1.30.24_LL3f_mi,5
36,177,131,227,654,330,324,0,1,5,p_1.30.24_LL3f_mi,5
37,172,132,215,686,341,345,0,1,5,p_1.30.24_LL3f_mi,5
38,173,138,226,657,329,328,0,1,5,p_1.30.24_LL3f_mi,5
39,170,128,227,655,337,318,0,1,5,p_1.30.24_LL3f_mi,5
40,179,142,224,663,344,319,0,1,5,p_1.30.24_LL3f_mi,5
41,175,134,223,667,336,331,0,1,5,p_1.30.24_LL3f_mi,5
42,177,136,217,682,329,353,0,1,5,p_1.30.24_LL3f_mi,5
43,179,135,227,656,331,325,0,1,5,p_1.30.24_LL3f_mi,5
44,178,139,228,653,331,322,0,1,5,p_1.30.24_LL3f_mi,5
45,181,137,230,639,311,328,0,1,5,p_1.30.24_LL3f_mi,5
46,181,136,227,656,322,334,0,1,5,p_1.30.24_LL3f_mi,5
47,176,132,229,652,327,325,0,1,5,p_1.30.24_LL3f_mi,5
48,175,133,226,653,334,319,0,1,5,p_1.30.24_LL3f_mi,5
49,180,136,230,646,324,322,0,1,5,p_1.30.24_LL3f_mi,5
50,178,136,225,662,333,329,0,1,5,p_1.30.24_LL3f_mi,5
51,160,127,207,713,351,362,0,1,5,p_1.30.24_LL3f_mi,5
52,183,144,230,646,318,328,0,1,5,p_1.30.24_LL3f_mi,5
53,168,136,218,676,331,345,0,1,5,p_1.30.24_LL3f_mi,5
54,170,133,217,685,348,337,0,1,5,p_1.30.24_LL3f_mi,5
55,181,138,227,658,333,325,0,1,5,p_1.30.24_LL3f_mi,5
56,167,131,222,671,336,335,0,1,5,p_1.30.24_LL3f_mi,5
57,180,132,229,644,326,318,0,1,5,p_1.30.24_LL3f_mi,5
58,176,130,230,647,340,307,0,1,5,p_1.30.24_LL3f_mi,5
59,173,135,231,646,331,315,0,1,5,p_1.30.24_LL3f_mi,5
60,174,131,223,661,347,314,0,1,5,p_1.30.24_LL3f_mi,5
61,178,134,223,668,342,326,0,1,5,p_1.30.24_LL3f_mi,5
62,172,134,224,656,344,312,0,1,5,p_1.30.24_LL3f_mi,5
63,172,131,217,683,331,352,0,1,5,p_1.30.24_LL3f_mi,5
64,175,131,229,652,312,340,0,1,5,p_1.30.24_LL3f_mi,5
65,171,134,226,658,312,346,0,1,5,p_1.30.24_LL3f_mi,5
66,172,136,220,676,331,345,0,1,5,p_1.30.24_LL3f_mi,5
67,173,138,221,673,357,316,0,1,5,p_1.30.24_LL3f_mi,5
68,181,133,226,654,354,300,0,1,5,p_1.30.24_LL3f_mi,5
69,175,138,228,655,328,327,0,1,5,p_1.30.24_LL3f_mi,5
70,164,129,220,672,320,352,0,1,5,p_1.30.24_LL3f_mi,5
71,169,136,226,654,302,352,0,1,5,p_1.30.24_LL3f_mi,5
72,181,146,226,659,308,351,0,1,5,p_1.30.24_LL3f_mi,5
73,176,142,226,661,313,348,0,1,5,p_1.30.24_LL3f_mi,5
74,173,131,221,670,332,338,0,1,5,p_1.30.24_LL3f_mi,5
75,178,128,227,657,343,314,0,1,5,p_1.30.24_LL3f_mi,5
76,167,134,213,703,371,332,0,1,5,p_1.30.24_LL3f_mi,5
77,167,133,220,670,336,334,0,1,5,p_1.30.24_LL3f_mi,5
78,179,141,224,668,338,330,0,1,5,p_1.30.24_LL3f_mi,5
79,170,136,225,664,321,343,0,1,5,p_1.30.24_LL3f_mi,5
80,168,134,224,666,329,337,0,1,5,p_1.30.24_LL3f_mi,5
81,171,138,220,672,316,356,0,1,5,p_1.30.24_LL3f_mi,5
82,166,139,222,675,316,359,0,1,5,p_1.30.24_LL3f_mi,5
83,179,137,226,655,316,339,0,1,5,p_1.30.24_LL3f_mi,5
84,165,135,218,685,339,346,0,1,5,p_1.30.24_LL3f_mi,5
85,178,135,227,658,340,318,0,1,5,p_1.30.24_LL3f_mi,5
86,169,128,220,682,352,330,0,1,5,p_1.30.24_LL3f_mi,5
87,167,130,222,669,344,325,0,1,5,p_1.30.24_LL3f_mi,5
88,165,127,219,679,359,320,0,1,5,p_1.30.24_LL3f_mi,5
89,183,132,225,655,335,320,0,1,5,p_1.30.24_LL3f_mi,5
90,176,133,223,666,340,326,0,1,5,p_1.30.24_LL3f_mi,5
91,169,139,218,683,323,360,0,1,5,p_1.30.24_LL3f_mi,5
92,167,134,211,695,333,362,0,1,5,p_1.30.24_LL3f_mi,5
93,173,132,221,675,330,345,0,1,5,p_1.30.24_LL3f_mi,5
94,171,141,215,684,327,357,0,1,5,p_1.30.24_LL3f_mi,5
95,182,146,225,662,315,347,0,1,5,p_1.30.24_LL3f_mi,5
96,185,135,229,646,320,326,0,1,5,p_1.30.24_LL3f_mi,5
97,166,140,218,685,356,329,0,1,5,p_1.30.24_LL3f_mi,5
98,186,133,235,626,331,295,0,1,5,p_1.30.24_LL3f_mi,5
99,176,133,223,664,355,309,0,1,5,p_1.30.24_LL3f_mi,5
100,153,113,196,651,339,312,0,1,5,p_1.30.24_LL3f_mi,5
101,98,87,137,690,341,349,0,1,5,p_1.30.24_LL3f_mi,5
102,127,105,165,561,271,290,0,1,5,p_1.30.24_LL3f_mi,5
103,111,92,149,509,249,260,0,1,5,p_1.30.24_LL3f_mi,5
104,96,82,127,481,241,240,0,1,5,p_1.30.24_LL3f_mi,5
105,86,71,109,437,215,222,0,1,5,p_1.30.24_LL3f_mi,5
106,67,59,85,405,199,206,0,1,5,p_1.30.24_LL3f_mi,5
107,50,44,62,364,176,188,0,1,5,p_1.30.24_LL3f_mi,5
108,47,41,62,291,141,150,0,1,5,p_1.30.24_LL3f_mi,5
109,38,32,47,242,123,119,0,1,5,p_1.30.24_LL3f_mi,5
110,28,27,34,195,100,95,0,1,5,p_1.30.24_LL3f_mi,5
111,30,24,38,163,82,81,0,1,5,p_1.30.24_LL3f_mi,5
112,29,25,39,143,71,72,0,1,5,p_1.30.24_LL3f_mi,5
113,28,22,37,125,57,68,0,1,5,p_1.30.24_LL3f_mi,5
114,31,25,37,117,58,59,0,1,5,p_1.30.24_LL3f_mi,5
115,26,20,33,112,52,60,0,1,5,p_1.30.24_LL3f_mi,5
116,27,22,36,110,58,52,0,1,5,p_1.30.24_LL3f_mi,5
117,27,22,35,107,55,52,0,1,5,p_1.30.24_LL3f_mi,5
118,26,23,35,109,55,54,0,1,5,p_1.30.24_LL3f_mi,5
119,25,20,33,100,49,51,0,1,5,p_1.30.24_LL3f_mi,5
120,26,19,35,105,58,47,0,1,5,p_1.30.24_LL3f_mi,5
121,28,21,35,115,62,53,0,1,5,p_1.30.24_LL3f_mi,5
122,29,26,36,121,65,56,0,1,5,p_1.30.24_LL3f_mi,5
123,26,24,33,107,57,50,0,1,5,p_1.30.24_LL3f_mi,5
124,29,24,36,110,60,50,0,1,5,p_1.30.24_LL3f_mi,5
125,29,22,35,124,68,56,18,1,5,p_1.30.24_LL3f_mi,5
126,27,19,37,124,65,59,11,1,5,p_1.30.24_LL3f_mi,5
127,30,24,36,112,53,59,5,1,5,p_1.30.24_LL3f_mi,5
128,26,19,37,122,57,65,1,1,5,p_1.30.24_LL3f_mi,5
129,24,16,35,114,61,53,1,1,5,p_1.30.24_LL3f_mi,5
130,26,21,36,113,59,54,0,1,5,p_1.30.24_LL3f_mi,5
131,28,25,35,111,54,57,0,1,5,p_1.30.24_LL3f_mi,5
132,29,26,35,112,51,61,0,1,5,p_1.30.24_LL3f_mi,5
133,26,20,34,113,52,61,0,1,5,p_1.30.24_LL3f_mi,5
134,26,21,33,119,55,64,0,1,5,p_1.30.24_LL3f_mi,5
135,25,21,34,110,53,57,0,1,5,p_1.30.24_LL3f_mi,5
136,27,22,34,112,57,55,0,1,5,p_1.30.24_LL3f_mi,5
137,24,19,35,113,61,52,0,1,5,p_1.30.24_LL3f_mi,5
138,28,22,35,119,66,53,0,1,5,p_1.30.24_LL3f_mi,5
139,24,20,35,115,63,52,0,1,5,p_1.30.24_LL3f_mi,5
140,23,18,37,131,73,58,22,1,5,p_1.30.24_LL3f_mi,5
141,28,20,36,110,61,49,13,1,5,p_1.30.24_LL3f_mi,5
142,30,23,36,113,65,48,5,1,5,p_1.30.24_LL3f_mi,5
143,27,19,34,109,64,45,2,1,5,p_1.30.24_LL3f_mi,5
144,30,24,35,114,64,50,1,1,5,p_1.30.24_LL3f_mi,5
145,29,24,36,113,57,56,0,1,5,p_1.30.24_LL3f_mi,5
146,28,21,37,114,63,51,0,1,5,p_1.30.24_LL3f_mi,5
147,29,20,36,113,66,47,0,1,5,p_1.30.24_LL3f_mi,5
148,27,21,34,116,72,44,0,1,5,p_1.30.24_LL3f_mi,5
149,27,17,34,98,56,42,0,1,5,p_1.30.24_LL3f_mi,5
150,24,19,31,96,56,40,0,1,5,p_1.30.24_LL3f_mi,5
151,55,37,77,110,61,49,0,1,5,p_1.30.24_LL3f_mi,5
152,72,43,98,144,79,65,0,1,5,p_1.30.24_LL3f_mi,5
153,85,57,120,198,99,99,0,1,5,p_1.30.24_LL3f_mi,5
154,108,69,143,259,130,129,0,1,5,p_1.30.24_LL3f_mi,5
155,126,92,161,347,172,175,18,1,5,p_1.30.24_LL3f_mi,5
156,142,110,180,400,188,212,11,1,5,p_1.30.24_LL3f_mi,5
157,152,114,189,469,215,254,6,1,5,p_1.30.24_LL3f_mi,5
158,162,128,209,514,233,281,4,1,5,p_1.30.24_LL3f_mi,5
159,177,127,222,563,266,297,1,1,5,p_1.30.24_LL3f_mi,5
160,187,144,243,587,283,304,1,1,5,p_1.30.24_LL3f_mi,5
161,182,136,229,641,313,328,0,1,5,p_1.30.24_LL3f_mi,5
162,168,134,222,669,316,353,0,1,5,p_1.30.24_LL3f_mi,5
163,177,129,227,654,322,332,0,1,5,p_1.30.24_LL3f_mi,5
164,168,137,223,670,326,344,0,1,5,p_1.30.24_LL3f_mi,5
165,164,127,220,676,343,333,0,1,5,p_1.30.24_LL3f_mi,5
166,177,131,225,663,336,327,0,1,5,p_1.30.24_LL3f_mi,5
167,171,134,219,677,340,337,0,1,5,p_1.30.24_LL3f_mi,5
168,169,144,218,680,330,350,0,1,5,p_1.30.24_LL3f_mi,5
169,157,129,210,704,345,359,0,1,5,p_1.30.24_LL3f_mi,5
170,149,114,201,719,357,362,20,1,5,p_1.30.24_LL3f_mi,5
171,171,133,223,667,325,342,13,1,5,p_1.30.24_LL3f_mi,5
172,182,141,232,644,309,335,3,1,5,p_1.30.24_LL3f_mi,5
173,170,135,225,661,324,337,1,1,5,p_1.30.24_LL3f_mi,5
174,170,124,223,677,342,335,0,1,5,p_1.30.24_LL3f_mi,5
175,184,150,231,640,314,326,0,1,5,p_1.30.24_LL3f_mi,5
176,172,134,213,698,371,327,0,1,5,p_1.30.24_LL3f_mi,5
177,175,140,226,656,336,320,0,1,5,p_1.30.24_LL3f_mi,5
178,173,140,221,672,338,334,0,1,5,p_1.30.24_LL3f_mi,5
179,174,134,225,660,343,317,0,1,5,p_1.30.24_LL3f_mi,5
180,180,136,232,633,334,299,0,1,5,p_1.30.24_LL3f_mi,5
181,168,135,224,670,355,315,0,1,5,p_1.30.24_LL3f_mi,5
182,164,136,216,686,349,337,0,1,5,p_1.30.24_LL3f_mi,5
183,175,134,227,653,343,310,0,1,5,p_1.30.24_LL3f_mi,5
184,169,129,225,657,331,326,0,1,5,p_1.30.24_LL3f_mi,5
185,177,134,219,675,336,339,0,1,5,p_1.30.24_LL3f_mi,5
186,171,135,220,675,351,324,0,1,5,p_1.30.24_LL3f_mi,5
187,171,134,220,678,358,320,0,1,5,p_1.30.24_LL3f_mi,5
188,167,133,220,671,337,334,0,1,5,p_1.30.24_LL3f_mi,5
189,175,137,224,666,326,340,0,1,5,p_1.30.24_LL3f_mi,5
190,179,134,231,643,327,316,0,1,5,p_1.30.24_LL3f_mi,5
191,172,135,229,643,326,317,0,1,5,p_1.30.24_LL3f_mi,5
192,174,132,224,664,349,315,0,1,5,p_1.30.24_LL3f_mi,5
193,166,132,216,686,345,341,0,1,5,p_1.30.24_LL3f_mi,5
194,170,133,222,677,351,326,0,1,5,p_1.30.24_LL3f_mi,5
195,172,132,226,664,334,330,0,1,5,p_1.30.24_LL3f_mi,5
196,172,135,215,690,340,350,0,1,5,p_1.30.24_LL3f_mi,5
197,168,132,215,692,342,350,0,1,5,p_1.30.24_LL3f_mi,5
198,166,134,217,684,344,340,0,1,5,p_1.30.24_LL3f_mi,5
199,179,132,232,640,332,308,0,1,5,p_1.30.24_LL3f_mi,5
200,179,134,227,656,360,296,0,1,5,p_1.30.24_LL3f_mi,5
201,168,121,214,697,374,323,0,1,5,p_1.30.24_LL3f_mi,5
202,168,133,220,680,368,312,0,1,5,p_1.30.24_LL3f_mi,5
203,179,147,228,657,343,314,0,1,5,p_1.30.24_LL3f_mi,5
204,169,135,224,665,338,327,0,1,5,p_1.30.24_LL3f_mi,5
205,167,129,213,690,337,353,0,1,5,p_1.30.24_LL3f_mi,5
206,169,136,216,682,353,329,0,1,5,p_1.30.24_LL3f_mi,5
207,173,135,226,655,333,322,0,1,5,p_1.30.24_LL3f_mi,5
208,164,129,220,677,347,330,0,1,5,p_1.30.24_LL3f_mi,5
209,181,141,229,650,317,333,0,1,5,p_1.30.24_LL3f_mi,5
210,178,141,224,661,326,335,0,1,5,p_1.30.24_LL3f_mi,5
211,171,135,219,678,334,344,0,1,5,p_1.30.24_LL3f_mi,5
212,171,134,218,677,340,337,0,1,5,p_1.30.24_LL3f_mi,5
213,170,126,227,657,337,320,0,1,5,p_1.30.24_LL3f_mi,5
214,177,137,228,652,300,352,0,1,5,p_1.30.24_LL3f_mi,5
215,179,140,231,647,306,341,0,1,5,p_1.30.24_LL3f_mi,5
216,175,134,224,664,304,360,0,1,5,p_1.30.24_LL3f_mi,5
217,172,139,222,669,298,371,0,1,5,p_1.30.24_LL3f_mi,5
218,168,132,221,670,301,369,0,1,5,p_1.30.24_LL3f_mi,5
219,175,143,225,655,296,359,0,1,5,p_1.30.24_LL3f_mi,5
220,178,142,226,659,320,339,0,1,5,p_1.30.24_LL3f_mi,5
221,167,138,218,683,331,352,0,1,5,p_1.30.24_LL3f_mi,5
222,171,130,221,675,341,334,0,1,5,p_1.30.24_LL3f_mi,5
223,176,125,225,660,348,312,0,1,5,p_1.30.24_LL3f_mi,5
224,178,135,229,645,339,306,0,1,5,p_1.30.24_LL3f_mi,5
225,178,135,223,667,346,321,0,1,5,p_1.30.24_LL3f_mi,5
226,161,125,203,724,364,360,0,1,5,p_1.30.24_LL3f_mi,5
227,178,134,230,650,312,338,0,1,5,p_1.30.24_LL3f_mi,5
228,176,135,221,670,319,351,0,1,5,p_1.30.24_LL3f_mi,5
229,174,131,220,677,333,344,0,1,5,p_1.30.24_LL3f_mi,5
230,174,136,224,665,352,313,0,1,5,p_1.30.24_LL3f_mi,5
231,173,134,222,672,341,331,0,1,5,p_1.30.24_LL3f_mi,5
232,177,137,227,653,323,330,0,1,5,p_1.30.24_LL3f_mi,5
233,175,127,229,639,308,331,0,1,5,p_1.30.24_LL3f_mi,5
234,173,137,224,659,291,368,0,1,5,p_1.30.24_LL3f_mi,5
235,177,141,221,669,297,372,0,1,5,p_1.30.24_LL3f_mi,5
236,173,128,225,660,308,352,0,1,5,p_1.30.24_LL3f_mi,5
237,183,136,231,647,326,321,0,1,5,p_1.30.24_LL3f_mi,5
238,178,133,233,635,322,313,0,1,5,p_1.30.24_LL3f_mi,5
239,174,127,219,677,344,333,0,1,5,p_1.30.24_LL3f_mi,5
240,174,136,224,666,335,331,0,1,5,p_1.30.24_LL3f_mi,5
241,173,142,226,665,331,334,0,1,5,p_1.30.24_LL3f_mi,5
242,174,142,223,674,322,352,0,1,5,p_1.30.24_LL3f_mi,5
243,175,135,217,683,321,362,0,1,5,p_1.30.24_LL3f_mi,5
244,166,135,218,675,330,345,0,1,5,p_1.30.24_LL3f_mi,5
245,171,140,221,673,353,320,0,1,5,p_1.30.24_LL3f_mi,5
246,175,133,224,663,341,322,0,1,5,p_1.30.24_LL3f_mi,5
247,179,145,223,664,334,330,0,1,5,p_1.30.24_LL3f_mi,5
248,177,137,226,659,316,343,0,1,5,p_1.30.24_LL3f_mi,5
249,182,140,226,659,330,329,0,1,5,p_1.30.24_LL3f_mi,5
250,179,135,229,644,332,312,0,1,5,p_1.30.24_LL3f_mi,5
251,159,125,211,699,369,330,0,1,5,p_1.30.24_LL3f_mi,5
252,169,139,215,692,376,316,0,1,5,p_1.30.24_LL3f_mi,5
253,167,128,217,681,357,324,0,1,5,p_1.30.24_LL3f_mi,5
254,170,130,223,665,351,314,0,1,5,p_1.30.24_LL3f_mi,5
255,178,132,228,651,346,305,0,1,5,p_1.30.24_LL3f_mi,5
256,169,130,219,682,362,320,0,1,5,p_1.30.24_LL3f_mi,5
257,176,135,227,656,364,292,0,1,5,p_1.30.24_LL3f_mi,5
258,171,128,226,657,339,318,0,1,5,p_1.30.24_LL3f_mi,5
259,173,137,231,636,319,317,0,1,5,p_1.30.24_LL3f_mi,5
260,165,133,210,702,363,339,0,1,5,p_1.30.24_LL3f_mi,5
261,176,139,216,687,349,338,0,1,5,p_1.30.24_LL3f_mi,5
262,177,129,227,651,330,321,0,1,5,p_1.30.24_LL3f_mi,5
263,180,139,225,657,331,326,0,1,5,p_1.30.24_LL3f_mi,5
264,171,138,216,685,340,345,0,1,5,p_1.30.24_LL3f_mi,5
265,181,139,229,647,306,341,0,1,5,p_1.30.24_LL3f_mi,5
266,171,134,227,648,316,332,0,1,5,p_1.30.24_LL3f_mi,5
267,179,133,226,656,310,346,0,1,5,p_1.30.24_LL3f_mi,5
268,173,142,227,655,311,344,0,1,5,p_1.30.24_LL3f_mi,5
269,168,136,222,675,310,365,0,1,5,p_1.30.24_LL3f_mi,5
270,171,134,221,678,309,369,0,1,5,p_1.30.24_LL3f_mi,5
271,177,140,221,677,324,353,0,1,5,p_1.30.24_LL3f_mi,5
272,178,138,227,654,323,331,0,1,5,p_1.30.24_LL3f_mi,5
273,177,139,227,651,326,325,0,1,5,p_1.30.24_LL3f_mi,5
274,174,134,223,666,334,332,0,1,5,p_1.30.24_LL3f_mi,5
275,176,133,224,664,332,332,0,1,5,p_1.30.24_LL3f_mi,5
276,157,129,206,717,353,364,0,1,5,p_1.30.24_LL3f_mi,5
277,176,132,228,648,317,331,0,1,5,p_1.30.24_LL3f_mi,5
278,187,141,229,646,316,330,0,1,5,p_1.30.24_LL3f_mi,5
279,172,138,222,667,324,343,0,1,5,p_1.30.24_LL3f_mi,5
280,173,137,221,675,317,358,0,1,5,p_1.30.24_LL3f_mi,5
281,180,139,222,668,329,339,0,1,5,p_1.30.24_LL3f_mi,5
282,177,138,222,670,346,324,0,1,5,p_1.30.24_LL3f_mi,5
283,162,131,214,686,352,334,0,1,5,p_1.30.24_LL3f_mi,5
284,171,129,228,659,347,312,0,1,5,p_1.30.24_LL3f_mi,5
285,171,134,225,665,342,323,0,1,5,p_1.30.24_LL3f_mi,5
286,159,131,216,691,365,326,0,1,5,p_1.30.24_LL3f_mi,5
287,169,132,216,688,357,331,0,1,5,p_1.30.24_LL3f_mi,5
288,174,135,224,662,342,320,0,1,5,p_1.30.24_LL3f_mi,5
289,174,123,227,655,338,317,0,1,5,p_1.30.24_LL3f_mi,5
290,178,143,224,668,359,309,0,1,5,p_1.30.24_LL3f_mi,5
291,175,138,219,677,365,312,0,1,5,p_1.30.24_LL3f_mi,5
292,167,137,216,690,362,328,0,1,5,p_1.30.24_LL3f_mi,5
293,180,137,223,666,342,324,0,1,5,p_1.30.24_LL3f_mi,5
294,185,134,229,649,332,317,0,1,5,p_1.30.24_LL3f_mi,5
295,172,136,226,658,328,330,0,1,5,p_1.30.24_LL3f_mi,5
296,165,131,218,685,348,337,0,1,5,p_1.30.24_LL3f_mi,5
297,170,131,221,672,333,339,0,1,5,p_1.30.24_LL3f_mi,5
298,165,132,217,689,344,345,0,1,5,p_1.30.24_LL3f_mi,5
299,181,135,228,651,323,328,0,1,5,p_1.30.24_LL3f_mi,5
300,180,145,229,651,322,329,0,1,5,p_1.30.24_LL3f_mi,5
301,167,130,210,701,338,363,0,1,5,p_1.30.24_LL3f_mi,5
302,171,142,222,672,340,332,0,1,5,p_1.30.24_LL3f_mi,5
303,179,137,227,656,329,327,0,1,5,p_1.30.24_LL3f_mi,5
304,176,146,224,659,346,313,0,1,5,p_1.30.24_LL3f_mi,5
305,168,131,221,674,354,320,0,1,5,p_1.30.24_LL3f_mi,5
306,174,140,224,667,345,322,0,1,5,p_1.30.24_LL3f_mi,5
307,169,126,222,671,341,330,0,1,5,p_1.30.24_LL3f_mi,5
308,187,143,231,635,316,319,0,1,5,p_1.30.24_LL3f_mi,5
309,176,141,226,658,335,323,0,1,5,p_1.30.24_LL3f_mi,5
310,172,128,224,670,341,329,0,1,5,p_1.30.24_LL3f_mi,5
311,174,135,226,661,342,319,0,1,5,p_1.30.24_LL3f_mi,5
312,172,140,223,667,341,326,0,1,5,p_1.30.24_LL3f_mi,5
313,174,127,227,660,347,313,0,1,5,p_1.30.24_LL3f_mi,5
314,174,136,224,667,337,330,0,1,5,p_1.30.24_LL3f_mi,5
315,177,141,228,650,325,325,0,1,5,p_1.30.24_LL3f_mi,5
316,175,130,224,666,319,347,0,1,5,p_1.30.24_LL3f_mi,5
317,169,134,218,676,317,359,0,1,5,p_1.30.24_LL3f_mi,5
318,180,142,229,644,304,340,0,1,5,p_1.30.24_LL3f_mi,5
319,174,124,225,658,326,332,0,1,5,p_1.30.24_LL3f_mi,5
320,168,138,220,676,332,344,0,1,5,p_1.30.24_LL3f_mi,5
321,163,121,218,682,344,338,0,1,5,p_1.30.24_LL3f_mi,5
322,178,138,219,681,345,336,0,1,5,p_1.30.24_LL3f_mi,5
323,171,137,217,679,343,336,0,1,5,p_1.30.24_LL3f_mi,5
324,172,141,223,663,323,340,0,1,5,p_1.30.24_LL3f_mi,5
325,178,134,228,657,312,345,0,1,5,p_1.30.24_LL3f_mi,5
326,159,132,208,707,348,359,0,1,5,p_1.30.24_LL3f_mi,5
327,173,132,223,667,329,338,0,1,5,p_1.30.24_LL3f_mi,5
328,163,134,206,707,359,348,0,1,5,p_1.30.24_LL3f_mi,5
329,181,139,234,633,330,303,0,1,5,p_1.30.24_LL3f_mi,5
330,174,135,225,662,350,312,0,1,5,p_1.30.24_LL3f_mi,5
331,178,134,226,661,346,315,0,1,5,p_1.30.24_LL3f_mi,5
332,170,135,217,683,345,338,0,1,5,p_1.30.24_LL3f_mi,5
333,166,131,222,670,331,339,0,1,5,p_1.30.24_LL3f_mi,5
334,172,136,227,654,323,331,0,1,5,p_1.30.24_LL3f_mi,5
335,169,136,216,687,349,338,0,1,5,p_1.30.24_LL3f_mi,5
336,178,136,230,644,336,308,0,1,5,p_1.30.24_LL3f_mi,5
337,175,131,229,642,349,293,0,1,5,p_1.30.24_LL3f_mi,5
338,171,130,223,668,357,311,0,1,5,p_1.30.24_LL3f_mi,5
339,180,135,227,654,348,306,0,1,5,p_1.30.24_LL3f_mi,5
340,164,130,217,683,355,328,0,1,5,p_1.30.24_LL3f_mi,5
341,168,132,214,694,365,329,0,1,5,p_1.30.24_LL3f_mi,5
342,183,135,230,636,328,308,0,1,5,p_1.30.24_LL3f_mi,5
343,185,144,235,633,333,300,0,1,5,p_1.30.24_LL3f_mi,5
344,184,133,227,653,323,330,0,1,5,p_1.30.24_LL3f_mi,5
345,174,137,222,676,341,335,0,1,5,p_1.30.24_LL3f_mi,5
346,162,121,219,675,338,337,0,1,5,p_1.30.24_LL3f_mi,5
347,174,135,230,641,329,312,0,1,5,p_1.30.24_LL3f_mi,5
348,175,135,227,655,335,320,0,1,5,p_1.30.24_LL3f_mi,5
349,172,139,222,670,335,335,0,1,5,p_1.30.24_LL3f_mi,5
350,172,133,219,682,346,336,0,1,5,p_1.30.24_LL3f_mi,5
1,7,7,11,617,306,311,0,1,1,p_1.30.24_LL3f_mi,6
2,104,95,127,850,419,431,0,1,1,p_1.30.24_LL3f_mi,6
3,128,112,169,789,398,391,0,1,1,p_1.30.24_LL3f_mi,6
4,163,133,204,715,356,359,0,1,1,p_1.30.24_LL3f_mi,6
5,171,128,224,664,331,333,0,1,1,p_1.30.24_LL3f_mi,6
6,180,142,230,645,323,322,0,1,1,p_1.30.24_LL3f_mi,6
7,172,136,228,650,324,326,0,1,1,p_1.30.24_LL3f_mi,6
8,178,140,232,643,314,329,0,1,1,p_1.30.24_LL3f_mi,6
9,168,128,214,692,337,355,0,1,1,p_1.30.24_LL3f_mi,6
10,177,137,220,678,336,342,0,1,1,p_1.30.24_LL3f_mi,6
11,180,132,223,675,334,341,0,1,1,p_1.30.24_LL3f_mi,6
12,171,135,224,660,324,336,0,1,1,p_1.30.24_LL3f_mi,6
13,184,134,234,626,321,305,0,1,1,p_1.30.24_LL3f_mi,6
14,182,145,227,654,317,337,0,1,1,p_1.30.24_LL3f_mi,6
15,166,134,219,684,320,364,0,1,1,p_1.30.24_LL3f_mi,6
16,169,135,217,684,316,368,0,1,1,p_1.30.24_LL3f_mi,6
17,172,133,221,668,317,351,0,1,1,p_1.30.24_LL3f_mi,6
18,178,131,228,663,322,341,0,1,1,p_1.30.24_LL3f_mi,6
19,186,135,231,640,315,325,0,1,1,p_1.30.24_LL3f_mi,6
20,172,138,224,670,328,342,0,1,1,p_1.30.24_LL3f_mi,6
21,178,144,226,662,313,349,0,1,1,p_1.30.24_LL3f_mi,6
22,178,135,229,638,315,323,0,1,1,p_1.30.24_LL3f_mi,6
23,179,139,226,659,323,336,0,1,1,p_1.30.24_LL3f_mi,6
24,172,132,220,678,341,337,0,1,1,p_1.30.24_LL3f_mi,6
25,170,140,220,676,333,343,0,1,1,p_1.30.24_LL3f_mi,6
26,155,126,206,711,345,366,0,1,1,p_1.30.24_LL3f_mi,6
27,165,127,220,670,318,352,0,1,1,p_1.30.24_LL3f_mi,6
28,175,135,228,649,336,313,0,1,1,p_1.30.24_LL3f_mi,6
29,176,132,226,657,337,320,0,1,1,p_1.30.24_LL3f_mi,6
30,173,139,219,670,355,315,0,1,1,p_1.30.24_LL3f_mi,6
31,167,130,219,679,348,331,0,1,1,p_1.30.24_LL3f_mi,6
32,178,135,224,663,347,316,0,1,1,p_1.30.24_LL3f_mi,6
33,171,132,221,678,350,328,0,1,1,p_1.30.24_LL3f_mi,6
34,174,136,221,669,341,328,0,1,1,p_1.30.24_LL3f_mi,6
35,169,129,221,672,304,368,0,1,1,p_1.30.24_LL3f_mi,6
36,170,140,228,643,301,342,0,1,1,p_1.30.24_LL3f_mi,6
37,175,135,224,660,313,347,0,1,1,p_1.30.24_LL3f_mi,6
38,178,142,230,645,316,329,0,1,1,p_1.30.24_LL3f_mi,6
39,179,135,232,635,303,332,0,1,1,p_1.30.24_LL3f_mi,6
40,174,137,222,669,329,340,0,1,1,p_1.30.24_LL3f_mi,6
41,169,135,219,677,330,347,0,1,1,p_1.30.24_LL3f_mi,6
42,167,132,220,679,342,337,0,1,1,p_1.30.24_LL3f_mi,6
43,175,127,222,669,340,329,0,1,1,p_1.30.24_LL3f_mi,6
44,167,128,223,663,330,333,0,1,1,p_1.30.24_LL3f_mi,6
45,181,137,231,644,338,306,0,1,1,p_1.30.24_LL3f_mi,6
46,180,131,228,656,353,303,0,1,1,p_1.30.24_LL3f_mi,6
47,168,128,222,671,347,324,0,1,1,p_1.30.24_LL3f_mi,6
48,171,130,226,659,327,332,0,1,1,p_1.30.24_LL3f_mi,6
49,177,139,223,668,312,356,0,1,1,p_1.30.24_LL3f_mi,6
50,170,131,224,663,327,336,0,1,1,p_1.30.24_LL3f_mi,6
51,166,144,208,705,326,379,0,1,1,p_1.30.24_LL3f_mi,6
52,176,135,222,671,299,372,0,1,1,p_1.30.24_LL3f_mi,6
53,174,133,223,664,328,336,0,1,1,p_1.30.24_LL3f_mi,6
54,181,128,231,646,336,310,0,1,1,p_1.30.24_LL3f_mi,6
55,174,121,225,654,348,306,0,1,1,p_1.30.24_LL3f_mi,6
56,174,129,224,670,343,327,0,1,1,p_1.30.24_LL3f_mi,6
57,179,133,227,656,342,314,0,1,1,p_1.30.24_LL3f_mi,6
58,178,134,220,675,341,334,0,1,1,p_1.30.24_LL3f_mi,6
59,179,137,226,654,318,336,0,1,1,p_1.30.24_LL3f_mi,6
60,184,140,223,672,351,321,0,1,1,p_1.30.24_LL3f_mi,6
61,167,130,221,670,352,318,0,1,1,p_1.30.24_LL3f_mi,6
62,174,141,222,671,355,316,0,1,1,p_1.30.24_LL3f_mi,6
63,168,138,221,672,350,322,0,1,1,p_1.30.24_LL3f_mi,6
64,165,131,217,684,351,333,0,1,1,p_1.30.24_LL3f_mi,6
65,167,120,218,684,340,344,0,1,1,p_1.30.24_LL3f_mi,6
66,181,144,226,661,297,364,0,1,1,p_1.30.24_LL3f_mi,6
67,164,131,228,645,293,352,0,1,1,p_1.30.24_LL3f_mi,6
68,168,132,220,674,318,356,0,1,1,p_1.30.24_LL3f_mi,6
69,175,136,223,666,326,340,0,1,1,p_1.30.24_LL3f_mi,6
70,177,127,225,659,332,327,0,1,1,p_1.30.24_LL3f_mi,6
71,167,131,217,679,354,325,0,1,1,p_1.30.24_LL3f_mi,6
72,173,137,226,666,330,336,0,1,1,p_1.30.24_LL3f_mi,6
73,169,130,222,667,339,328,0,1,1,p_1.30.24_LL3f_mi,6
74,179,137,225,654,313,341,0,1,1,p_1.30.24_LL3f_mi,6
75,164,128,214,691,323,368,0,1,1,p_1.30.24_LL3f_mi,6
76,148,121,200,729,360,369,0,1,1,p_1.30.24_LL3f_mi,6
77,172,132,229,651,319,332,0,1,1,p_1.30.24_LL3f_mi,6
78,182,146,228,649,321,328,0,1,1,p_1.30.24_LL3f_mi,6
79,182,144,232,639,312,327,0,1,1,p_1.30.24_LL3f_mi,6
80,167,139,218,690,344,346,0,1,1,p_1.30.24_LL3f_mi,6
81,175,137,223,670,350,320,0,1,1,p_1.30.24_LL3f_mi,6
82,176,135,223,670,349,321,0,1,1,p_1.30.24_LL3f_mi,6
83,181,146,227,661,346,315,0,1,1,p_1.30.24_LL3f_mi,6
84,175,136,226,657,321,336,0,1,1,p_1.30.24_LL3f_mi,6
85,171,139,222,668,311,357,0,1,1,p_1.30.24_LL3f_mi,6
86,166,131,221,669,331,338,0,1,1,p_1.30.24_LL3f_mi,6
87,178,136,223,662,328,334,0,1,1,p_1.30.24_LL3f_mi,6
88,178,142,226,653,318,335,0,1,1,p_1.30.24_LL3f_mi,6
89,172,144,221,670,325,345,0,1,1,p_1.30.24_LL3f_mi,6
90,172,139,229,652,322,330,0,1,1,p_1.30.24_LL3f_mi,6
91,169,133,215,696,342,354,0,1,1,p_1.30.24_LL3f_mi,6
92,175,139,223,668,318,350,0,1,1,p_1.30.24_LL3f_mi,6
93,177,138,227,654,317,337,0,1,1,p_1.30.24_LL3f_mi,6
94,183,140,236,633,318,315,0,1,1,p_1.30.24_LL3f_mi,6
95,176,144,227,654,341,313,0,1,1,p_1.30.24_LL3f_mi,6
96,178,139,228,653,352,301,0,1,1,p_1.30.24_LL3f_mi,6
97,166,126,216,688,352,336,0,1,1,p_1.30.24_LL3f_mi,6
98,174,139,230,640,319,321,0,1,1,p_1.30.24_LL3f_mi,6
99,185,142,233,647,318,329,0,1,1,p_1.30.24_LL3f_mi,6
100,152,119,198,646,316,330,0,1,1,p_1.30.24_LL3f_mi,6
101,113,98,147,677,334,343,0,1,1,p_1.30.24_LL3f_mi,6
102,123,97,152,583,284,299,0,1,1,p_1.30.24_LL3f_mi,6
103,111,92,141,533,261,272,0,1,1,p_1.30.24_LL3f_mi,6
104,100,87,125,485,236,249,0,1,1,p_1.30.24_LL3f_mi,6
105,83,66,108,440,221,219,0,1,1,p_1.30.24_LL3f_mi,6
106,69,59,88,397,198,199,0,1,1,p_1.30.24_LL3f_mi,6
107,63,53,79,337,161,176,0,1,1,p_1.30.24_LL3f_mi,6
108,46,38,56,304,152,152,0,1,1,p_1.30.24_LL3f_mi,6
109,31,28,38,258,131,127,0,1,1,p_1.30.24_LL3f_mi,6
110,25,21,33,203,94,109,0,1,1,p_1.30.24_LL3f_mi,6
111,26,22,38,155,79,76,0,1,1,p_1.30.24_LL3f_mi,6
112,25,21,38,138,67,71,0,1,1,p_1.30.24_LL3f_mi,6
113,27,23,36,120,57,63,0,1,1,p_1.30.24_LL3f_mi,6
114,24,21,35,112,52,60,0,1,1,p_1.30.24_LL3f_mi,6
115,29,23,36,114,64,50,0,1,1,p_1.30.24_LL3f_mi,6
116,27,21,35,111,64,47,0,1,1,p_1.30.24_LL3f_mi,6
117,29,25,34,112,57,55,0,1,1,p_1.30.24_LL3f_mi,6
118,27,22,33,102,55,47,0,1,1,p_1.30.24_LL3f_mi,6
119,24,22,34,103,61,42,0,1,1,p_1.30.24_LL3f_mi,6
120,23,18,34,106,59,47,0,1,1,p_1.30.24_LL3f_mi,6
121,24,19,34,104,55,49,0,1,1,p_1.30.24_LL3f_mi,6
122,27,20,35,109,61,48,0,1,1,p_1.30.24_LL3f_mi,6
123,27,23,36,120,66,54,0,1,1,p_1.30.24_LL3f_mi,6
124,28,21,37,113,65,48,0,1,1,p_1.30.24_LL3f_mi,6
125,23,16,36,127,70,57,22,1,1,p_1.30.24_LL3f_mi,6
126,27,19,37,126,63,63,5,1,1,p_1.30.24_LL3f_mi,6
127,28,23,37,126,52,74,5,1,1,p_1.30.24_LL3f_mi,6
128,28,25,38,129,52,77,0,1,1,p_1.30.24_LL3f_mi,6
129,26,20,36,117,57,60,0,1,1,p_1.30.24_LL3f_mi,6
130,27,23,37,117,55,62,0,1,1,p_1.30.24_LL3f_mi,6
131,28,24,34,116,56,60,0,1,1,p_1.30.24_LL3f_mi,6
132,28,21,35,114,53,61,0,1,1,p_1.30.24_LL3f_mi,6
133,27,21,33,106,49,57,0,1,1,p_1.30.24_LL3f_mi,6
134,23,19,34,105,48,57,0,1,1,p_1.30.24_LL3f_mi,6
135,26,22,33,109,51,58,0,1,1,p_1.30.24_LL3f_mi,6
136,26,24,35,112,53,59,0,1,1,p_1.30.24_LL3f_mi,6
137,26,22,35,106,45,61,0,1,1,p_1.30.24_LL3f_mi,6
138,30,22,38,115,53,62,0,1,1,p_1.30.24_LL3f_mi,6
139,31,26,37,109,58,51,0,1,1,p_1.30.24_LL3f_mi,6
140,23,18,35,121,62,59,14,1,1,p_1.30.24_LL3f_mi,6
141,27,19,35,121,62,59,10,1,1,p_1.30.24_LL3f_mi,6
142,27,21,36,117,57,60,10,1,1,p_1.30.24_LL3f_mi,6
143,26,21,37,111,55,56,6,1,1,p_1.30.24_LL3f_mi,6
144,27,19,35,112,52,60,0,1,1,p_1.30.24_LL3f_mi,6
145,32,26,39,111,44,67,0,1,1,p_1.30.24_LL3f_mi,6
146,28,24,35,117,39,78,0,1,1,p_1.30.24_LL3f_mi,6
147,25,19,35,105,35,70,0,1,1,p_1.30.24_LL3f_mi,6
148,28,23,34,99,40,59,0,1,1,p_1.30.24_LL3f_mi,6
149,27,22,34,100,50,50,0,1,1,p_1.30.24_LL3f_mi,6
150,23,18,33,96,54,42,0,1,1,p_1.30.24_LL3f_mi,6
151,55,31,78,107,61,46,0,1,1,p_1.30.24_LL3f_mi,6
152,73,51,102,156,78,78,0,1,1,p_1.30.24_LL3f_mi,6
153,90,59,122,205,104,101,0,1,1,p_1.30.24_LL3f_mi,6
154,102,77,144,262,118,144,0,1,1,p_1.30.24_LL3f_mi,6
155,129,94,160,354,157,197,18,1,1,p_1.30.24_LL3f_mi,6
156,139,99,180,388,179,209,8,1,1,p_1.30.24_LL3f_mi,6
157,153,110,196,441,204,237,5,1,1,p_1.30.24_LL3f_mi,6
158,164,116,211,483,242,241,3,1,1,p_1.30.24_LL3f_mi,6
159,176,134,224,554,280,274,2,1,1,p_1.30.24_LL3f_mi,6
160,191,148,241,608,323,285,0,1,1,p_1.30.24_LL3f_mi,6
161,175,129,236,628,357,271,0,1,1,p_1.30.24_LL3f_mi,6
162,174,127,225,664,370,294,0,1,1,p_1.30.24_LL3f_mi,6
163,175,130,229,649,363,286,0,1,1,p_1.30.24_LL3f_mi,6
164,162,133,211,701,374,327,0,1,1,p_1.30.24_LL3f_mi,6
165,171,139,220,677,362,315,0,1,1,p_1.30.24_LL3f_mi,6
166,167,133,225,660,334,326,0,1,1,p_1.30.24_LL3f_mi,6
167,171,127,227,647,332,315,0,1,1,p_1.30.24_LL3f_mi,6
168,181,143,227,651,325,326,0,1,1,p_1.30.24_LL3f_mi,6
169,164,134,215,690,352,338,0,1,1,p_1.30.24_LL3f_mi,6
170,156,130,207,705,371,334,18,1,1,p_1.30.24_LL3f_mi,6
171,166,126,211,701,373,328,10,1,1,p_1.30.24_LL3f_mi,6
172,167,132,217,685,354,331,8,1,1,p_1.30.24_LL3f_mi,6
173,183,141,228,651,337,314,0,1,1,p_1.30.24_LL3f_mi,6
174,182,140,228,644,345,299,0,1,1,p_1.30.24_LL3f_mi,6
175,180,141,229,656,348,308,0,1,1,p_1.30.24_LL3f_mi,6
176,154,124,202,734,379,355,0,1,1,p_1.30.24_LL3f_mi,6
177,187,140,219,678,349,329,0,1,1,p_1.30.24_LL3f_mi,6
178,167,130,217,686,355,331,0,1,1,p_1.30.24_LL3f_mi,6
179,177,138,221,667,328,339,0,1,1,p_1.30.24_LL3f_mi,6
180,184,144,233,637,306,331,0,1,1,p_1.30.24_LL3f_mi,6
181,171,135,223,670,314,356,0,1,1,p_1.30.24_LL3f_mi,6
182,167,135,225,661,310,351,0,1,1,p_1.30.24_LL3f_mi,6
183,176,143,224,663,308,355,0,1,1,p_1.30.24_LL3f_mi,6
184,178,142,228,655,304,351,0,1,1,p_1.30.24_LL3f_mi,6
185,167,134,215,694,326,368,0,1,1,p_1.30.24_LL3f_mi,6
186,173,141,220,674,333,341,0,1,1,p_1.30.24_LL3f_mi,6
187,176,135,229,656,328,328,0,1,1,p_1.30.24_LL3f_mi,6
188,168,136,220,676,333,343,0,1,1,p_1.30.24_LL3f_mi,6
189,183,146,225,663,318,345,0,1,1,p_1.30.24_LL3f_mi,6
190,175,131,227,661,325,336,0,1,1,p_1.30.24_LL3f_mi,6
191,164,135,220,676,329,347,0,1,1,p_1.30.24_LL3f_mi,6
192,169,131,222,667,322,345,0,1,1,p_1.30.24_LL3f_mi,6
193,176,146,217,683,323,360,0,1,1,p_1.30.24_LL3f_mi,6
194,168,127,224,665,312,353,0,1,1,p_1.30.24_LL3f_mi,6
195,179,142,222,668,321,347,0,1,1,p_1.30.24_LL3f_mi,6
196,175,136,226,660,318,342,0,1,1,p_1.30.24_LL3f_mi,6
197,168,127,228,655,325,330,0,1,1,p_1.30.24_LL3f_mi,6
198,189,142,230,639,333,306,0,1,1,p_1.30.24_LL3f_mi,6
199,170,134,218,680,342,338,0,1,1,p_1.30.24_LL3f_mi,6
200,177,136,223,667,334,333,0,1,1,p_1.30.24_LL3f_mi,6
201,158,131,204,719,362,357,0,1,1,p_1.30.24_LL3f_mi,6
202,174,141,220,672,332,340,0,1,1,p_1.30.24_LL3f_mi,6
203,183,142,227,651,337,314,0,1,1,p_1.30.24_LL3f_mi,6
204,177,136,223,670,363,307,0,1,1,p_1.30.24_LL3f_mi,6
205,170,133,222,671,358,313,0,1,1,p_1.30.24_LL3f_mi,6
206,171,134,222,674,363,311,0,1,1,p_1.30.24_LL3f_mi,6
207,174,130,225,661,347,314,0,1,1,p_1.30.24_LL3f_mi,6
208,172,139,227,654,328,326,0,1,1,p_1.30.24_LL3f_mi,6
209,168,132,221,673,333,340,0,1,1,p_1.30.24_LL3f_mi,6
210,169,135,228,653,312,341,0,1,1,p_1.30.24_LL3f_mi,6
211,177,136,231,650,313,337,0,1,1,p_1.30.24_LL3f_mi,6
212,176,134,222,667,331,336,0,1,1,p_1.30.24_LL3f_mi,6
213,177,145,224,668,326,342,0,1,1,p_1.30.24_LL3f_mi,6
214,164,133,212,699,338,361,0,1,1,p_1.30.24_LL3f_mi,6
215,168,136,222,668,327,341,0,1,1,p_1.30.24_LL3f_mi,6
216,178,139,225,659,325,334,0,1,1,p_1.30.24_LL3f_mi,6
217,170,133,226,652,314,338,0,1,1,p_1.30.24_LL3f_mi,6
218,170,135,225,661,318,343,0,1,1,p_1.30.24_LL3f_mi,6
219,187,138,229,652,329,323,0,1,1,p_1.30.24_LL3f_mi,6
220,181,139,230,651,322,329,0,1,1,p_1.30.24_LL3f_mi,6
221,174,140,223,675,339,336,0,1,1,p_1.30.24_LL3f_mi,6
222,179,133,235,630,324,306,0,1,1,p_1.30.24_LL3f_mi,6
223,176,124,226,656,340,316,0,1,1,p_1.30.24_LL3f_mi,6
224,187,143,234,633,332,301,0,1,1,p_1.30.24_LL3f_mi,6
225,179,136,234,639,330,309,0,1,1,p_1.30.24_LL3f_mi,6
226,172,143,215,705,350,355,0,1,1,p_1.30.24_LL3f_mi,6
227,172,142,217,678,351,327,0,1,1,p_1.30.24_LL3f_mi,6
228,169,133,218,678,350,328,0,1,1,p_1.30.24_LL3f_mi,6
229,181,135,219,675,334,341,0,1,1,p_1.30.24_LL3f_mi,6
230,181,142,228,652,299,353,0,1,1,p_1.30.24_LL3f_mi,6
231,177,144,225,665,318,347,0,1,1,p_1.30.24_LL3f_mi,6
232,182,140,224,666,324,342,0,1,1,p_1.30.24_LL3f_mi,6
233,176,132,224,659,317,342,0,1,1,p_1.30.24_LL3f_mi,6
234,172,131,226,658,330,328,0,1,1,p_1.30.24_LL3f_mi,6
235,169,133,223,666,325,341,0,1,1,p_1.30.24_LL3f_mi,6
236,175,140,227,657,324,333,0,1,1,p_1.30.24_LL3f_mi,6
237,183,140,233,635,308,327,0,1,1,p_1.30.24_LL3f_mi,6
238,182,139,223,666,320,346,0,1,1,p_1.30.24_LL3f_mi,6
239,183,135,227,660,324,336,0,1,1,p_1.30.24_LL3f_mi,6
240,181,142,227,650,324,326,0,1,1,p_1.30.24_LL3f_mi,6
241,171,132,224,667,345,322,0,1,1,p_1.30.24_LL3f_mi,6
242,179,134,225,665,337,328,0,1,1,p_1.30.24_LL3f_mi,6
243,180,138,226,656,331,325,0,1,1,p_1.30.24_LL3f_mi,6
244,179,140,229,653,324,329,0,1,1,p_1.30.24_LL3f_mi,6
245,179,142,230,645,324,321,0,1,1,p_1.30.24_LL3f_mi,6
246,177,148,223,671,330,341,0,1,1,p_1.30.24_LL3f_mi,6
247,170,136,219,676,330,346,0,1,1,p_1.30.24_LL3f_mi,6
248,173,133,223,662,338,324,0,1,1,p_1.30.24_LL3f_mi,6
249,173,134,221,673,329,344,0,1,1,p_1.30.24_LL3f_mi,6
250,182,138,231,644,317,327,0,1,1,p_1.30.24_LL3f_mi,6
251,158,128,203,719,356,363,0,1,1,p_1.30.24_LL3f_mi,6
252,170,135,220,684,355,329,0,1,1,p_1.30.24_LL3f_mi,6
253,164,130,215,688,354,334,0,1,1,p_1.30.24_LL3f_mi,6
254,179,139,228,660,347,313,0,1,1,p_1.30.24_LL3f_mi,6
255,179,135,232,645,343,302,0,1,1,p_1.30.24_LL3f_mi,6
256,177,132,228,651,330,321,0,1,1,p_1.30.24_LL3f_mi,6
257,180,146,223,669,324,345,0,1,1,p_1.30.24_LL3f_mi,6
258,174,137,227,652,316,336,0,1,1,p_1.30.24_LL3f_mi,6
259,170,128,225,658,327,331,0,1,1,p_1.30.24_LL3f_mi,6
260,178,128,234,629,321,308,0,1,1,p_1.30.24_LL3f_mi,6
261,176,140,227,654,337,317,0,1,1,p_1.30.24_LL3f_mi,6
262,163,130,226,662,333,329,0,1,1,p_1.30.24_LL3f_mi,6
263,180,143,224,662,336,326,0,1,1,p_1.30.24_LL3f_mi,6
264,177,136,225,658,323,335,0,1,1,p_1.30.24_LL3f_mi,6
265,183,142,230,648,323,325,0,1,1,p_1.30.24_LL3f_mi,6
266,176,140,226,657,314,343,0,1,1,p_1.30.24_LL3f_mi,6
267,179,131,229,650,309,341,0,1,1,p_1.30.24_LL3f_mi,6
268,170,131,227,652,320,332,0,1,1,p_1.30.24_LL3f_mi,6
269,173,126,224,660,354,306,0,1,1,p_1.30.24_LL3f_mi,6
270,170,136,222,670,343,327,0,1,1,p_1.30.24_LL3f_mi,6
271,172,132,222,669,332,337,0,1,1,p_1.30.24_LL3f_mi,6
272,172,136,221,677,340,337,0,1,1,p_1.30.24_LL3f_mi,6
273,172,140,223,663,329,334,0,1,1,p_1.30.24_LL3f_mi,6
274,179,140,227,650,322,328,0,1,1,p_1.30.24_LL3f_mi,6
275,172,139,226,658,312,346,0,1,1,p_1.30.24_LL3f_mi,6
276,164,124,208,708,370,338,0,1,1,p_1.30.24_LL3f_mi,6
277,168,128,226,658,343,315,0,1,1,p_1.30.24_LL3f_mi,6
278,175,136,222,669,343,326,0,1,1,p_1.30.24_LL3f_mi,6
279,170,127,222,673,347,326,0,1,1,p_1.30.24_LL3f_mi,6
280,180,142,223,667,338,329,0,1,1,p_1.30.24_LL3f_mi,6
281,181,131,225,664,348,316,0,1,1,p_1.30.24_LL3f_mi,6
282,166,130,216,683,356,327,0,1,1,p_1.30.24_LL3f_mi,6
283,168,132,219,686,374,312,0,1,1,p_1.30.24_LL3f_mi,6
284,171,133,224,663,364,299,0,1,1,p_1.30.24_LL3f_mi,6
285,174,130,222,676,380,296,0,1,1,p_1.30.24_LL3f_mi,6
286,171,122,231,645,358,287,0,1,1,p_1.30.24_LL3f_mi,6
287,175,135,225,658,337,321,0,1,1,p_1.30.24_LL3f_mi,6
288,177,143,223,664,330,334,0,1,1,p_1.30.24_LL3f_mi,6
289,177,132,219,671,332,339,0,1,1,p_1.30.24_LL3f_mi,6
290,169,130,215,690,342,348,0,1,1,p_1.30.24_LL3f_mi,6
291,178,140,230,651,319,332,0,1,1,p_1.30.24_LL3f_mi,6
292,179,139,228,658,318,340,0,1,1,p_1.30.24_LL3f_mi,6
293,175,132,226,662,345,317,0,1,1,p_1.30.24_LL3f_mi,6
294,170,135,226,655,337,318,0,1,1,p_1.30.24_LL3f_mi,6
295,168,132,223,665,348,317,0,1,1,p_1.30.24_LL3f_mi,6
296,179,137,230,648,332,316,0,1,1,p_1.30.24_LL3f_mi,6
297,170,135,222,668,328,340,0,1,1,p_1.30.24_LL3f_mi,6
298,177,142,226,662,324,338,0,1,1,p_1.30.24_LL3f_mi,6
299,179,137,219,678,333,345,0,1,1,p_1.30.24_LL3f_mi,6
300,175,141,223,662,322,340,0,1,1,p_1.30.24_LL3f_mi,6
301,158,126,209,708,352,356,0,1,1,p_1.30.24_LL3f_mi,6
302,182,144,228,652,318,334,0,1,1,p_1.30.24_LL3f_mi,6
303,177,130,229,644,334,310,0,1,1,p_1.30.24_LL3f_mi,6
304,172,135,224,665,351,314,0,1,1,p_1.30.24_LL3f_mi,6
305,176,136,226,659,341,318,0,1,1,p_1.30.24_LL3f_mi,6
306,170,136,220,669,346,323,0,1,1,p_1.30.24_LL3f_mi,6
307,171,131,221,676,337,339,0,1,1,p_1.30.24_LL3f_mi,6
308,174,143,222,668,323,345,0,1,1,p_1.30.24_LL3f_mi,6
309,179,134,227,656,319,337,0,1,1,p_1.30.24_LL3f_mi,6
310,166,133,215,687,340,347,0,1,1,p_1.30.24_LL3f_mi,6
311,180,136,224,666,335,331,0,1,1,p_1.30.24_LL3f_mi,6
312,169,135,219,681,350,331,0,1,1,p_1.30.24_LL3f_mi,6
313,180,139,226,662,335,327,0,1,1,p_1.30.24_LL3f_mi,6
314,171,135,220,676,338,338,0,1,1,p_1.30.24_LL3f_mi,6
315,183,144,237,618,296,322,0,1,1,p_1.30.24_LL3f_mi,6
316,169,137,222,672,313,359,0,1,1,p_1.30.24_LL3f_mi,6
317,169,131,217,687,337,350,0,1,1,p_1.30.24_LL3f_mi,6
318,173,136,223,663,327,336,0,1,1,p_1.30.24_LL3f_mi,6
319,171,129,220,676,333,343,0,1,1,p_1.30.24_LL3f_mi,6
320,175,149,220,682,334,348,0,1,1,p_1.30.24_LL3f_mi,6
321,171,134,224,667,341,326,0,1,1,p_1.30.24_LL3f_mi,6
322,177,132,232,644,311,333,0,1,1,p_1.30.24_LL3f_mi,6
323,177,134,227,655,308,347,0,1,1,p_1.30.24_LL3f_mi,6
324,172,133,219,673,321,352,0,1,1,p_1.30.24_LL3f_mi,6
325,173,142,226,658,328,330,0,1,1,p_1.30.24_LL3f_mi,6
326,166,128,211,703,366,337,0,1,1,p_1.30.24_LL3f_mi,6
327,170,132,226,658,328,330,0,1,1,p_1.30.24_LL3f_mi,6
328,173,141,228,649,316,333,0,1,1,p_1.30.24_LL3f_mi,6
329,186,141,232,637,313,324,0,1,1,p_1.30.24_LL3f_mi,6
330,169,127,225,664,337,327,0,1,1,p_1.30.24_LL3f_mi,6
331,177,134,223,665,356,309,0,1,1,p_1.30.24_LL3f_mi,6
332,183,136,229,647,337,310,0,1,1,p_1.30.24_LL3f_mi,6
333,174,141,223,664,356,308,0,1,1,p_1.30.24_LL3f_mi,6
334,172,134,221,678,356,322,0,1,1,p_1.30.24_LL3f_mi,6
335,176,132,227,653,347,306,0,1,1,p_1.30.24_LL3f_mi,6
336,173,131,225,655,342,313,0,1,1,p_1.30.24_LL3f_mi,6
337,173,138,221,674,346,328,0,1,1,p_1.30.24_LL3f_mi,6
338,168,136,214,687,343,344,0,1,1,p_1.30.24_LL3f_mi,6
339,173,136,219,674,338,336,0,1,1,p_1.30.24_LL3f_mi,6
340,175,135,221,672,341,331,0,1,1,p_1.30.24_LL3f_mi,6
341,175,133,226,652,324,328,0,1,1,p_1.30.24_LL3f_mi,6
342,181,137,225,662,320,342,0,1,1,p_1.30.24_LL3f_mi,6
343,176,127,219,680,345,335,0,1,1,p_1.30.24_LL3f_mi,6
344,174,144,227,663,327,336,0,1,1,p_1.30.24_LL3f_mi,6
345,172,139,223,662,341,321,0,1,1,p_1.30.24_LL3f_mi,6
346,181,137,232,634,310,324,0,1,1,p_1.30.24_LL3f_mi,6
347,178,140,228,657,322,335,0,1,1,p_1.30.24_LL3f_mi,6
348,171,128,224,672,322,350,0,1,1,p_1.30.24_LL3f_mi,6
349,176,135,219,673,317,356,0,1,1,p_1.30.24_LL3f_mi,6
350,174,131,226,663,329,334,0,1,1,p_1.30.24_LL3f_mi,6
1,8,8,10,643,330,313,0,1,2,p_1.30.24_LL3f_mi,6
2,101,92,134,845,451,394,0,1,2,p_1.30.24_LL3f_mi,6
3,116,97,150,812,436,376,0,1,2,p_1.30.24_LL3f_mi,6
4,159,129,202,722,380,342,0,1,2,p_1.30.24_LL3f_mi,6
5,180,140,234,628,321,307,0,1,2,p_1.30.24_LL3f_mi,6
6,177,139,226,654,337,317,0,1,2,p_1.30.24_LL3f_mi,6
7,174,137,227,655,316,339,0,1,2,p_1.30.24_LL3f_mi,6
8,169,133,219,678,333,345,0,1,2,p_1.30.24_LL3f_mi,6
9,165,132,217,684,336,348,0,1,2,p_1.30.24_LL3f_mi,6
10,179,134,222,671,338,333,0,1,2,p_1.30.24_LL3f_mi,6
11,180,139,230,644,317,327,0,1,2,p_1.30.24_LL3f_mi,6
12,175,138,230,650,304,346,0,1,2,p_1.30.24_LL3f_mi,6
13,174,145,221,671,301,370,0,1,2,p_1.30.24_LL3f_mi,6
14,166,140,217,685,315,370,0,1,2,p_1.30.24_LL3f_mi,6
15,167,127,216,692,332,360,0,1,2,p_1.30.24_LL3f_mi,6
16,177,132,228,650,324,326,0,1,2,p_1.30.24_LL3f_mi,6
17,178,137,227,655,312,343,0,1,2,p_1.30.24_LL3f_mi,6
18,177,136,227,654,330,324,0,1,2,p_1.30.24_LL3f_mi,6
19,180,140,230,649,339,310,0,1,2,p_1.30.24_LL3f_mi,6
20,173,125,225,667,341,326,0,1,2,p_1.30.24_LL3f_mi,6
21,174,139,224,664,345,319,0,1,2,p_1.30.24_LL3f_mi,6
22,175,138,222,667,325,342,0,1,2,p_1.30.24_LL3f_mi,6
23,169,120,223,666,313,353,0,1,2,p_1.30.24_LL3f_mi,6
24,167,136,218,675,316,359,0,1,2,p_1.30.24_LL3f_mi,6
25,172,143,225,652,309,343,0,1,2,p_1.30.24_LL3f_mi,6
26,158,123,209,706,351,355,0,1,2,p_1.30.24_LL3f_mi,6
27,177,138,219,675,328,347,0,1,2,p_1.30.24_LL3f_mi,6
28,174,140,228,650,298,352,0,1,2,p_1.30.24_LL3f_mi,6
29,183,141,236,617,293,324,0,1,2,p_1.30.24_LL3f_mi,6
30,179,140,231,639,303,336,0,1,2,p_1.30.24_LL3f_mi,6
31,174,135,223,670,329,341,0,1,2,p_1.30.24_LL3f_mi,6
32,179,134,221,672,328,344,0,1,2,p_1.30.24_LL3f_mi,6
33,170,129,220,674,321,353,0,1,2,p_1.30.24_LL3f_mi,6
34,169,131,220,673,337,336,0,1,2,p_1.30.24_LL3f_mi,6
35,174,129,227,667,325,342,0,1,2,p_1.30.24_LL3f_mi,6
36,171,134,223,664,341,323,0,1,2,p_1.30.24_LL3f_mi,6
37,174,133,222,670,346,324,0,1,2,p_1.30.24_LL3f_mi,6
38,177,141,221,672,330,342,0,1,2,p_1.30.24_LL3f_mi,6
39,168,137,220,674,334,340,0,1,2,p_1.30.24_LL3f_mi,6
40,167,131,214,689,351,338,0,1,2,p_1.30.24_LL3f_mi,6
41,171,136,219,677,339,338,0,1,2,p_1.30.24_LL3f_mi,6
42,178,141,226,657,338,319,0,1,2,p_1.30.24_LL3f_mi,6
43,178,137,234,629,331,298,0,1,2,p_1.30.24_LL3f_mi,6
44,176,135,224,662,339,323,0,1,2,p_1.30.24_LL3f_mi,6
45,175,135,220,675,320,355,0,1,2,p_1.30.24_LL3f_mi,6
46,176,147,214,695,330,365,0,1,2,p_1.30.24_LL3f_mi,6
47,172,143,212,694,319,375,0,1,2,p_1.30.24_LL3f_mi,6
48,181,142,226,658,307,351,0,1,2,p_1.30.24_LL3f_mi,6
49,175,134,224,667,307,360,0,1,2,p_1.30.24_LL3f_mi,6
50,173,139,230,651,309,342,0,1,2,p_1.30.24_LL3f_mi,6
51,163,134,210,703,352,351,0,1,2,p_1.30.24_LL3f_mi,6
52,172,133,220,676,326,350,0,1,2,p_1.30.24_LL3f_mi,6
53,173,137,224,670,320,350,0,1,2,p_1.30.24_LL3f_mi,6
54,173,141,231,642,308,334,0,1,2,p_1.30.24_LL3f_mi,6
55,184,143,230,649,320,329,0,1,2,p_1.30.24_LL3f_mi,6
56,171,134,219,675,336,339,0,1,2,p_1.30.24_LL3f_mi,6
57,169,139,213,691,355,336,0,1,2,p_1.30.24_LL3f_mi,6
58,179,145,226,658,330,328,0,1,2,p_1.30.24_LL3f_mi,6
59,173,136,223,675,342,333,0,1,2,p_1.30.24_LL3f_mi,6
60,188,137,233,635,317,318,0,1,2,p_1.30.24_LL3f_mi,6
61,174,138,224,667,325,342,0,1,2,p_1.30.24_LL3f_mi,6
62,170,137,222,669,321,348,0,1,2,p_1.30.24_LL3f_mi,6
63,172,133,218,684,310,374,0,1,2,p_1.30.24_LL3f_mi,6
64,173,129,226,654,287,367,0,1,2,p_1.30.24_LL3f_mi,6
65,173,134,223,667,308,359,0,1,2,p_1.30.24_LL3f_mi,6
66,180,143,226,655,307,348,0,1,2,p_1.30.24_LL3f_mi,6
67,169,132,225,666,328,338,0,1,2,p_1.30.24_LL3f_mi,6
68,175,142,224,662,322,340,0,1,2,p_1.30.24_LL3f_mi,6
69,174,139,221,672,337,335,0,1,2,p_1.30.24_LL3f_mi,6
70,177,130,223,672,341,331,0,1,2,p_1.30.24_LL3f_mi,6
71,170,141,219,676,356,320,0,1,2,p_1.30.24_LL3f_mi,6
72,173,131,223,669,365,304,0,1,2,p_1.30.24_LL3f_mi,6
73,175,130,225,663,348,315,0,1,2,p_1.30.24_LL3f_mi,6
74,171,136,217,682,359,323,0,1,2,p_1.30.24_LL3f_mi,6
75,172,133,215,689,361,328,0,1,2,p_1.30.24_LL3f_mi,6
76,164,128,206,713,363,350,0,1,2,p_1.30.24_LL3f_mi,6
77,178,139,229,648,315,333,0,1,2,p_1.30.24_LL3f_mi,6
78,173,137,221,677,330,347,0,1,2,p_1.30.24_LL3f_mi,6
79,179,132,223,669,337,332,0,1,2,p_1.30.24_LL3f_mi,6
80,172,145,228,651,314,337,0,1,2,p_1.30.24_LL3f_mi,6
81,174,127,222,669,322,347,0,1,2,p_1.30.24_LL3f_mi,6
82,172,127,225,668,346,322,0,1,2,p_1.30.24_LL3f_mi,6
83,170,140,221,672,343,329,0,1,2,p_1.30.24_LL3f_mi,6
84,172,136,220,673,339,334,0,1,2,p_1.30.24_LL3f_mi,6
85,178,133,225,660,340,320,0,1,2,p_1.30.24_LL3f_mi,6
86,174,137,231,637,330,307,0,1,2,p_1.30.24_LL3f_mi,6
87,176,136,228,653,323,330,0,1,2,p_1.30.24_LL3f_mi,6
88,175,132,226,654,336,318,0,1,2,p_1.30.24_LL3f_mi,6
89,181,137,228,649,330,319,0,1,2,p_1.30.24_LL3f_mi,6
90,181,134,227,650,332,318,0,1,2,p_1.30.24_LL3f_mi,6
91,178,141,226,657,331,326,0,1,2,p_1.30.24_LL3f_mi,6
92,173,129,225,664,327,337,0,1,2,p_1.30.24_LL3f_mi,6
93,172,130,224,664,329,335,0,1,2,p_1.30.24_LL3f_mi,6
94,171,128,218,686,340,346,0,1,2,p_1.30.24_LL3f_mi,6
95,168,134,217,686,333,353,0,1,2,p_1.30.24_LL3f_mi,6
96,165,133,215,691,342,349,0,1,2,p_1.30.24_LL3f_mi,6
97,181,149,221,680,327,353,0,1,2,p_1.30.24_LL3f_mi,6
98,170,129,220,672,342,330,0,1,2,p_1.30.24_LL3f_mi,6
99,172,133,221,672,359,313,0,1,2,p_1.30.24_LL3f_mi,6
100,145,110,189,667,335,332,0,1,2,p_1.30.24_LL3f_mi,6
101,113,93,141,687,352,335,0,1,2,p_1.30.24_LL3f_mi,6
102,128,109,163,561,284,277,0,1,2,p_1.30.24_LL3f_mi,6
103,119,90,154,501,249,252,0,1,2,p_1.30.24_LL3f_mi,6
104,106,88,135,463,220,243,0,1,2,p_1.30.24_LL3f_mi,6
105,82,68,107,438,207,231,0,1,2,p_1.30.24_LL3f_mi,6
106,70,57,88,397,193,204,0,1,2,p_1.30.24_LL3f_mi,6
107,55,45,73,350,169,181,0,1,2,p_1.30.24_LL3f_mi,6
108,48,41,58,297,150,147,0,1,2,p_1.30.24_LL3f_mi,6
109,26,23,38,258,130,128,0,1,2,p_1.30.24_LL3f_mi,6
110,27,23,32,214,100,114,0,1,2,p_1.30.24_LL3f_mi,6
111,27,26,37,164,80,84,0,1,2,p_1.30.24_LL3f_mi,6
112,30,27,38,130,59,71,0,1,2,p_1.30.24_LL3f_mi,6
113,28,22,36,128,52,76,0,1,2,p_1.30.24_LL3f_mi,6
114,28,25,35,112,49,63,0,1,2,p_1.30.24_LL3f_mi,6
115,28,22,37,111,49,62,0,1,2,p_1.30.24_LL3f_mi,6
116,28,21,35,109,47,62,0,1,2,p_1.30.24_LL3f_mi,6
117,27,21,36,109,48,61,0,1,2,p_1.30.24_LL3f_mi,6
118,27,23,33,111,53,58,0,1,2,p_1.30.24_LL3f_mi,6
119,23,20,33,107,52,55,0,1,2,p_1.30.24_LL3f_mi,6
120,26,21,34,104,56,48,0,1,2,p_1.30.24_LL3f_mi,6
121,27,20,33,99,44,55,0,1,2,p_1.30.24_LL3f_mi,6
122,24,21,34,104,43,61,0,1,2,p_1.30.24_LL3f_mi,6
123,28,22,33,103,49,54,0,1,2,p_1.30.24_LL3f_mi,6
124,26,20,33,95,49,46,0,1,2,p_1.30.24_LL3f_mi,6
125,22,20,35,123,60,63,17,1,2,p_1.30.24_LL3f_mi,6
126,26,22,35,113,54,59,8,1,2,p_1.30.24_LL3f_mi,6
127,27,22,34,120,62,58,4,1,2,p_1.30.24_LL3f_mi,6
128,29,23,36,109,50,59,1,1,2,p_1.30.24_LL3f_mi,6
129,26,23,35,110,46,64,0,1,2,p_1.30.24_LL3f_mi,6
130,25,24,34,102,46,56,0,1,2,p_1.30.24_LL3f_mi,6
131,26,22,36,109,42,67,0,1,2,p_1.30.24_LL3f_mi,6
132,29,23,34,104,41,63,0,1,2,p_1.30.24_LL3f_mi,6
133,25,20,33,108,44,64,0,1,2,p_1.30.24_LL3f_mi,6
134,28,24,33,100,41,59,0,1,2,p_1.30.24_LL3f_mi,6
135,26,20,34,102,42,60,0,1,2,p_1.30.24_LL3f_mi,6
136,22,18,31,96,34,62,0,1,2,p_1.30.24_LL3f_mi,6
137,24,19,31,90,35,55,0,1,2,p_1.30.24_LL3f_mi,6
138,24,21,31,86,43,43,0,1,2,p_1.30.24_LL3f_mi,6
139,25,20,31,87,44,43,0,1,2,p_1.30.24_LL3f_mi,6
140,27,19,35,105,51,54,17,1,2,p_1.30.24_LL3f_mi,6
141,25,19,35,105,54,51,8,1,2,p_1.30.24_LL3f_mi,6
142,27,22,36,107,56,51,8,1,2,p_1.30.24_LL3f_mi,6
143,27,20,36,114,63,51,4,1,2,p_1.30.24_LL3f_mi,6
144,27,20,35,114,59,55,2,1,2,p_1.30.24_LL3f_mi,6
145,26,19,33,110,50,60,0,1,2,p_1.30.24_LL3f_mi,6
146,27,23,34,107,44,63,0,1,2,p_1.30.24_LL3f_mi,6
147,27,21,34,105,51,54,0,1,2,p_1.30.24_LL3f_mi,6
148,26,20,32,103,46,57,0,1,2,p_1.30.24_LL3f_mi,6
149,29,24,33,106,51,55,0,1,2,p_1.30.24_LL3f_mi,6
150,25,21,35,99,50,49,0,1,2,p_1.30.24_LL3f_mi,6
151,53,32,75,104,55,49,0,1,2,p_1.30.24_LL3f_mi,6
152,73,48,98,152,78,74,0,1,2,p_1.30.24_LL3f_mi,6
153,82,57,122,201,86,115,0,1,2,p_1.30.24_LL3f_mi,6
154,103,74,142,268,125,143,0,1,2,p_1.30.24_LL3f_mi,6
155,124,96,161,360,163,197,19,1,2,p_1.30.24_LL3f_mi,6
156,137,98,179,401,193,208,10,1,2,p_1.30.24_LL3f_mi,6
157,155,116,195,449,236,213,5,1,2,p_1.30.24_LL3f_mi,6
158,164,117,208,510,269,241,0,1,2,p_1.30.24_LL3f_mi,6
159,176,127,228,530,263,267,0,1,2,p_1.30.24_LL3f_mi,6
160,188,136,239,612,302,310,0,1,2,p_1.30.24_LL3f_mi,6
161,180,142,232,638,313,325,0,1,2,p_1.30.24_LL3f_mi,6
162,164,123,216,683,345,338,0,1,2,p_1.30.24_LL3f_mi,6
163,173,131,219,680,347,333,0,1,2,p_1.30.24_LL3f_mi,6
164,179,140,230,648,334,314,0,1,2,p_1.30.24_LL3f_mi,6
165,172,128,225,660,322,338,0,1,2,p_1.30.24_LL3f_mi,6
166,170,134,225,658,332,326,0,1,2,p_1.30.24_LL3f_mi,6
167,176,142,228,645,314,331,0,1,2,p_1.30.24_LL3f_mi,6
168,173,136,219,682,348,334,0,1,2,p_1.30.24_LL3f_mi,6
169,167,126,224,669,354,315,0,1,2,p_1.30.24_LL3f_mi,6
170,157,120,200,727,397,330,16,1,2,p_1.30.24_LL3f_mi,6
171,174,137,227,649,327,322,11,1,2,p_1.30.24_LL3f_mi,6
172,183,142,230,647,330,317,3,1,2,p_1.30.24_LL3f_mi,6
173,181,142,226,650,340,310,1,1,2,p_1.30.24_LL3f_mi,6
174,173,134,219,675,350,325,0,1,2,p_1.30.24_LL3f_mi,6
175,170,126,216,682,345,337,0,1,2,p_1.30.24_LL3f_mi,6
176,150,125,194,740,379,361,0,1,2,p_1.30.24_LL3f_mi,6
177,184,143,232,641,323,318,0,1,2,p_1.30.24_LL3f_mi,6
178,183,137,233,637,309,328,0,1,2,p_1.30.24_LL3f_mi,6
179,181,145,236,620,321,299,0,1,2,p_1.30.24_LL3f_mi,6
180,182,127,231,644,324,320,0,1,2,p_1.30.24_LL3f_mi,6
181,173,138,228,651,328,323,0,1,2,p_1.30.24_LL3f_mi,6
182,173,143,222,678,345,333,0,1,2,p_1.30.24_LL3f_mi,6
183,171,133,216,683,347,336,0,1,2,p_1.30.24_LL3f_mi,6
184,174,140,226,653,331,322,0,1,2,p_1.30.24_LL3f_mi,6
185,173,139,220,666,327,339,0,1,2,p_1.30.24_LL3f_mi,6
186,169,142,219,672,331,341,0,1,2,p_1.30.24_LL3f_mi,6
187,169,129,222,667,337,330,0,1,2,p_1.30.24_LL3f_mi,6
188,177,137,223,667,336,331,0,1,2,p_1.30.24_LL3f_mi,6
189,176,136,221,671,337,334,0,1,2,p_1.30.24_LL3f_mi,6
190,171,137,223,669,314,355,0,1,2,p_1.30.24_LL3f_mi,6
191,182,138,228,657,301,356,0,1,2,p_1.30.24_LL3f_mi,6
192,177,140,229,649,305,344,0,1,2,p_1.30.24_LL3f_mi,6
193,178,145,226,658,315,343,0,1,2,p_1.30.24_LL3f_mi,6
194,167,123,222,677,331,346,0,1,2,p_1.30.24_LL3f_mi,6
195,178,136,222,673,340,333,0,1,2,p_1.30.24_LL3f_mi,6
196,176,131,227,657,340,317,0,1,2,p_1.30.24_LL3f_mi,6
197,175,133,226,651,310,341,0,1,2,p_1.30.24_LL3f_mi,6
198,172,139,221,666,319,347,0,1,2,p_1.30.24_LL3f_mi,6
199,188,144,234,631,307,324,0,1,2,p_1.30.24_LL3f_mi,6
200,162,132,216,691,351,340,0,1,2,p_1.30.24_LL3f_mi,6
201,149,125,197,736,372,364,0,1,2,p_1.30.24_LL3f_mi,6
202,173,137,221,669,342,327,0,1,2,p_1.30.24_LL3f_mi,6
203,178,142,226,663,342,321,0,1,2,p_1.30.24_LL3f_mi,6
204,175,138,225,666,340,326,0,1,2,p_1.30.24_LL3f_mi,6
205,184,140,228,658,316,342,0,1,2,p_1.30.24_LL3f_mi,6
206,184,143,229,656,314,342,0,1,2,p_1.30.24_LL3f_mi,6
207,177,138,224,661,333,328,0,1,2,p_1.30.24_LL3f_mi,6
208,171,133,220,671,347,324,0,1,2,p_1.30.24_LL3f_mi,6
209,170,134,225,665,322,343,0,1,2,p_1.30.24_LL3f_mi,6
210,178,142,221,672,328,344,0,1,2,p_1.30.24_LL3f_mi,6
211,170,128,221,674,336,338,0,1,2,p_1.30.24_LL3f_mi,6
212,172,140,222,668,333,335,0,1,2,p_1.30.24_LL3f_mi,6
213,159,132,220,679,337,342,0,1,2,p_1.30.24_LL3f_mi,6
214,171,137,224,663,337,326,0,1,2,p_1.30.24_LL3f_mi,6
215,176,139,223,658,342,316,0,1,2,p_1.30.24_LL3f_mi,6
216,165,126,216,679,349,330,0,1,2,p_1.30.24_LL3f_mi,6
217,173,129,219,677,361,316,0,1,2,p_1.30.24_LL3f_mi,6
218,168,129,218,679,373,306,0,1,2,p_1.30.24_LL3f_mi,6
219,174,134,218,682,358,324,0,1,2,p_1.30.24_LL3f_mi,6
220,177,141,221,668,346,322,0,1,2,p_1.30.24_LL3f_mi,6
221,184,132,227,647,335,312,0,1,2,p_1.30.24_LL3f_mi,6
222,182,140,230,642,312,330,0,1,2,p_1.30.24_LL3f_mi,6
223,168,134,214,688,341,347,0,1,2,p_1.30.24_LL3f_mi,6
224,178,132,227,658,328,330,0,1,2,p_1.30.24_LL3f_mi,6
225,173,136,230,651,324,327,0,1,2,p_1.30.24_LL3f_mi,6
226,153,119,204,713,377,336,0,1,2,p_1.30.24_LL3f_mi,6
227,182,135,227,650,328,322,0,1,2,p_1.30.24_LL3f_mi,6
228,173,138,224,663,321,342,0,1,2,p_1.30.24_LL3f_mi,6
229,176,139,222,666,314,352,0,1,2,p_1.30.24_LL3f_mi,6
230,172,136,224,660,313,347,0,1,2,p_1.30.24_LL3f_mi,6
231,177,148,221,675,306,369,0,1,2,p_1.30.24_LL3f_mi,6
232,172,140,225,660,305,355,0,1,2,p_1.30.24_LL3f_mi,6
233,175,129,222,666,326,340,0,1,2,p_1.30.24_LL3f_mi,6
234,180,135,226,657,315,342,0,1,2,p_1.30.24_LL3f_mi,6
235,173,141,220,676,313,363,0,1,2,p_1.30.24_LL3f_mi,6
236,180,137,228,658,300,358,0,1,2,p_1.30.24_LL3f_mi,6
237,181,144,226,658,292,366,0,1,2,p_1.30.24_LL3f_mi,6
238,165,135,214,691,312,379,0,1,2,p_1.30.24_LL3f_mi,6
239,172,133,221,674,318,356,0,1,2,p_1.30.24_LL3f_mi,6
240,175,127,222,670,328,342,0,1,2,p_1.30.24_LL3f_mi,6
241,179,139,225,656,327,329,0,1,2,p_1.30.24_LL3f_mi,6
242,179,137,231,643,341,302,0,1,2,p_1.30.24_LL3f_mi,6
243,176,124,228,651,333,318,0,1,2,p_1.30.24_LL3f_mi,6
244,175,140,225,657,333,324,0,1,2,p_1.30.24_LL3f_mi,6
245,176,139,228,655,324,331,0,1,2,p_1.30.24_LL3f_mi,6
246,165,132,208,704,329,375,0,1,2,p_1.30.24_LL3f_mi,6
247,178,133,227,655,317,338,0,1,2,p_1.30.24_LL3f_mi,6
248,177,132,227,655,335,320,0,1,2,p_1.30.24_LL3f_mi,6
249,167,123,220,672,351,321,0,1,2,p_1.30.24_LL3f_mi,6
250,177,127,229,652,340,312,0,1,2,p_1.30.24_LL3f_mi,6
251,161,133,206,712,365,347,0,1,2,p_1.30.24_LL3f_mi,6
252,172,133,225,663,318,345,0,1,2,p_1.30.24_LL3f_mi,6
253,175,136,227,659,325,334,0,1,2,p_1.30.24_LL3f_mi,6
254,171,132,226,656,330,326,0,1,2,p_1.30.24_LL3f_mi,6
255,173,134,223,665,343,322,0,1,2,p_1.30.24_LL3f_mi,6
256,182,146,230,645,331,314,0,1,2,p_1.30.24_LL3f_mi,6
257,176,135,225,661,331,330,0,1,2,p_1.30.24_LL3f_mi,6
258,179,138,220,679,354,325,0,1,2,p_1.30.24_LL3f_mi,6
259,170,133,218,675,367,308,0,1,2,p_1.30.24_LL3f_mi,6
260,170,128,224,665,333,332,0,1,2,p_1.30.24_LL3f_mi,6
261,183,141,227,654,317,337,0,1,2,p_1.30.24_LL3f_mi,6
262,175,140,231,644,310,334,0,1,2,p_1.30.24_LL3f_mi,6
263,181,136,229,635,323,312,0,1,2,p_1.30.24_LL3f_mi,6
264,179,131,225,658,325,333,0,1,2,p_1.30.24_LL3f_mi,6
265,178,135,227,647,333,314,0,1,2,p_1.30.24_LL3f_mi,6
266,180,132,229,648,338,310,0,1,2,p_1.30.24_LL3f_mi,6
267,175,140,225,656,328,328,0,1,2,p_1.30.24_LL3f_mi,6
268,177,139,224,663,332,331,0,1,2,p_1.30.24_LL3f_mi,6
269,169,130,223,665,344,321,0,1,2,p_1.30.24_LL3f_mi,6
270,187,134,233,645,334,311,0,1,2,p_1.30.24_LL3f_mi,6
271,188,148,236,629,323,306,0,1,2,p_1.30.24_LL3f_mi,6
272,178,141,226,658,328,330,0,1,2,p_1.30.24_LL3f_mi,6
273,168,131,223,671,325,346,0,1,2,p_1.30.24_LL3f_mi,6
274,180,140,223,666,310,356,0,1,2,p_1.30.24_LL3f_mi,6
275,173,133,222,670,318,352,0,1,2,p_1.30.24_LL3f_mi,6
276,160,131,208,706,335,371,0,1,2,p_1.30.24_LL3f_mi,6
277,172,143,222,674,351,323,0,1,2,p_1.30.24_LL3f_mi,6
278,168,138,213,694,364,330,0,1,2,p_1.30.24_LL3f_mi,6
279,186,139,229,647,328,319,0,1,2,p_1.30.24_LL3f_mi,6
280,182,133,223,663,314,349,0,1,2,p_1.30.24_LL3f_mi,6
281,183,136,237,633,308,325,0,1,2,p_1.30.24_LL3f_mi,6
282,182,140,235,630,318,312,0,1,2,p_1.30.24_LL3f_mi,6
283,173,135,220,675,330,345,0,1,2,p_1.30.24_LL3f_mi,6
284,176,133,221,674,321,353,0,1,2,p_1.30.24_LL3f_mi,6
285,174,134,215,688,321,367,0,1,2,p_1.30.24_LL3f_mi,6
286,172,132,227,662,330,332,0,1,2,p_1.30.24_LL3f_mi,6
287,174,136,224,663,318,345,0,1,2,p_1.30.24_LL3f_mi,6
288,184,143,231,642,299,343,0,1,2,p_1.30.24_LL3f_mi,6
289,181,141,230,648,321,327,0,1,2,p_1.30.24_LL3f_mi,6
290,170,131,225,661,334,327,0,1,2,p_1.30.24_LL3f_mi,6
291,174,135,227,653,319,334,0,1,2,p_1.30.24_LL3f_mi,6
292,174,141,220,675,322,353,0,1,2,p_1.30.24_LL3f_mi,6
293,170,135,211,702,334,368,0,1,2,p_1.30.24_LL3f_mi,6
294,177,137,227,654,316,338,0,1,2,p_1.30.24_LL3f_mi,6
295,173,139,225,665,321,344,0,1,2,p_1.30.24_LL3f_mi,6
296,169,139,223,676,311,365,0,1,2,p_1.30.24_LL3f_mi,6
297,170,139,226,657,312,345,0,1,2,p_1.30.24_LL3f_mi,6
298,165,134,219,676,319,357,0,1,2,p_1.30.24_LL3f_mi,6
299,176,137,231,641,310,331,0,1,2,p_1.30.24_LL3f_mi,6
300,172,141,227,655,314,341,0,1,2,p_1.30.24_LL3f_mi,6
301,156,131,199,729,358,371,0,1,2,p_1.30.24_LL3f_mi,6
302,175,133,229,657,322,335,0,1,2,p_1.30.24_LL3f_mi,6
303,181,138,232,633,309,324,0,1,2,p_1.30.24_LL3f_mi,6
304,177,142,225,664,321,343,0,1,2,p_1.30.24_LL3f_mi,6
305,172,135,222,666,332,334,0,1,2,p_1.30.24_LL3f_mi,6
306,175,135,228,644,329,315,0,1,2,p_1.30.24_LL3f_mi,6
307,172,132,227,654,339,315,0,1,2,p_1.30.24_LL3f_mi,6
308,166,131,209,700,363,337,0,1,2,p_1.30.24_LL3f_mi,6
309,180,131,230,646,336,310,0,1,2,p_1.30.24_LL3f_mi,6
310,177,133,225,658,345,313,0,1,2,p_1.30.24_LL3f_mi,6
311,179,132,227,654,340,314,0,1,2,p_1.30.24_LL3f_mi,6
312,171,136,222,662,335,327,0,1,2,p_1.30.24_LL3f_mi,6
313,179,144,223,667,332,335,0,1,2,p_1.30.24_LL3f_mi,6
314,176,132,224,664,343,321,0,1,2,p_1.30.24_LL3f_mi,6
315,173,137,230,652,328,324,0,1,2,p_1.30.24_LL3f_mi,6
316,178,134,221,671,342,329,0,1,2,p_1.30.24_LL3f_mi,6
317,169,136,215,688,337,351,0,1,2,p_1.30.24_LL3f_mi,6
318,172,137,218,682,327,355,0,1,2,p_1.30.24_LL3f_mi,6
319,174,131,221,664,342,322,0,1,2,p_1.30.24_LL3f_mi,6
320,174,139,220,674,344,330,0,1,2,p_1.30.24_LL3f_mi,6
321,168,138,224,662,335,327,0,1,2,p_1.30.24_LL3f_mi,6
322,176,134,229,648,326,322,0,1,2,p_1.30.24_LL3f_mi,6
323,176,135,224,667,330,337,0,1,2,p_1.30.24_LL3f_mi,6
324,184,126,235,625,303,322,0,1,2,p_1.30.24_LL3f_mi,6
325,180,142,226,654,305,349,0,1,2,p_1.30.24_LL3f_mi,6
326,155,124,205,711,342,369,0,1,2,p_1.30.24_LL3f_mi,6
327,180,138,230,648,312,336,0,1,2,p_1.30.24_LL3f_mi,6
328,179,136,222,672,343,329,0,1,2,p_1.30.24_LL3f_mi,6
329,167,131,219,680,331,349,0,1,2,p_1.30.24_LL3f_mi,6
330,174,138,225,660,316,344,0,1,2,p_1.30.24_LL3f_mi,6
331,176,131,225,666,326,340,0,1,2,p_1.30.24_LL3f_mi,6
332,175,139,228,651,304,347,0,1,2,p_1.30.24_LL3f_mi,6
333,174,134,223,675,321,354,0,1,2,p_1.30.24_LL3f_mi,6
334,172,124,222,670,312,358,0,1,2,p_1.30.24_LL3f_mi,6
335,168,135,213,692,322,370,0,1,2,p_1.30.24_LL3f_mi,6
336,184,152,230,651,296,355,0,1,2,p_1.30.24_LL3f_mi,6
337,171,130,228,644,300,344,0,1,2,p_1.30.24_LL3f_mi,6
338,169,139,214,694,319,375,0,1,2,p_1.30.24_LL3f_mi,6
339,167,132,220,676,331,345,0,1,2,p_1.30.24_LL3f_mi,6
340,176,137,224,664,322,342,0,1,2,p_1.30.24_LL3f_mi,6
341,172,134,225,659,323,336,0,1,2,p_1.30.24_LL3f_mi,6
342,172,141,222,660,304,356,0,1,2,p_1.30.24_LL3f_mi,6
343,185,145,234,635,304,331,0,1,2,p_1.30.24_LL3f_mi,6
344,169,128,224,661,324,337,0,1,2,p_1.30.24_LL3f_mi,6
345,175,130,223,669,340,329,0,1,2,p_1.30.24_LL3f_mi,6
346,175,139,225,665,330,335,0,1,2,p_1.30.24_LL3f_mi,6
347,170,127,218,675,324,351,0,1,2,p_1.30.24_LL3f_mi,6
348,174,136,218,675,314,361,0,1,2,p_1.30.24_LL3f_mi,6
349,179,145,227,657,323,334,0,1,2,p_1.30.24_LL3f_mi,6
350,175,136,223,663,340,323,0,1,2,p_1.30.24_LL3f_mi,6
1,5,5,8,616,315,301,0,1,3,p_1.30.24_LL3f_mi,6
2,97,89,125,851,426,425,0,1,3,p_1.30.24_LL3f_mi,6
3,127,111,165,792,399,393,0,1,3,p_1.30.24_LL3f_mi,6
4,152,133,198,732,370,362,0,1,3,p_1.30.24_LL3f_mi,6
5,176,134,226,654,326,328,0,1,3,p_1.30.24_LL3f_mi,6
6,183,131,235,625,308,317,0,1,3,p_1.30.24_LL3f_mi,6
7,184,136,225,653,340,313,0,1,3,p_1.30.24_LL3f_mi,6
8,175,135,224,671,343,328,0,1,3,p_1.30.24_LL3f_mi,6
9,174,124,225,659,344,315,0,1,3,p_1.30.24_LL3f_mi,6
10,167,132,224,664,333,331,0,1,3,p_1.30.24_LL3f_mi,6
11,179,139,231,643,327,316,0,1,3,p_1.30.24_LL3f_mi,6
12,182,134,230,653,311,342,0,1,3,p_1.30.24_LL3f_mi,6
13,176,134,224,664,329,335,0,1,3,p_1.30.24_LL3f_mi,6
14,173,133,227,661,335,326,0,1,3,p_1.30.24_LL3f_mi,6
15,171,127,228,648,337,311,0,1,3,p_1.30.24_LL3f_mi,6
16,174,139,226,659,313,346,0,1,3,p_1.30.24_LL3f_mi,6
17,175,131,220,668,312,356,0,1,3,p_1.30.24_LL3f_mi,6
18,172,137,225,660,311,349,0,1,3,p_1.30.24_LL3f_mi,6
19,181,133,228,652,313,339,0,1,3,p_1.30.24_LL3f_mi,6
20,169,138,222,665,325,340,0,1,3,p_1.30.24_LL3f_mi,6
21,177,135,220,681,334,347,0,1,3,p_1.30.24_LL3f_mi,6
22,178,143,221,674,333,341,0,1,3,p_1.30.24_LL3f_mi,6
23,173,136,221,674,332,342,0,1,3,p_1.30.24_LL3f_mi,6
24,174,133,229,642,314,328,0,1,3,p_1.30.24_LL3f_mi,6
25,170,133,224,663,337,326,0,1,3,p_1.30.24_LL3f_mi,6
26,160,132,203,721,360,361,0,1,3,p_1.30.24_LL3f_mi,6
27,179,142,220,670,329,341,0,1,3,p_1.30.24_LL3f_mi,6
28,180,143,232,637,318,319,0,1,3,p_1.30.24_LL3f_mi,6
29,172,134,228,655,320,335,0,1,3,p_1.30.24_LL3f_mi,6
30,177,133,228,652,336,316,0,1,3,p_1.30.24_LL3f_mi,6
31,178,140,231,641,311,330,0,1,3,p_1.30.24_LL3f_mi,6
32,172,141,219,679,332,347,0,1,3,p_1.30.24_LL3f_mi,6
33,173,138,225,661,335,326,0,1,3,p_1.30.24_LL3f_mi,6
34,163,127,216,687,346,341,0,1,3,p_1.30.24_LL3f_mi,6
35,177,142,227,653,322,331,0,1,3,p_1.30.24_LL3f_mi,6
36,169,130,221,670,337,333,0,1,3,p_1.30.24_LL3f_mi,6
37,168,132,217,684,346,338,0,1,3,p_1.30.24_LL3f_mi,6
38,169,135,218,683,333,350,0,1,3,p_1.30.24_LL3f_mi,6
39,166,133,213,697,334,363,0,1,3,p_1.30.24_LL3f_mi,6
40,163,135,208,703,319,384,0,1,3,p_1.30.24_LL3f_mi,6
41,170,137,222,669,309,360,0,1,3,p_1.30.24_LL3f_mi,6
42,174,139,220,675,312,363,0,1,3,p_1.30.24_LL3f_mi,6
43,177,139,224,663,322,341,0,1,3,p_1.30.24_LL3f_mi,6
44,166,130,222,668,324,344,0,1,3,p_1.30.24_LL3f_mi,6
45,167,130,224,666,339,327,0,1,3,p_1.30.24_LL3f_mi,6
46,167,130,215,689,327,362,0,1,3,p_1.30.24_LL3f_mi,6
47,179,135,225,663,316,347,0,1,3,p_1.30.24_LL3f_mi,6
48,173,138,222,663,309,354,0,1,3,p_1.30.24_LL3f_mi,6
49,172,136,221,672,319,353,0,1,3,p_1.30.24_LL3f_mi,6
50,175,139,225,665,319,346,0,1,3,p_1.30.24_LL3f_mi,6
51,156,122,201,726,353,373,0,1,3,p_1.30.24_LL3f_mi,6
52,172,138,218,685,343,342,0,1,3,p_1.30.24_LL3f_mi,6
53,181,138,233,646,326,320,0,1,3,p_1.30.24_LL3f_mi,6
54,173,133,224,659,329,330,0,1,3,p_1.30.24_LL3f_mi,6
55,177,133,228,654,336,318,0,1,3,p_1.30.24_LL3f_mi,6
56,179,137,228,654,330,324,0,1,3,p_1.30.24_LL3f_mi,6
57,188,148,230,642,315,327,0,1,3,p_1.30.24_LL3f_mi,6
58,171,136,221,667,322,345,0,1,3,p_1.30.24_LL3f_mi,6
59,171,135,227,660,337,323,0,1,3,p_1.30.24_LL3f_mi,6
60,175,133,224,664,329,335,0,1,3,p_1.30.24_LL3f_mi,6
61,180,137,233,634,297,337,0,1,3,p_1.30.24_LL3f_mi,6
62,170,132,219,680,301,379,0,1,3,p_1.30.24_LL3f_mi,6
63,166,136,217,687,323,364,0,1,3,p_1.30.24_LL3f_mi,6
64,178,143,226,660,341,319,0,1,3,p_1.30.24_LL3f_mi,6
65,162,130,220,673,355,318,0,1,3,p_1.30.24_LL3f_mi,6
66,170,129,221,676,361,315,0,1,3,p_1.30.24_LL3f_mi,6
67,171,139,221,672,352,320,0,1,3,p_1.30.24_LL3f_mi,6
68,173,135,227,657,341,316,0,1,3,p_1.30.24_LL3f_mi,6
69,183,136,228,655,336,319,0,1,3,p_1.30.24_LL3f_mi,6
70,174,135,229,647,323,324,0,1,3,p_1.30.24_LL3f_mi,6
71,175,134,228,660,323,337,0,1,3,p_1.30.24_LL3f_mi,6
72,179,134,226,653,334,319,0,1,3,p_1.30.24_LL3f_mi,6
73,182,137,230,649,328,321,0,1,3,p_1.30.24_LL3f_mi,6
74,176,134,223,666,336,330,0,1,3,p_1.30.24_LL3f_mi,6
75,162,133,213,698,354,344,0,1,3,p_1.30.24_LL3f_mi,6
76,156,126,199,730,376,354,0,1,3,p_1.30.24_LL3f_mi,6
77,186,135,232,643,335,308,0,1,3,p_1.30.24_LL3f_mi,6
78,182,148,233,639,322,317,0,1,3,p_1.30.24_LL3f_mi,6
79,176,126,228,658,315,343,0,1,3,p_1.30.24_LL3f_mi,6
80,185,149,236,628,291,337,0,1,3,p_1.30.24_LL3f_mi,6
81,165,131,217,685,333,352,0,1,3,p_1.30.24_LL3f_mi,6
82,162,124,215,688,332,356,0,1,3,p_1.30.24_LL3f_mi,6
83,160,127,218,676,343,333,0,1,3,p_1.30.24_LL3f_mi,6
84,186,143,231,640,333,307,0,1,3,p_1.30.24_LL3f_mi,6
85,175,130,227,654,351,303,0,1,3,p_1.30.24_LL3f_mi,6
86,164,138,219,677,362,315,0,1,3,p_1.30.24_LL3f_mi,6
87,176,134,226,657,342,315,0,1,3,p_1.30.24_LL3f_mi,6
88,172,132,222,670,348,322,0,1,3,p_1.30.24_LL3f_mi,6
89,173,131,227,648,324,324,0,1,3,p_1.30.24_LL3f_mi,6
90,172,139,217,680,332,348,0,1,3,p_1.30.24_LL3f_mi,6
91,178,134,225,663,318,345,0,1,3,p_1.30.24_LL3f_mi,6
92,175,131,218,681,319,362,0,1,3,p_1.30.24_LL3f_mi,6
93,169,130,223,669,321,348,0,1,3,p_1.30.24_LL3f_mi,6
94,183,137,229,650,319,331,0,1,3,p_1.30.24_LL3f_mi,6
95,180,135,226,658,315,343,0,1,3,p_1.30.24_LL3f_mi,6
96,171,125,220,677,325,352,0,1,3,p_1.30.24_LL3f_mi,6
97,171,132,219,676,317,359,0,1,3,p_1.30.24_LL3f_mi,6
98,173,148,226,657,326,331,0,1,3,p_1.30.24_LL3f_mi,6
99,179,137,229,646,305,341,0,1,3,p_1.30.24_LL3f_mi,6
100,153,129,195,656,308,348,0,1,3,p_1.30.24_LL3f_mi,6
101,102,90,139,688,331,357,0,1,3,p_1.30.24_LL3f_mi,6
102,120,99,160,571,284,287,0,1,3,p_1.30.24_LL3f_mi,6
103,103,82,134,543,278,265,0,1,3,p_1.30.24_LL3f_mi,6
104,100,85,128,477,231,246,0,1,3,p_1.30.24_LL3f_mi,6
105,79,70,99,457,227,230,0,1,3,p_1.30.24_LL3f_mi,6
106,72,60,94,390,180,210,0,1,3,p_1.30.24_LL3f_mi,6
107,66,58,83,328,142,186,0,1,3,p_1.30.24_LL3f_mi,6
108,42,37,51,308,147,161,0,1,3,p_1.30.24_LL3f_mi,6
109,32,28,42,249,119,130,0,1,3,p_1.30.24_LL3f_mi,6
110,27,23,34,195,97,98,0,1,3,p_1.30.24_LL3f_mi,6
111,30,21,37,153,78,75,0,1,3,p_1.30.24_LL3f_mi,6
112,30,24,38,131,69,62,0,1,3,p_1.30.24_LL3f_mi,6
113,30,23,36,123,68,55,0,1,3,p_1.30.24_LL3f_mi,6
114,28,23,34,111,60,51,0,1,3,p_1.30.24_LL3f_mi,6
115,27,20,35,113,61,52,0,1,3,p_1.30.24_LL3f_mi,6
116,29,27,36,117,55,62,0,1,3,p_1.30.24_LL3f_mi,6
117,29,24,36,121,62,59,0,1,3,p_1.30.24_LL3f_mi,6
118,31,26,36,116,52,64,0,1,3,p_1.30.24_LL3f_mi,6
119,27,19,35,109,45,64,0,1,3,p_1.30.24_LL3f_mi,6
120,24,22,33,99,40,59,0,1,3,p_1.30.24_LL3f_mi,6
121,26,21,34,100,43,57,0,1,3,p_1.30.24_LL3f_mi,6
122,26,21,34,102,49,53,0,1,3,p_1.30.24_LL3f_mi,6
123,27,21,35,103,52,51,0,1,3,p_1.30.24_LL3f_mi,6
124,27,22,34,102,51,51,0,1,3,p_1.30.24_LL3f_mi,6
125,25,19,34,118,59,59,15,1,3,p_1.30.24_LL3f_mi,6
126,24,21,36,120,51,69,11,1,3,p_1.30.24_LL3f_mi,6
127,23,20,33,111,51,60,4,1,3,p_1.30.24_LL3f_mi,6
128,24,21,34,105,51,54,2,1,3,p_1.30.24_LL3f_mi,6
129,22,18,32,100,48,52,1,1,3,p_1.30.24_LL3f_mi,6
130,23,21,32,97,56,41,1,1,3,p_1.30.24_LL3f_mi,6
131,26,17,31,88,48,40,0,1,3,p_1.30.24_LL3f_mi,6
132,24,19,34,98,52,46,0,1,3,p_1.30.24_LL3f_mi,6
133,23,19,31,92,46,46,0,1,3,p_1.30.24_LL3f_mi,6
134,24,19,30,83,40,43,0,1,3,p_1.30.24_LL3f_mi,6
135,27,21,33,95,52,43,0,1,3,p_1.30.24_LL3f_mi,6
136,27,20,33,90,46,44,0,1,3,p_1.30.24_LL3f_mi,6
137,25,18,31,91,45,46,0,1,3,p_1.30.24_LL3f_mi,6
138,25,19,32,96,46,50,0,1,3,p_1.30.24_LL3f_mi,6
139,28,23,33,101,46,55,0,1,3,p_1.30.24_LL3f_mi,6
140,26,18,36,112,55,57,21,1,3,p_1.30.24_LL3f_mi,6
141,27,16,33,101,60,41,10,1,3,p_1.30.24_LL3f_mi,6
142,24,17,32,88,50,38,3,1,3,p_1.30.24_LL3f_mi,6
143,22,22,31,91,47,44,2,1,3,p_1.30.24_LL3f_mi,6
144,20,15,29,90,49,41,2,1,3,p_1.30.24_LL3f_mi,6
145,24,18,32,86,41,45,0,1,3,p_1.30.24_LL3f_mi,6
146,26,18,32,98,46,52,0,1,3,p_1.30.24_LL3f_mi,6
147,25,22,33,98,48,50,0,1,3,p_1.30.24_LL3f_mi,6
148,23,20,33,100,52,48,0,1,3,p_1.30.24_LL3f_mi,6
149,28,21,36,110,57,53,0,1,3,p_1.30.24_LL3f_mi,6
150,28,26,36,111,53,58,0,1,3,p_1.30.24_LL3f_mi,6
151,49,36,72,109,49,60,0,1,3,p_1.30.24_LL3f_mi,6
152,65,43,96,142,75,67,0,1,3,p_1.30.24_LL3f_mi,6
153,85,54,116,183,89,94,0,1,3,p_1.30.24_LL3f_mi,6
154,110,80,145,252,122,130,0,1,3,p_1.30.24_LL3f_mi,6
155,125,84,163,323,152,171,18,1,3,p_1.30.24_LL3f_mi,6
156,134,96,179,390,185,205,15,1,3,p_1.30.24_LL3f_mi,6
157,149,113,193,449,214,235,8,1,3,p_1.30.24_LL3f_mi,6
158,167,129,209,497,241,256,2,1,3,p_1.30.24_LL3f_mi,6
159,178,126,230,527,250,277,2,1,3,p_1.30.24_LL3f_mi,6
160,188,136,243,574,279,295,1,1,3,p_1.30.24_LL3f_mi,6
161,173,133,229,647,336,311,0,1,3,p_1.30.24_LL3f_mi,6
162,174,138,226,660,334,326,0,1,3,p_1.30.24_LL3f_mi,6
163,174,139,219,675,345,330,0,1,3,p_1.30.24_LL3f_mi,6
164,175,132,220,677,343,334,0,1,3,p_1.30.24_LL3f_mi,6
165,167,131,219,680,364,316,0,1,3,p_1.30.24_LL3f_mi,6
166,172,137,222,675,345,330,0,1,3,p_1.30.24_LL3f_mi,6
167,180,135,229,646,315,331,0,1,3,p_1.30.24_LL3f_mi,6
168,177,136,224,663,319,344,0,1,3,p_1.30.24_LL3f_mi,6
169,186,143,230,642,316,326,0,1,3,p_1.30.24_LL3f_mi,6
170,173,136,220,685,342,343,17,1,3,p_1.30.24_LL3f_mi,6
171,173,136,217,684,340,344,5,1,3,p_1.30.24_LL3f_mi,6
172,161,131,210,699,348,351,4,1,3,p_1.30.24_LL3f_mi,6
173,176,134,224,667,338,329,2,1,3,p_1.30.24_LL3f_mi,6
174,177,135,224,666,344,322,0,1,3,p_1.30.24_LL3f_mi,6
175,187,139,227,660,349,311,0,1,3,p_1.30.24_LL3f_mi,6
176,161,128,205,713,370,343,0,1,3,p_1.30.24_LL3f_mi,6
177,172,135,221,675,341,334,0,1,3,p_1.30.24_LL3f_mi,6
178,172,124,225,662,321,341,0,1,3,p_1.30.24_LL3f_mi,6
179,175,139,226,655,313,342,0,1,3,p_1.30.24_LL3f_mi,6
180,177,133,224,662,325,337,0,1,3,p_1.30.24_LL3f_mi,6
181,171,139,228,657,311,346,0,1,3,p_1.30.24_LL3f_mi,6
182,180,145,229,645,292,353,0,1,3,p_1.30.24_LL3f_mi,6
183,172,129,231,649,295,354,0,1,3,p_1.30.24_LL3f_mi,6
184,173,143,226,661,308,353,0,1,3,p_1.30.24_LL3f_mi,6
185,177,142,225,660,307,353,0,1,3,p_1.30.24_LL3f_mi,6
186,180,134,229,647,306,341,0,1,3,p_1.30.24_LL3f_mi,6
187,175,133,226,665,316,349,0,1,3,p_1.30.24_LL3f_mi,6
188,178,139,224,665,324,341,0,1,3,p_1.30.24_LL3f_mi,6
189,173,125,220,677,344,333,0,1,3,p_1.30.24_LL3f_mi,6
190,166,134,226,657,321,336,0,1,3,p_1.30.24_LL3f_mi,6
191,173,137,221,666,327,339,0,1,3,p_1.30.24_LL3f_mi,6
192,167,139,220,669,337,332,0,1,3,p_1.30.24_LL3f_mi,6
193,177,140,227,650,322,328,0,1,3,p_1.30.24_LL3f_mi,6
194,180,139,228,646,300,346,0,1,3,p_1.30.24_LL3f_mi,6
195,174,138,225,659,317,342,0,1,3,p_1.30.24_LL3f_mi,6
196,179,139,230,650,328,322,0,1,3,p_1.30.24_LL3f_mi,6
197,170,134,221,670,341,329,0,1,3,p_1.30.24_LL3f_mi,6
198,175,144,222,667,329,338,0,1,3,p_1.30.24_LL3f_mi,6
199,179,140,229,646,314,332,0,1,3,p_1.30.24_LL3f_mi,6
200,170,141,231,639,317,322,0,1,3,p_1.30.24_LL3f_mi,6
201,159,132,206,709,358,351,0,1,3,p_1.30.24_LL3f_mi,6
202,173,135,224,660,325,335,0,1,3,p_1.30.24_LL3f_mi,6
203,179,126,230,634,331,303,0,1,3,p_1.30.24_LL3f_mi,6
204,179,146,229,649,333,316,0,1,3,p_1.30.24_LL3f_mi,6
205,179,140,226,661,341,320,0,1,3,p_1.30.24_LL3f_mi,6
206,173,127,218,681,340,341,0,1,3,p_1.30.24_LL3f_mi,6
207,171,122,221,669,325,344,0,1,3,p_1.30.24_LL3f_mi,6
208,184,140,224,672,336,336,0,1,3,p_1.30.24_LL3f_mi,6
209,167,134,218,678,337,341,0,1,3,p_1.30.24_LL3f_mi,6
210,177,129,223,666,336,330,0,1,3,p_1.30.24_LL3f_mi,6
211,173,142,222,674,337,337,0,1,3,p_1.30.24_LL3f_mi,6
212,176,139,224,663,319,344,0,1,3,p_1.30.24_LL3f_mi,6
213,181,143,229,651,322,329,0,1,3,p_1.30.24_LL3f_mi,6
214,168,135,224,667,331,336,0,1,3,p_1.30.24_LL3f_mi,6
215,179,144,223,665,338,327,0,1,3,p_1.30.24_LL3f_mi,6
216,178,138,222,669,341,328,0,1,3,p_1.30.24_LL3f_mi,6
217,169,127,223,668,341,327,0,1,3,p_1.30.24_LL3f_mi,6
218,176,132,223,665,331,334,0,1,3,p_1.30.24_LL3f_mi,6
219,168,127,217,677,352,325,0,1,3,p_1.30.24_LL3f_mi,6
220,174,135,229,645,326,319,0,1,3,p_1.30.24_LL3f_mi,6
221,173,138,220,677,335,342,0,1,3,p_1.30.24_LL3f_mi,6
222,173,141,217,685,339,346,0,1,3,p_1.30.24_LL3f_mi,6
223,179,141,224,660,328,332,0,1,3,p_1.30.24_LL3f_mi,6
224,170,139,225,661,323,338,0,1,3,p_1.30.24_LL3f_mi,6
225,171,130,223,670,335,335,0,1,3,p_1.30.24_LL3f_mi,6
226,159,131,201,726,370,356,0,1,3,p_1.30.24_LL3f_mi,6
227,174,132,224,665,354,311,0,1,3,p_1.30.24_LL3f_mi,6
228,183,139,230,643,311,332,0,1,3,p_1.30.24_LL3f_mi,6
229,182,140,227,650,319,331,0,1,3,p_1.30.24_LL3f_mi,6
230,189,139,231,643,315,328,0,1,3,p_1.30.24_LL3f_mi,6
231,172,131,224,667,330,337,0,1,3,p_1.30.24_LL3f_mi,6
232,157,127,210,702,349,353,0,1,3,p_1.30.24_LL3f_mi,6
233,177,142,230,648,317,331,0,1,3,p_1.30.24_LL3f_mi,6
234,177,141,229,643,301,342,0,1,3,p_1.30.24_LL3f_mi,6
235,181,137,226,656,326,330,0,1,3,p_1.30.24_LL3f_mi,6
236,179,131,229,648,299,349,0,1,3,p_1.30.24_LL3f_mi,6
237,177,142,228,653,310,343,0,1,3,p_1.30.24_LL3f_mi,6
238,169,130,225,657,321,336,0,1,3,p_1.30.24_LL3f_mi,6
239,175,138,224,669,331,338,0,1,3,p_1.30.24_LL3f_mi,6
240,180,137,229,648,320,328,0,1,3,p_1.30.24_LL3f_mi,6
241,176,131,222,671,333,338,0,1,3,p_1.30.24_LL3f_mi,6
242,164,132,217,675,347,328,0,1,3,p_1.30.24_LL3f_mi,6
243,175,124,223,666,344,322,0,1,3,p_1.30.24_LL3f_mi,6
244,164,133,219,675,357,318,0,1,3,p_1.30.24_LL3f_mi,6
245,171,135,221,671,356,315,0,1,3,p_1.30.24_LL3f_mi,6
246,161,127,214,689,357,332,0,1,3,p_1.30.24_LL3f_mi,6
247,175,130,228,647,342,305,0,1,3,p_1.30.24_LL3f_mi,6
248,174,147,224,669,335,334,0,1,3,p_1.30.24_LL3f_mi,6
249,170,134,221,674,337,337,0,1,3,p_1.30.24_LL3f_mi,6
250,173,129,221,673,346,327,0,1,3,p_1.30.24_LL3f_mi,6
251,156,132,203,722,358,364,0,1,3,p_1.30.24_LL3f_mi,6
252,176,144,221,671,335,336,0,1,3,p_1.30.24_LL3f_mi,6
253,176,141,225,668,328,340,0,1,3,p_1.30.24_LL3f_mi,6
254,173,140,224,669,343,326,0,1,3,p_1.30.24_LL3f_mi,6
255,181,142,227,658,336,322,0,1,3,p_1.30.24_LL3f_mi,6
256,166,129,212,695,341,354,0,1,3,p_1.30.24_LL3f_mi,6
257,173,136,227,656,323,333,0,1,3,p_1.30.24_LL3f_mi,6
258,172,133,219,683,347,336,0,1,3,p_1.30.24_LL3f_mi,6
259,173,126,231,644,327,317,0,1,3,p_1.30.24_LL3f_mi,6
260,179,141,229,650,334,316,0,1,3,p_1.30.24_LL3f_mi,6
261,173,142,221,676,335,341,0,1,3,p_1.30.24_LL3f_mi,6
262,177,137,225,663,348,315,0,1,3,p_1.30.24_LL3f_mi,6
263,167,137,216,690,353,337,0,1,3,p_1.30.24_LL3f_mi,6
264,177,135,223,670,344,326,0,1,3,p_1.30.24_LL3f_mi,6
265,176,138,229,644,316,328,0,1,3,p_1.30.24_LL3f_mi,6
266,174,140,221,670,321,349,0,1,3,p_1.30.24_LL3f_mi,6
267,178,129,226,659,316,343,0,1,3,p_1.30.24_LL3f_mi,6
268,166,135,216,683,326,357,0,1,3,p_1.30.24_LL3f_mi,6
269,166,126,220,675,325,350,0,1,3,p_1.30.24_LL3f_mi,6
270,171,134,220,675,337,338,0,1,3,p_1.30.24_LL3f_mi,6
271,171,124,214,692,334,358,0,1,3,p_1.30.24_LL3f_mi,6
272,173,131,226,655,320,335,0,1,3,p_1.30.24_LL3f_mi,6
273,180,140,227,656,310,346,0,1,3,p_1.30.24_LL3f_mi,6
274,173,133,222,668,319,349,0,1,3,p_1.30.24_LL3f_mi,6
275,172,142,220,676,320,356,0,1,3,p_1.30.24_LL3f_mi,6
276,161,134,205,723,349,374,0,1,3,p_1.30.24_LL3f_mi,6
277,165,133,220,676,325,351,0,1,3,p_1.30.24_LL3f_mi,6
278,174,133,229,649,321,328,0,1,3,p_1.30.24_LL3f_mi,6
279,174,135,219,676,319,357,0,1,3,p_1.30.24_LL3f_mi,6
280,169,142,225,664,320,344,0,1,3,p_1.30.24_LL3f_mi,6
281,178,139,224,668,315,353,0,1,3,p_1.30.24_LL3f_mi,6
282,173,132,227,652,308,344,0,1,3,p_1.30.24_LL3f_mi,6
283,169,136,222,671,329,342,0,1,3,p_1.30.24_LL3f_mi,6
284,186,136,229,642,317,325,0,1,3,p_1.30.24_LL3f_mi,6
285,178,138,226,661,305,356,0,1,3,p_1.30.24_LL3f_mi,6
286,171,128,220,677,318,359,0,1,3,p_1.30.24_LL3f_mi,6
287,177,141,222,667,327,340,0,1,3,p_1.30.24_LL3f_mi,6
288,176,133,222,674,333,341,0,1,3,p_1.30.24_LL3f_mi,6
289,171,146,218,679,327,352,0,1,3,p_1.30.24_LL3f_mi,6
290,166,137,218,675,316,359,0,1,3,p_1.30.24_LL3f_mi,6
291,181,138,229,649,277,372,0,1,3,p_1.30.24_LL3f_mi,6
292,173,145,221,676,299,377,0,1,3,p_1.30.24_LL3f_mi,6
293,166,132,214,685,329,356,0,1,3,p_1.30.24_LL3f_mi,6
294,179,136,227,654,316,338,0,1,3,p_1.30.24_LL3f_mi,6
295,178,140,222,672,329,343,0,1,3,p_1.30.24_LL3f_mi,6
296,175,132,223,663,328,335,0,1,3,p_1.30.24_LL3f_mi,6
297,180,144,232,642,306,336,0,1,3,p_1.30.24_LL3f_mi,6
298,176,131,227,655,320,335,0,1,3,p_1.30.24_LL3f_mi,6
299,172,137,222,670,318,352,0,1,3,p_1.30.24_LL3f_mi,6
300,177,138,225,657,313,344,0,1,3,p_1.30.24_LL3f_mi,6
301,169,139,213,699,327,372,0,1,3,p_1.30.24_LL3f_mi,6
302,170,133,216,684,339,345,0,1,3,p_1.30.24_LL3f_mi,6
303,169,134,225,667,343,324,0,1,3,p_1.30.24_LL3f_mi,6
304,178,133,230,646,317,329,0,1,3,p_1.30.24_LL3f_mi,6
305,172,133,216,685,347,338,0,1,3,p_1.30.24_LL3f_mi,6
306,187,141,225,654,324,330,0,1,3,p_1.30.24_LL3f_mi,6
307,172,134,221,678,345,333,0,1,3,p_1.30.24_LL3f_mi,6
308,181,137,229,653,327,326,0,1,3,p_1.30.24_LL3f_mi,6
309,171,130,233,632,320,312,0,1,3,p_1.30.24_LL3f_mi,6
310,177,134,224,661,339,322,0,1,3,p_1.30.24_LL3f_mi,6
311,170,133,227,658,354,304,0,1,3,p_1.30.24_LL3f_mi,6
312,172,132,223,662,350,312,0,1,3,p_1.30.24_LL3f_mi,6
313,176,138,220,671,336,335,0,1,3,p_1.30.24_LL3f_mi,6
314,177,139,230,648,313,335,0,1,3,p_1.30.24_LL3f_mi,6
315,163,125,218,685,333,352,0,1,3,p_1.30.24_LL3f_mi,6
316,175,133,222,673,338,335,0,1,3,p_1.30.24_LL3f_mi,6
317,177,138,227,653,334,319,0,1,3,p_1.30.24_LL3f_mi,6
318,161,127,217,683,331,352,0,1,3,p_1.30.24_LL3f_mi,6
319,177,137,222,663,327,336,0,1,3,p_1.30.24_LL3f_mi,6
320,177,135,224,671,311,360,0,1,3,p_1.30.24_LL3f_mi,6
321,176,138,226,655,311,344,0,1,3,p_1.30.24_LL3f_mi,6
322,177,136,227,650,324,326,0,1,3,p_1.30.24_LL3f_mi,6
323,167,130,227,657,314,343,0,1,3,p_1.30.24_LL3f_mi,6
324,170,146,220,680,316,364,0,1,3,p_1.30.24_LL3f_mi,6
325,166,129,212,695,355,340,0,1,3,p_1.30.24_LL3f_mi,6
326,154,125,200,724,369,355,0,1,3,p_1.30.24_LL3f_mi,6
327,178,129,228,660,341,319,0,1,3,p_1.30.24_LL3f_mi,6
328,174,133,227,653,346,307,0,1,3,p_1.30.24_LL3f_mi,6
329,175,128,227,653,358,295,0,1,3,p_1.30.24_LL3f_mi,6
330,182,132,230,645,347,298,0,1,3,p_1.30.24_LL3f_mi,6
331,174,135,228,652,340,312,0,1,3,p_1.30.24_LL3f_mi,6
332,169,134,225,664,338,326,0,1,3,p_1.30.24_LL3f_mi,6
333,172,137,224,667,335,332,0,1,3,p_1.30.24_LL3f_mi,6
334,172,126,229,649,302,347,0,1,3,p_1.30.24_LL3f_mi,6
335,184,146,237,608,283,325,0,1,3,p_1.30.24_LL3f_mi,6
336,175,138,223,670,324,346,0,1,3,p_1.30.24_LL3f_mi,6
337,176,135,222,666,325,341,0,1,3,p_1.30.24_LL3f_mi,6
338,180,132,228,658,333,325,0,1,3,p_1.30.24_LL3f_mi,6
339,178,140,219,675,342,333,0,1,3,p_1.30.24_LL3f_mi,6
340,178,142,228,655,335,320,0,1,3,p_1.30.24_LL3f_mi,6
341,169,133,215,687,368,319,0,1,3,p_1.30.24_LL3f_mi,6
342,166,131,223,664,332,332,0,1,3,p_1.30.24_LL3f_mi,6
343,171,134,217,687,340,347,0,1,3,p_1.30.24_LL3f_mi,6
344,184,146,229,651,312,339,0,1,3,p_1.30.24_LL3f_mi,6
345,169,140,222,668,316,352,0,1,3,p_1.30.24_LL3f_mi,6
346,177,143,225,665,338,327,0,1,3,p_1.30.24_LL3f_mi,6
347,171,133,226,657,328,329,0,1,3,p_1.30.24_LL3f_mi,6
348,171,124,223,663,338,325,0,1,3,p_1.30.24_LL3f_mi,6
349,175,133,228,648,324,324,0,1,3,p_1.30.24_LL3f_mi,6
350,165,133,218,673,358,315,0,1,3,p_1.30.24_LL3f_mi,6
1,5,5,8,625,319,306,0,1,4,p_1.30.24_LL3f_mi,6
2,93,81,119,863,427,436,0,1,4,p_1.30.24_LL3f_mi,6
3,122,103,156,805,391,414,0,1,4,p_1.30.24_LL3f_mi,6
4,170,133,218,682,331,351,0,1,4,p_1.30.24_LL3f_mi,6
5,175,135,224,668,328,340,0,1,4,p_1.30.24_LL3f_mi,6
6,172,132,227,652,331,321,0,1,4,p_1.30.24_LL3f_mi,6
7,176,135,224,658,332,326,0,1,4,p_1.30.24_LL3f_mi,6
8,171,131,223,671,345,326,0,1,4,p_1.30.24_LL3f_mi,6
9,170,130,218,678,348,330,0,1,4,p_1.30.24_LL3f_mi,6
10,180,139,229,655,321,334,0,1,4,p_1.30.24_LL3f_mi,6
11,173,135,222,675,316,359,0,1,4,p_1.30.24_LL3f_mi,6
12,177,143,227,658,311,347,0,1,4,p_1.30.24_LL3f_mi,6
13,178,145,228,652,301,351,0,1,4,p_1.30.24_LL3f_mi,6
14,179,134,222,665,303,362,0,1,4,p_1.30.24_LL3f_mi,6
15,177,138,226,662,295,367,0,1,4,p_1.30.24_LL3f_mi,6
16,175,145,220,676,319,357,0,1,4,p_1.30.24_LL3f_mi,6
17,173,137,222,676,336,340,0,1,4,p_1.30.24_LL3f_mi,6
18,181,139,230,646,319,327,0,1,4,p_1.30.24_LL3f_mi,6
19,171,130,221,672,349,323,0,1,4,p_1.30.24_LL3f_mi,6
20,167,135,215,692,363,329,0,1,4,p_1.30.24_LL3f_mi,6
21,173,130,222,664,364,300,0,1,4,p_1.30.24_LL3f_mi,6
22,180,140,221,675,363,312,0,1,4,p_1.30.24_LL3f_mi,6
23,176,127,224,663,345,318,0,1,4,p_1.30.24_LL3f_mi,6
24,174,126,228,651,327,324,0,1,4,p_1.30.24_LL3f_mi,6
25,166,129,223,661,346,315,0,1,4,p_1.30.24_LL3f_mi,6
26,160,129,202,715,384,331,0,1,4,p_1.30.24_LL3f_mi,6
27,178,142,224,664,333,331,0,1,4,p_1.30.24_LL3f_mi,6
28,168,127,214,688,341,347,0,1,4,p_1.30.24_LL3f_mi,6
29,170,133,227,653,303,350,0,1,4,p_1.30.24_LL3f_mi,6
30,185,141,229,646,320,326,0,1,4,p_1.30.24_LL3f_mi,6
31,183,138,225,661,336,325,0,1,4,p_1.30.24_LL3f_mi,6
32,180,140,224,667,340,327,0,1,4,p_1.30.24_LL3f_mi,6
33,175,130,222,670,346,324,0,1,4,p_1.30.24_LL3f_mi,6
34,181,139,232,641,319,322,0,1,4,p_1.30.24_LL3f_mi,6
35,183,149,228,649,325,324,0,1,4,p_1.30.24_LL3f_mi,6
36,164,137,219,679,330,349,0,1,4,p_1.30.24_LL3f_mi,6
37,176,141,227,660,322,338,0,1,4,p_1.30.24_LL3f_mi,6
38,187,144,228,647,326,321,0,1,4,p_1.30.24_LL3f_mi,6
39,174,132,225,660,352,308,0,1,4,p_1.30.24_LL3f_mi,6
40,168,123,217,681,356,325,0,1,4,p_1.30.24_LL3f_mi,6
41,184,137,233,630,318,312,0,1,4,p_1.30.24_LL3f_mi,6
42,179,135,228,656,324,332,0,1,4,p_1.30.24_LL3f_mi,6
43,168,136,216,686,348,338,0,1,4,p_1.30.24_LL3f_mi,6
44,159,137,211,697,355,342,0,1,4,p_1.30.24_LL3f_mi,6
45,173,133,227,659,334,325,0,1,4,p_1.30.24_LL3f_mi,6
46,173,126,223,660,341,319,0,1,4,p_1.30.24_LL3f_mi,6
47,173,134,220,678,347,331,0,1,4,p_1.30.24_LL3f_mi,6
48,162,132,214,689,347,342,0,1,4,p_1.30.24_LL3f_mi,6
49,173,138,225,665,325,340,0,1,4,p_1.30.24_LL3f_mi,6
50,176,137,225,662,321,341,0,1,4,p_1.30.24_LL3f_mi,6
51,161,131,204,720,352,368,0,1,4,p_1.30.24_LL3f_mi,6
52,180,140,228,656,326,330,0,1,4,p_1.30.24_LL3f_mi,6
53,182,143,226,655,306,349,0,1,4,p_1.30.24_LL3f_mi,6
54,166,130,218,675,323,352,0,1,4,p_1.30.24_LL3f_mi,6
55,171,130,222,673,316,357,0,1,4,p_1.30.24_LL3f_mi,6
56,171,130,221,672,318,354,0,1,4,p_1.30.24_LL3f_mi,6
57,173,128,223,665,316,349,0,1,4,p_1.30.24_LL3f_mi,6
58,169,129,218,686,324,362,0,1,4,p_1.30.24_LL3f_mi,6
59,169,135,220,674,347,327,0,1,4,p_1.30.24_LL3f_mi,6
60,179,129,225,665,338,327,0,1,4,p_1.30.24_LL3f_mi,6
61,175,123,220,675,349,326,0,1,4,p_1.30.24_LL3f_mi,6
62,171,141,221,675,353,322,0,1,4,p_1.30.24_LL3f_mi,6
63,179,140,227,652,341,311,0,1,4,p_1.30.24_LL3f_mi,6
64,175,139,224,665,334,331,0,1,4,p_1.30.24_LL3f_mi,6
65,179,145,225,660,333,327,0,1,4,p_1.30.24_LL3f_mi,6
66,168,129,221,672,320,352,0,1,4,p_1.30.24_LL3f_mi,6
67,171,140,218,678,309,369,0,1,4,p_1.30.24_LL3f_mi,6
68,180,143,225,664,316,348,0,1,4,p_1.30.24_LL3f_mi,6
69,174,135,226,657,312,345,0,1,4,p_1.30.24_LL3f_mi,6
70,176,135,224,662,299,363,0,1,4,p_1.30.24_LL3f_mi,6
71,169,133,218,678,310,368,0,1,4,p_1.30.24_LL3f_mi,6
72,169,132,220,676,301,375,0,1,4,p_1.30.24_LL3f_mi,6
73,173,125,228,650,309,341,0,1,4,p_1.30.24_LL3f_mi,6
74,178,140,231,641,307,334,0,1,4,p_1.30.24_LL3f_mi,6
75,172,135,219,678,334,344,0,1,4,p_1.30.24_LL3f_mi,6
76,154,132,200,724,376,348,0,1,4,p_1.30.24_LL3f_mi,6
77,173,130,226,661,322,339,0,1,4,p_1.30.24_LL3f_mi,6
78,175,127,230,650,317,333,0,1,4,p_1.30.24_LL3f_mi,6
79,176,135,227,658,314,344,0,1,4,p_1.30.24_LL3f_mi,6
80,172,125,222,670,335,335,0,1,4,p_1.30.24_LL3f_mi,6
81,172,137,227,652,328,324,0,1,4,p_1.30.24_LL3f_mi,6
82,173,130,225,662,320,342,0,1,4,p_1.30.24_LL3f_mi,6
83,172,131,223,670,325,345,0,1,4,p_1.30.24_LL3f_mi,6
84,175,136,228,657,328,329,0,1,4,p_1.30.24_LL3f_mi,6
85,170,133,217,683,346,337,0,1,4,p_1.30.24_LL3f_mi,6
86,165,136,217,684,353,331,0,1,4,p_1.30.24_LL3f_mi,6
87,170,128,225,660,334,326,0,1,4,p_1.30.24_LL3f_mi,6
88,168,132,216,681,343,338,0,1,4,p_1.30.24_LL3f_mi,6
89,166,127,221,669,334,335,0,1,4,p_1.30.24_LL3f_mi,6
90,181,139,227,655,322,333,0,1,4,p_1.30.24_LL3f_mi,6
91,179,140,225,664,334,330,0,1,4,p_1.30.24_LL3f_mi,6
92,167,133,223,673,341,332,0,1,4,p_1.30.24_LL3f_mi,6
93,167,128,215,689,338,351,0,1,4,p_1.30.24_LL3f_mi,6
94,167,136,211,701,353,348,0,1,4,p_1.30.24_LL3f_mi,6
95,175,140,229,652,323,329,0,1,4,p_1.30.24_LL3f_mi,6
96,178,139,228,649,309,340,0,1,4,p_1.30.24_LL3f_mi,6
97,178,132,230,648,304,344,0,1,4,p_1.30.24_LL3f_mi,6
98,176,139,222,672,320,352,0,1,4,p_1.30.24_LL3f_mi,6
99,163,136,215,686,330,356,0,1,4,p_1.30.24_LL3f_mi,6
100,147,122,195,654,307,347,0,1,4,p_1.30.24_LL3f_mi,6
101,114,99,144,681,320,361,0,1,4,p_1.30.24_LL3f_mi,6
102,128,100,159,570,267,303,0,1,4,p_1.30.24_LL3f_mi,6
103,114,93,147,517,242,275,0,1,4,p_1.30.24_LL3f_mi,6
104,91,75,117,499,234,265,0,1,4,p_1.30.24_LL3f_mi,6
105,85,73,107,435,204,231,0,1,4,p_1.30.24_LL3f_mi,6
106,70,61,90,395,189,206,0,1,4,p_1.30.24_LL3f_mi,6
107,55,49,73,349,167,182,0,1,4,p_1.30.24_LL3f_mi,6
108,56,50,72,274,131,143,0,1,4,p_1.30.24_LL3f_mi,6
109,35,31,43,245,126,119,0,1,4,p_1.30.24_LL3f_mi,6
110,23,21,30,213,119,94,0,1,4,p_1.30.24_LL3f_mi,6
111,29,24,37,166,89,77,0,1,4,p_1.30.24_LL3f_mi,6
112,29,22,37,135,71,64,0,1,4,p_1.30.24_LL3f_mi,6
113,25,18,34,116,60,56,0,1,4,p_1.30.24_LL3f_mi,6
114,30,24,37,115,60,55,0,1,4,p_1.30.24_LL3f_mi,6
115,27,21,35,107,54,53,0,1,4,p_1.30.24_LL3f_mi,6
116,29,21,35,110,55,55,0,1,4,p_1.30.24_LL3f_mi,6
117,25,22,35,114,58,56,0,1,4,p_1.30.24_LL3f_mi,6
118,28,22,34,113,62,51,0,1,4,p_1.30.24_LL3f_mi,6
119,27,23,34,106,61,45,0,1,4,p_1.30.24_LL3f_mi,6
120,22,17,33,107,56,51,0,1,4,p_1.30.24_LL3f_mi,6
121,31,24,37,107,54,53,0,1,4,p_1.30.24_LL3f_mi,6
122,27,21,35,115,62,53,0,1,4,p_1.30.24_LL3f_mi,6
123,24,15,32,100,53,47,0,1,4,p_1.30.24_LL3f_mi,6
124,27,21,32,91,46,45,0,1,4,p_1.30.24_LL3f_mi,6
125,23,19,34,118,58,60,21,1,4,p_1.30.24_LL3f_mi,6
126,27,19,38,120,51,69,10,1,4,p_1.30.24_LL3f_mi,6
127,27,24,35,117,49,68,5,1,4,p_1.30.24_LL3f_mi,6
128,25,20,33,96,36,60,0,1,4,p_1.30.24_LL3f_mi,6
129,29,21,35,102,39,63,0,1,4,p_1.30.24_LL3f_mi,6
130,28,25,34,105,47,58,0,1,4,p_1.30.24_LL3f_mi,6
131,25,21,33,104,47,57,0,1,4,p_1.30.24_LL3f_mi,6
132,28,21,35,101,45,56,0,1,4,p_1.30.24_LL3f_mi,6
133,27,21,35,106,50,56,0,1,4,p_1.30.24_LL3f_mi,6
134,28,20,35,104,57,47,0,1,4,p_1.30.24_LL3f_mi,6
135,26,20,33,98,52,46,0,1,4,p_1.30.24_LL3f_mi,6
136,24,16,34,99,56,43,0,1,4,p_1.30.24_LL3f_mi,6
137,25,20,33,93,49,44,0,1,4,p_1.30.24_LL3f_mi,6
138,20,16,31,95,50,45,0,1,4,p_1.30.24_LL3f_mi,6
139,25,19,33,91,52,39,0,1,4,p_1.30.24_LL3f_mi,6
140,24,18,34,113,69,44,23,1,4,p_1.30.24_LL3f_mi,6
141,27,17,35,108,65,43,13,1,4,p_1.30.24_LL3f_mi,6
142,24,21,33,106,60,46,6,1,4,p_1.30.24_LL3f_mi,6
143,25,19,33,104,56,48,0,1,4,p_1.30.24_LL3f_mi,6
144,26,20,34,98,42,56,0,1,4,p_1.30.24_LL3f_mi,6
145,28,24,34,99,42,57,0,1,4,p_1.30.24_LL3f_mi,6
146,28,25,34,99,46,53,0,1,4,p_1.30.24_LL3f_mi,6
147,26,19,35,108,47,61,0,1,4,p_1.30.24_LL3f_mi,6
148,25,20,33,103,41,62,0,1,4,p_1.30.24_LL3f_mi,6
149,25,19,31,96,41,55,0,1,4,p_1.30.24_LL3f_mi,6
150,24,17,33,99,44,55,0,1,4,p_1.30.24_LL3f_mi,6
151,37,29,56,103,40,63,0,1,4,p_1.30.24_LL3f_mi,6
152,51,32,82,116,52,64,0,1,4,p_1.30.24_LL3f_mi,6
153,67,46,99,164,70,94,0,1,4,p_1.30.24_LL3f_mi,6
154,89,58,132,205,97,108,0,1,4,p_1.30.24_LL3f_mi,6
155,121,83,159,285,148,137,20,1,4,p_1.30.24_LL3f_mi,6
156,137,89,180,355,187,168,9,1,4,p_1.30.24_LL3f_mi,6
157,155,110,197,414,206,208,5,1,4,p_1.30.24_LL3f_mi,6
158,171,123,214,478,230,248,2,1,4,p_1.30.24_LL3f_mi,6
159,174,126,224,557,277,280,1,1,4,p_1.30.24_LL3f_mi,6
160,189,138,237,607,291,316,0,1,4,p_1.30.24_LL3f_mi,6
161,176,132,232,643,330,313,0,1,4,p_1.30.24_LL3f_mi,6
162,174,142,222,672,346,326,0,1,4,p_1.30.24_LL3f_mi,6
163,171,138,220,676,354,322,0,1,4,p_1.30.24_LL3f_mi,6
164,175,144,226,657,333,324,0,1,4,p_1.30.24_LL3f_mi,6
165,180,139,226,663,344,319,0,1,4,p_1.30.24_LL3f_mi,6
166,175,136,220,681,347,334,0,1,4,p_1.30.24_LL3f_mi,6
167,185,134,231,641,341,300,0,1,4,p_1.30.24_LL3f_mi,6
168,183,135,227,650,337,313,0,1,4,p_1.30.24_LL3f_mi,6
169,167,138,218,679,346,333,0,1,4,p_1.30.24_LL3f_mi,6
170,159,134,213,698,352,346,22,1,4,p_1.30.24_LL3f_mi,6
171,178,143,228,647,329,318,12,1,4,p_1.30.24_LL3f_mi,6
172,175,141,225,665,330,335,4,1,4,p_1.30.24_LL3f_mi,6
173,169,138,220,677,341,336,1,1,4,p_1.30.24_LL3f_mi,6
174,168,128,213,692,349,343,0,1,4,p_1.30.24_LL3f_mi,6
175,175,133,222,675,321,354,1,1,4,p_1.30.24_LL3f_mi,6
176,146,122,197,725,350,375,0,1,4,p_1.30.24_LL3f_mi,6
177,172,142,223,665,317,348,0,1,4,p_1.30.24_LL3f_mi,6
178,177,136,230,642,308,334,0,1,4,p_1.30.24_LL3f_mi,6
179,174,129,228,652,312,340,0,1,4,p_1.30.24_LL3f_mi,6
180,173,138,219,672,313,359,0,1,4,p_1.30.24_LL3f_mi,6
181,160,126,209,699,328,371,0,1,4,p_1.30.24_LL3f_mi,6
182,182,139,228,652,306,346,0,1,4,p_1.30.24_LL3f_mi,6
183,183,146,237,621,297,324,0,1,4,p_1.30.24_LL3f_mi,6
184,167,140,219,674,320,354,0,1,4,p_1.30.24_LL3f_mi,6
185,175,137,225,657,310,347,0,1,4,p_1.30.24_LL3f_mi,6
186,179,137,220,675,319,356,0,1,4,p_1.30.24_LL3f_mi,6
187,183,140,230,643,304,339,0,1,4,p_1.30.24_LL3f_mi,6
188,177,144,222,672,310,362,0,1,4,p_1.30.24_LL3f_mi,6
189,168,138,222,677,310,367,0,1,4,p_1.30.24_LL3f_mi,6
190,176,137,229,647,316,331,0,1,4,p_1.30.24_LL3f_mi,6
191,177,136,228,651,329,322,0,1,4,p_1.30.24_LL3f_mi,6
192,169,130,215,682,358,324,0,1,4,p_1.30.24_LL3f_mi,6
193,171,131,220,676,346,330,0,1,4,p_1.30.24_LL3f_mi,6
194,165,130,219,673,344,329,0,1,4,p_1.30.24_LL3f_mi,6
195,181,139,227,657,341,316,0,1,4,p_1.30.24_LL3f_mi,6
196,170,137,219,682,352,330,0,1,4,p_1.30.24_LL3f_mi,6
197,178,141,227,662,339,323,0,1,4,p_1.30.24_LL3f_mi,6
198,182,137,229,651,324,327,0,1,4,p_1.30.24_LL3f_mi,6
199,178,144,221,671,333,338,0,1,4,p_1.30.24_LL3f_mi,6
200,171,132,226,660,334,326,0,1,4,p_1.30.24_LL3f_mi,6
201,157,126,203,725,364,361,0,1,4,p_1.30.24_LL3f_mi,6
202,172,130,217,681,327,354,0,1,4,p_1.30.24_LL3f_mi,6
203,173,142,223,666,325,341,0,1,4,p_1.30.24_LL3f_mi,6
204,179,138,228,654,317,337,0,1,4,p_1.30.24_LL3f_mi,6
205,179,139,231,645,308,337,0,1,4,p_1.30.24_LL3f_mi,6
206,178,142,224,666,330,336,0,1,4,p_1.30.24_LL3f_mi,6
207,168,123,219,674,344,330,0,1,4,p_1.30.24_LL3f_mi,6
208,171,137,220,673,324,349,0,1,4,p_1.30.24_LL3f_mi,6
209,176,137,225,656,309,347,0,1,4,p_1.30.24_LL3f_mi,6
210,175,144,231,641,315,326,0,1,4,p_1.30.24_LL3f_mi,6
211,169,129,222,668,335,333,0,1,4,p_1.30.24_LL3f_mi,6
212,175,137,221,674,325,349,0,1,4,p_1.30.24_LL3f_mi,6
213,181,136,229,651,320,331,0,1,4,p_1.30.24_LL3f_mi,6
214,180,139,230,649,321,328,0,1,4,p_1.30.24_LL3f_mi,6
215,179,130,228,653,320,333,0,1,4,p_1.30.24_LL3f_mi,6
216,176,144,228,663,326,337,0,1,4,p_1.30.24_LL3f_mi,6
217,169,137,213,697,340,357,0,1,4,p_1.30.24_LL3f_mi,6
218,167,132,220,674,326,348,0,1,4,p_1.30.24_LL3f_mi,6
219,184,149,224,662,315,347,0,1,4,p_1.30.24_LL3f_mi,6
220,182,133,227,653,313,340,0,1,4,p_1.30.24_LL3f_mi,6
221,170,135,229,649,302,347,0,1,4,p_1.30.24_LL3f_mi,6
222,168,138,216,687,309,378,0,1,4,p_1.30.24_LL3f_mi,6
223,176,136,229,648,287,361,0,1,4,p_1.30.24_LL3f_mi,6
224,175,142,215,686,304,382,0,1,4,p_1.30.24_LL3f_mi,6
225,177,144,231,650,272,378,0,1,4,p_1.30.24_LL3f_mi,6
226,159,133,205,714,310,404,0,1,4,p_1.30.24_LL3f_mi,6
227,175,134,227,659,305,354,0,1,4,p_1.30.24_LL3f_mi,6
228,172,139,225,659,317,342,0,1,4,p_1.30.24_LL3f_mi,6
229,168,126,223,670,327,343,0,1,4,p_1.30.24_LL3f_mi,6
230,181,152,230,652,312,340,0,1,4,p_1.30.24_LL3f_mi,6
231,171,137,222,669,315,354,0,1,4,p_1.30.24_LL3f_mi,6
232,178,140,225,661,318,343,0,1,4,p_1.30.24_LL3f_mi,6
233,176,126,221,667,327,340,0,1,4,p_1.30.24_LL3f_mi,6
234,184,142,229,657,300,357,0,1,4,p_1.30.24_LL3f_mi,6
235,177,139,223,668,319,349,0,1,4,p_1.30.24_LL3f_mi,6
236,176,133,225,656,306,350,0,1,4,p_1.30.24_LL3f_mi,6
237,175,134,222,672,334,338,0,1,4,p_1.30.24_LL3f_mi,6
238,171,138,226,662,325,337,0,1,4,p_1.30.24_LL3f_mi,6
239,176,137,227,661,321,340,0,1,4,p_1.30.24_LL3f_mi,6
240,177,137,226,657,318,339,0,1,4,p_1.30.24_LL3f_mi,6
241,172,134,220,678,327,351,0,1,4,p_1.30.24_LL3f_mi,6
242,178,139,221,674,330,344,0,1,4,p_1.30.24_LL3f_mi,6
243,175,138,222,667,328,339,0,1,4,p_1.30.24_LL3f_mi,6
244,178,133,221,676,338,338,0,1,4,p_1.30.24_LL3f_mi,6
245,178,139,224,657,321,336,0,1,4,p_1.30.24_LL3f_mi,6
246,182,132,229,653,327,326,0,1,4,p_1.30.24_LL3f_mi,6
247,178,138,225,661,336,325,0,1,4,p_1.30.24_LL3f_mi,6
248,174,135,220,673,340,333,0,1,4,p_1.30.24_LL3f_mi,6
249,170,135,219,674,349,325,0,1,4,p_1.30.24_LL3f_mi,6
250,178,137,226,659,338,321,0,1,4,p_1.30.24_LL3f_mi,6
251,162,129,206,711,350,361,0,1,4,p_1.30.24_LL3f_mi,6
252,178,137,228,656,332,324,0,1,4,p_1.30.24_LL3f_mi,6
253,176,130,229,643,331,312,0,1,4,p_1.30.24_LL3f_mi,6
254,180,136,228,649,351,298,0,1,4,p_1.30.24_LL3f_mi,6
255,168,128,222,666,359,307,0,1,4,p_1.30.24_LL3f_mi,6
256,177,134,221,679,360,319,0,1,4,p_1.30.24_LL3f_mi,6
257,179,144,228,650,331,319,0,1,4,p_1.30.24_LL3f_mi,6
258,175,122,224,667,347,320,0,1,4,p_1.30.24_LL3f_mi,6
259,174,143,224,659,328,331,0,1,4,p_1.30.24_LL3f_mi,6
260,179,135,233,631,334,297,0,1,4,p_1.30.24_LL3f_mi,6
261,175,127,224,667,361,306,0,1,4,p_1.30.24_LL3f_mi,6
262,185,142,228,664,355,309,0,1,4,p_1.30.24_LL3f_mi,6
263,166,128,217,686,345,341,0,1,4,p_1.30.24_LL3f_mi,6
264,177,136,227,655,331,324,0,1,4,p_1.30.24_LL3f_mi,6
265,179,141,229,652,314,338,0,1,4,p_1.30.24_LL3f_mi,6
266,177,140,216,686,334,352,0,1,4,p_1.30.24_LL3f_mi,6
267,168,137,218,676,331,345,0,1,4,p_1.30.24_LL3f_mi,6
268,175,127,228,656,327,329,0,1,4,p_1.30.24_LL3f_mi,6
269,169,126,224,666,360,306,0,1,4,p_1.30.24_LL3f_mi,6
270,168,127,216,696,358,338,0,1,4,p_1.30.24_LL3f_mi,6
271,165,134,215,688,363,325,0,1,4,p_1.30.24_LL3f_mi,6
272,176,130,228,653,346,307,0,1,4,p_1.30.24_LL3f_mi,6
273,179,140,224,662,329,333,0,1,4,p_1.30.24_LL3f_mi,6
274,168,142,221,675,327,348,0,1,4,p_1.30.24_LL3f_mi,6
275,182,136,228,650,320,330,0,1,4,p_1.30.24_LL3f_mi,6
276,162,137,209,701,325,376,0,1,4,p_1.30.24_LL3f_mi,6
277,170,134,223,664,311,353,0,1,4,p_1.30.24_LL3f_mi,6
278,175,131,224,665,324,341,0,1,4,p_1.30.24_LL3f_mi,6
279,178,134,228,648,309,339,0,1,4,p_1.30.24_LL3f_mi,6
280,180,137,228,658,315,343,0,1,4,p_1.30.24_LL3f_mi,6
281,166,129,217,684,331,353,0,1,4,p_1.30.24_LL3f_mi,6
282,170,134,217,678,315,363,0,1,4,p_1.30.24_LL3f_mi,6
283,173,137,222,674,322,352,0,1,4,p_1.30.24_LL3f_mi,6
284,174,129,225,661,342,319,0,1,4,p_1.30.24_LL3f_mi,6
285,165,130,216,683,366,317,0,1,4,p_1.30.24_LL3f_mi,6
286,176,135,227,658,354,304,0,1,4,p_1.30.24_LL3f_mi,6
287,176,134,232,630,325,305,0,1,4,p_1.30.24_LL3f_mi,6
288,176,142,228,650,345,305,0,1,4,p_1.30.24_LL3f_mi,6
289,170,133,222,674,348,326,0,1,4,p_1.30.24_LL3f_mi,6
290,171,124,222,674,351,323,0,1,4,p_1.30.24_LL3f_mi,6
291,168,135,213,685,351,334,0,1,4,p_1.30.24_LL3f_mi,6
292,174,138,214,691,344,347,0,1,4,p_1.30.24_LL3f_mi,6
293,167,131,222,673,331,342,0,1,4,p_1.30.24_LL3f_mi,6
294,167,135,221,665,335,330,0,1,4,p_1.30.24_LL3f_mi,6
295,180,145,225,659,333,326,0,1,4,p_1.30.24_LL3f_mi,6
296,172,130,229,646,341,305,0,1,4,p_1.30.24_LL3f_mi,6
297,177,141,226,654,322,332,0,1,4,p_1.30.24_LL3f_mi,6
298,186,138,228,654,331,323,0,1,4,p_1.30.24_LL3f_mi,6
299,170,139,224,667,340,327,0,1,4,p_1.30.24_LL3f_mi,6
300,173,131,221,680,356,324,0,1,4,p_1.30.24_LL3f_mi,6
301,158,123,202,725,384,341,0,1,4,p_1.30.24_LL3f_mi,6
302,176,132,225,664,356,308,0,1,4,p_1.30.24_LL3f_mi,6
303,187,140,231,642,352,290,0,1,4,p_1.30.24_LL3f_mi,6
304,169,129,223,666,366,300,0,1,4,p_1.30.24_LL3f_mi,6
305,172,135,218,676,362,314,0,1,4,p_1.30.24_LL3f_mi,6
306,167,135,227,660,332,328,0,1,4,p_1.30.24_LL3f_mi,6
307,176,141,223,669,324,345,0,1,4,p_1.30.24_LL3f_mi,6
308,168,142,224,667,325,342,0,1,4,p_1.30.24_LL3f_mi,6
309,171,128,225,666,325,341,0,1,4,p_1.30.24_LL3f_mi,6
310,171,138,221,675,328,347,0,1,4,p_1.30.24_LL3f_mi,6
311,171,140,221,672,323,349,0,1,4,p_1.30.24_LL3f_mi,6
312,157,140,205,708,325,383,0,1,4,p_1.30.24_LL3f_mi,6
313,174,137,218,683,322,361,0,1,4,p_1.30.24_LL3f_mi,6
314,167,134,221,666,303,363,0,1,4,p_1.30.24_LL3f_mi,6
315,180,145,231,645,309,336,0,1,4,p_1.30.24_LL3f_mi,6
316,190,149,231,643,294,349,0,1,4,p_1.30.24_LL3f_mi,6
317,176,138,224,671,308,363,0,1,4,p_1.30.24_LL3f_mi,6
318,171,142,221,677,307,370,0,1,4,p_1.30.24_LL3f_mi,6
319,176,151,226,661,299,362,0,1,4,p_1.30.24_LL3f_mi,6
320,170,137,226,655,299,356,0,1,4,p_1.30.24_LL3f_mi,6
321,178,136,229,644,314,330,0,1,4,p_1.30.24_LL3f_mi,6
322,163,127,213,691,351,340,0,1,4,p_1.30.24_LL3f_mi,6
323,169,125,216,688,365,323,0,1,4,p_1.30.24_LL3f_mi,6
324,173,130,224,669,362,307,0,1,4,p_1.30.24_LL3f_mi,6
325,174,130,224,662,331,331,0,1,4,p_1.30.24_LL3f_mi,6
326,163,137,211,701,345,356,0,1,4,p_1.30.24_LL3f_mi,6
327,180,138,222,669,339,330,0,1,4,p_1.30.24_LL3f_mi,6
328,179,145,221,673,333,340,0,1,4,p_1.30.24_LL3f_mi,6
329,174,137,221,673,331,342,0,1,4,p_1.30.24_LL3f_mi,6
330,171,132,230,640,309,331,0,1,4,p_1.30.24_LL3f_mi,6
331,170,133,221,671,312,359,0,1,4,p_1.30.24_LL3f_mi,6
332,179,134,226,652,322,330,0,1,4,p_1.30.24_LL3f_mi,6
333,172,128,224,674,334,340,0,1,4,p_1.30.24_LL3f_mi,6
334,166,129,220,673,320,353,0,1,4,p_1.30.24_LL3f_mi,6
335,174,140,231,646,315,331,0,1,4,p_1.30.24_LL3f_mi,6
336,169,135,220,673,322,351,0,1,4,p_1.30.24_LL3f_mi,6
337,173,135,220,678,339,339,0,1,4,p_1.30.24_LL3f_mi,6
338,176,128,224,662,333,329,0,1,4,p_1.30.24_LL3f_mi,6
339,172,128,220,669,325,344,0,1,4,p_1.30.24_LL3f_mi,6
340,167,132,219,674,324,350,0,1,4,p_1.30.24_LL3f_mi,6
341,170,128,221,672,326,346,0,1,4,p_1.30.24_LL3f_mi,6
342,177,139,224,664,329,335,0,1,4,p_1.30.24_LL3f_mi,6
343,175,139,233,631,328,303,0,1,4,p_1.30.24_LL3f_mi,6
344,174,131,226,662,342,320,0,1,4,p_1.30.24_LL3f_mi,6
345,173,125,224,668,339,329,0,1,4,p_1.30.24_LL3f_mi,6
346,169,136,223,660,334,326,0,1,4,p_1.30.24_LL3f_mi,6
347,184,131,233,630,341,289,0,1,4,p_1.30.24_LL3f_mi,6
348,171,130,222,670,354,316,0,1,4,p_1.30.24_LL3f_mi,6
349,178,136,231,637,329,308,0,1,4,p_1.30.24_LL3f_mi,6
350,173,137,221,668,353,315,0,1,4,p_1.30.24_LL3f_mi,6
1,5,5,7,623,325,298,0,1,5,p_1.30.24_LL3f_mi,6
2,92,85,120,863,462,401,0,1,5,p_1.30.24_LL3f_mi,6
3,142,113,178,776,416,360,0,1,5,p_1.30.24_LL3f_mi,6
4,157,120,207,706,360,346,0,1,5,p_1.30.24_LL3f_mi,6
5,171,129,225,655,326,329,0,1,5,p_1.30.24_LL3f_mi,6
6,169,133,223,666,328,338,0,1,5,p_1.30.24_LL3f_mi,6
7,180,142,226,662,319,343,0,1,5,p_1.30.24_LL3f_mi,6
8,171,138,220,676,324,352,0,1,5,p_1.30.24_LL3f_mi,6
9,174,144,217,683,334,349,0,1,5,p_1.30.24_LL3f_mi,6
10,179,137,225,666,340,326,0,1,5,p_1.30.24_LL3f_mi,6
11,169,136,222,673,338,335,0,1,5,p_1.30.24_LL3f_mi,6
12,172,128,218,682,339,343,0,1,5,p_1.30.24_LL3f_mi,6
13,178,137,228,650,340,310,0,1,5,p_1.30.24_LL3f_mi,6
14,181,131,225,661,361,300,0,1,5,p_1.30.24_LL3f_mi,6
15,177,137,227,657,348,309,0,1,5,p_1.30.24_LL3f_mi,6
16,173,138,225,662,335,327,0,1,5,p_1.30.24_LL3f_mi,6
17,175,140,222,672,321,351,0,1,5,p_1.30.24_LL3f_mi,6
18,173,134,224,663,320,343,0,1,5,p_1.30.24_LL3f_mi,6
19,177,145,221,675,328,347,0,1,5,p_1.30.24_LL3f_mi,6
20,176,132,225,666,321,345,0,1,5,p_1.30.24_LL3f_mi,6
21,171,134,219,671,324,347,0,1,5,p_1.30.24_LL3f_mi,6
22,176,144,228,651,314,337,0,1,5,p_1.30.24_LL3f_mi,6
23,172,134,221,673,318,355,0,1,5,p_1.30.24_LL3f_mi,6
24,173,128,226,656,310,346,0,1,5,p_1.30.24_LL3f_mi,6
25,182,144,231,638,291,347,0,1,5,p_1.30.24_LL3f_mi,6
26,160,128,207,706,325,381,0,1,5,p_1.30.24_LL3f_mi,6
27,178,143,219,675,325,350,0,1,5,p_1.30.24_LL3f_mi,6
28,179,142,231,644,327,317,0,1,5,p_1.30.24_LL3f_mi,6
29,177,131,227,661,343,318,0,1,5,p_1.30.24_LL3f_mi,6
30,178,133,231,635,324,311,0,1,5,p_1.30.24_LL3f_mi,6
31,179,137,227,662,335,327,0,1,5,p_1.30.24_LL3f_mi,6
32,170,137,216,683,345,338,0,1,5,p_1.30.24_LL3f_mi,6
33,170,135,220,672,328,344,0,1,5,p_1.30.24_LL3f_mi,6
34,171,136,230,641,311,330,0,1,5,p_1.30.24_LL3f_mi,6
35,168,130,226,649,322,327,0,1,5,p_1.30.24_LL3f_mi,6
36,177,137,226,656,322,334,0,1,5,p_1.30.24_LL3f_mi,6
37,166,131,220,677,337,340,0,1,5,p_1.30.24_LL3f_mi,6
38,180,141,227,660,331,329,0,1,5,p_1.30.24_LL3f_mi,6
39,173,129,225,662,339,323,0,1,5,p_1.30.24_LL3f_mi,6
40,168,134,209,701,358,343,0,1,5,p_1.30.24_LL3f_mi,6
41,176,136,230,637,328,309,0,1,5,p_1.30.24_LL3f_mi,6
42,170,134,218,686,360,326,0,1,5,p_1.30.24_LL3f_mi,6
43,162,129,213,699,358,341,0,1,5,p_1.30.24_LL3f_mi,6
44,170,131,227,657,349,308,0,1,5,p_1.30.24_LL3f_mi,6
45,173,123,228,655,348,307,0,1,5,p_1.30.24_LL3f_mi,6
46,176,144,220,675,351,324,0,1,5,p_1.30.24_LL3f_mi,6
47,178,142,227,658,319,339,0,1,5,p_1.30.24_LL3f_mi,6
48,169,136,217,684,347,337,0,1,5,p_1.30.24_LL3f_mi,6
49,172,139,218,678,345,333,0,1,5,p_1.30.24_LL3f_mi,6
50,174,138,225,660,332,328,0,1,5,p_1.30.24_LL3f_mi,6
51,171,133,216,687,345,342,0,1,5,p_1.30.24_LL3f_mi,6
52,178,134,223,672,329,343,0,1,5,p_1.30.24_LL3f_mi,6
53,170,127,222,670,337,333,0,1,5,p_1.30.24_LL3f_mi,6
54,172,133,221,675,334,341,0,1,5,p_1.30.24_LL3f_mi,6
55,170,128,220,670,326,344,0,1,5,p_1.30.24_LL3f_mi,6
56,183,130,231,641,311,330,0,1,5,p_1.30.24_LL3f_mi,6
57,177,139,228,650,319,331,0,1,5,p_1.30.24_LL3f_mi,6
58,181,138,229,653,329,324,0,1,5,p_1.30.24_LL3f_mi,6
59,165,133,214,693,352,341,0,1,5,p_1.30.24_LL3f_mi,6
60,176,140,222,670,331,339,0,1,5,p_1.30.24_LL3f_mi,6
61,178,137,228,654,318,336,0,1,5,p_1.30.24_LL3f_mi,6
62,174,130,220,673,321,352,0,1,5,p_1.30.24_LL3f_mi,6
63,180,138,224,660,329,331,0,1,5,p_1.30.24_LL3f_mi,6
64,176,131,223,676,356,320,0,1,5,p_1.30.24_LL3f_mi,6
65,174,136,217,683,361,322,0,1,5,p_1.30.24_LL3f_mi,6
66,170,128,218,674,367,307,0,1,5,p_1.30.24_LL3f_mi,6
67,178,128,224,659,367,292,0,1,5,p_1.30.24_LL3f_mi,6
68,172,130,223,669,362,307,0,1,5,p_1.30.24_LL3f_mi,6
69,167,134,218,680,362,318,0,1,5,p_1.30.24_LL3f_mi,6
70,160,120,215,693,370,323,0,1,5,p_1.30.24_LL3f_mi,6
71,167,124,219,674,366,308,0,1,5,p_1.30.24_LL3f_mi,6
72,174,135,225,658,345,313,0,1,5,p_1.30.24_LL3f_mi,6
73,176,135,228,655,332,323,0,1,5,p_1.30.24_LL3f_mi,6
74,164,129,215,691,337,354,0,1,5,p_1.30.24_LL3f_mi,6
75,161,131,219,676,308,368,0,1,5,p_1.30.24_LL3f_mi,6
76,169,142,211,702,322,380,0,1,5,p_1.30.24_LL3f_mi,6
77,176,138,229,644,288,356,0,1,5,p_1.30.24_LL3f_mi,6
78,178,136,225,655,296,359,0,1,5,p_1.30.24_LL3f_mi,6
79,182,144,228,646,302,344,0,1,5,p_1.30.24_LL3f_mi,6
80,186,134,234,633,310,323,0,1,5,p_1.30.24_LL3f_mi,6
81,178,131,233,641,327,314,0,1,5,p_1.30.24_LL3f_mi,6
82,176,137,222,671,348,323,0,1,5,p_1.30.24_LL3f_mi,6
83,173,130,218,681,367,314,0,1,5,p_1.30.24_LL3f_mi,6
84,169,131,224,666,335,331,0,1,5,p_1.30.24_LL3f_mi,6
85,171,131,231,639,316,323,0,1,5,p_1.30.24_LL3f_mi,6
86,176,137,228,656,330,326,0,1,5,p_1.30.24_LL3f_mi,6
87,163,132,223,660,334,326,0,1,5,p_1.30.24_LL3f_mi,6
88,179,138,226,656,333,323,0,1,5,p_1.30.24_LL3f_mi,6
89,166,130,219,682,336,346,0,1,5,p_1.30.24_LL3f_mi,6
90,171,124,222,672,334,338,0,1,5,p_1.30.24_LL3f_mi,6
91,172,129,223,671,327,344,0,1,5,p_1.30.24_LL3f_mi,6
92,172,138,222,672,337,335,0,1,5,p_1.30.24_LL3f_mi,6
93,176,139,223,667,340,327,0,1,5,p_1.30.24_LL3f_mi,6
94,173,137,223,665,335,330,0,1,5,p_1.30.24_LL3f_mi,6
95,175,129,229,650,309,341,0,1,5,p_1.30.24_LL3f_mi,6
96,164,135,215,689,337,352,0,1,5,p_1.30.24_LL3f_mi,6
97,185,129,234,639,298,341,0,1,5,p_1.30.24_LL3f_mi,6
98,179,144,229,653,300,353,0,1,5,p_1.30.24_LL3f_mi,6
99,176,132,227,662,307,355,0,1,5,p_1.30.24_LL3f_mi,6
100,157,124,194,666,322,344,0,1,5,p_1.30.24_LL3f_mi,6
101,105,95,134,694,336,358,0,1,5,p_1.30.24_LL3f_mi,6
102,123,99,152,585,288,297,0,1,5,p_1.30.24_LL3f_mi,6
103,119,99,146,521,255,266,0,1,5,p_1.30.24_LL3f_mi,6
104,101,79,128,478,225,253,0,1,5,p_1.30.24_LL3f_mi,6
105,86,70,107,443,188,255,0,1,5,p_1.30.24_LL3f_mi,6
106,66,58,86,402,165,237,0,1,5,p_1.30.24_LL3f_mi,6
107,66,55,82,329,149,180,0,1,5,p_1.30.24_LL3f_mi,6
108,46,43,57,303,146,157,0,1,5,p_1.30.24_LL3f_mi,6
109,44,34,55,231,120,111,0,1,5,p_1.30.24_LL3f_mi,6
110,22,21,31,212,107,105,0,1,5,p_1.30.24_LL3f_mi,6
111,31,28,38,155,80,75,0,1,5,p_1.30.24_LL3f_mi,6
112,27,24,36,128,66,62,0,1,5,p_1.30.24_LL3f_mi,6
113,29,23,36,125,57,68,0,1,5,p_1.30.24_LL3f_mi,6
114,26,20,34,120,54,66,0,1,5,p_1.30.24_LL3f_mi,6
115,28,23,33,101,42,59,0,1,5,p_1.30.24_LL3f_mi,6
116,24,19,33,100,45,55,0,1,5,p_1.30.24_LL3f_mi,6
117,23,18,32,97,48,49,0,1,5,p_1.30.24_LL3f_mi,6
118,28,23,34,97,47,50,0,1,5,p_1.30.24_LL3f_mi,6
119,27,19,35,100,49,51,0,1,5,p_1.30.24_LL3f_mi,6
120,26,19,34,99,55,44,0,1,5,p_1.30.24_LL3f_mi,6
121,26,21,32,98,50,48,0,1,5,p_1.30.24_LL3f_mi,6
122,27,20,36,100,45,55,0,1,5,p_1.30.24_LL3f_mi,6
123,25,21,34,105,51,54,0,1,5,p_1.30.24_LL3f_mi,6
124,26,22,33,100,51,49,0,1,5,p_1.30.24_LL3f_mi,6
125,29,25,37,118,57,61,16,1,5,p_1.30.24_LL3f_mi,6
126,27,22,36,126,62,64,10,1,5,p_1.30.24_LL3f_mi,6
127,26,20,36,123,71,52,8,1,5,p_1.30.24_LL3f_mi,6
128,25,16,36,115,71,44,3,1,5,p_1.30.24_LL3f_mi,6
129,27,23,38,118,67,51,0,1,5,p_1.30.24_LL3f_mi,6
130,28,23,37,119,65,54,0,1,5,p_1.30.24_LL3f_mi,6
131,26,20,36,121,65,56,0,1,5,p_1.30.24_LL3f_mi,6
132,28,22,36,116,60,56,0,1,5,p_1.30.24_LL3f_mi,6
133,29,23,36,116,56,60,0,1,5,p_1.30.24_LL3f_mi,6
134,29,24,36,116,57,59,0,1,5,p_1.30.24_LL3f_mi,6
135,26,23,34,113,60,53,0,1,5,p_1.30.24_LL3f_mi,6
136,28,20,34,110,55,55,0,1,5,p_1.30.24_LL3f_mi,6
137,26,22,34,104,55,49,0,1,5,p_1.30.24_LL3f_mi,6
138,29,24,35,113,56,57,0,1,5,p_1.30.24_LL3f_mi,6
139,23,18,32,92,50,42,0,1,5,p_1.30.24_LL3f_mi,6
140,24,18,36,119,67,52,19,1,5,p_1.30.24_LL3f_mi,6
141,28,17,35,115,60,55,13,1,5,p_1.30.24_LL3f_mi,6
142,28,27,35,104,55,49,4,1,5,p_1.30.24_LL3f_mi,6
143,25,21,32,103,52,51,2,1,5,p_1.30.24_LL3f_mi,6
144,27,19,33,103,58,45,1,1,5,p_1.30.24_LL3f_mi,6
145,23,17,33,103,55,48,0,1,5,p_1.30.24_LL3f_mi,6
146,23,19,30,90,44,46,0,1,5,p_1.30.24_LL3f_mi,6
147,22,17,30,82,38,44,0,1,5,p_1.30.24_LL3f_mi,6
148,26,20,33,95,41,54,0,1,5,p_1.30.24_LL3f_mi,6
149,27,22,33,99,42,57,0,1,5,p_1.30.24_LL3f_mi,6
150,28,21,33,96,38,58,0,1,5,p_1.30.24_LL3f_mi,6
151,39,29,54,103,41,62,0,1,5,p_1.30.24_LL3f_mi,6
152,50,37,77,120,52,68,0,1,5,p_1.30.24_LL3f_mi,6
153,68,49,102,153,69,84,0,1,5,p_1.30.24_LL3f_mi,6
154,87,58,128,205,90,115,0,1,5,p_1.30.24_LL3f_mi,6
155,120,82,162,298,143,155,20,1,5,p_1.30.24_LL3f_mi,6
156,140,96,180,364,181,183,9,1,5,p_1.30.24_LL3f_mi,6
157,145,110,194,444,232,212,9,1,5,p_1.30.24_LL3f_mi,6
158,161,124,205,515,253,262,4,1,5,p_1.30.24_LL3f_mi,6
159,165,129,223,555,272,283,2,1,5,p_1.30.24_LL3f_mi,6
160,189,147,242,592,306,286,0,1,5,p_1.30.24_LL3f_mi,6
161,178,132,228,651,332,319,0,1,5,p_1.30.24_LL3f_mi,6
162,174,126,219,681,319,362,0,1,5,p_1.30.24_LL3f_mi,6
163,170,129,226,653,313,340,0,1,5,p_1.30.24_LL3f_mi,6
164,171,137,225,660,303,357,0,1,5,p_1.30.24_LL3f_mi,6
165,165,137,216,681,319,362,0,1,5,p_1.30.24_LL3f_mi,6
166,178,134,227,657,303,354,0,1,5,p_1.30.24_LL3f_mi,6
167,173,135,221,673,303,370,0,1,5,p_1.30.24_LL3f_mi,6
168,177,139,221,674,307,367,0,1,5,p_1.30.24_LL3f_mi,6
169,167,135,215,689,331,358,0,1,5,p_1.30.24_LL3f_mi,6
170,162,130,216,689,336,353,16,1,5,p_1.30.24_LL3f_mi,6
171,176,139,228,652,317,335,7,1,5,p_1.30.24_LL3f_mi,6
172,179,138,229,651,313,338,5,1,5,p_1.30.24_LL3f_mi,6
173,177,134,223,665,313,352,3,1,5,p_1.30.24_LL3f_mi,6
174,171,134,220,679,315,364,1,1,5,p_1.30.24_LL3f_mi,6
175,171,137,224,661,325,336,0,1,5,p_1.30.24_LL3f_mi,6
176,156,129,204,718,367,351,0,1,5,p_1.30.24_LL3f_mi,6
177,176,141,233,641,327,314,0,1,5,p_1.30.24_LL3f_mi,6
178,180,135,233,639,337,302,0,1,5,p_1.30.24_LL3f_mi,6
179,178,138,220,670,342,328,0,1,5,p_1.30.24_LL3f_mi,6
180,169,124,222,664,334,330,0,1,5,p_1.30.24_LL3f_mi,6
181,169,134,222,668,340,328,0,1,5,p_1.30.24_LL3f_mi,6
182,176,130,224,663,346,317,0,1,5,p_1.30.24_LL3f_mi,6
183,178,139,231,648,327,321,0,1,5,p_1.30.24_LL3f_mi,6
184,176,137,224,661,325,336,0,1,5,p_1.30.24_LL3f_mi,6
185,175,132,228,657,329,328,0,1,5,p_1.30.24_LL3f_mi,6
186,175,139,222,669,334,335,0,1,5,p_1.30.24_LL3f_mi,6
187,161,131,214,691,344,347,0,1,5,p_1.30.24_LL3f_mi,6
188,169,132,226,651,321,330,0,1,5,p_1.30.24_LL3f_mi,6
189,168,140,223,662,311,351,0,1,5,p_1.30.24_LL3f_mi,6
190,172,129,226,660,321,339,0,1,5,p_1.30.24_LL3f_mi,6
191,179,141,233,640,300,340,0,1,5,p_1.30.24_LL3f_mi,6
192,173,130,221,677,321,356,0,1,5,p_1.30.24_LL3f_mi,6
193,183,139,227,652,319,333,0,1,5,p_1.30.24_LL3f_mi,6
194,171,131,223,667,328,339,0,1,5,p_1.30.24_LL3f_mi,6
195,165,124,216,686,355,331,0,1,5,p_1.30.24_LL3f_mi,6
196,171,128,220,674,341,333,0,1,5,p_1.30.24_LL3f_mi,6
197,185,146,229,657,333,324,0,1,5,p_1.30.24_LL3f_mi,6
198,178,133,225,666,336,330,0,1,5,p_1.30.24_LL3f_mi,6
199,180,137,227,658,331,327,0,1,5,p_1.30.24_LL3f_mi,6
200,169,131,220,672,325,347,0,1,5,p_1.30.24_LL3f_mi,6
201,163,129,210,705,351,354,0,1,5,p_1.30.24_LL3f_mi,6
202,181,140,228,655,320,335,0,1,5,p_1.30.24_LL3f_mi,6
203,188,139,233,637,308,329,0,1,5,p_1.30.24_LL3f_mi,6
204,185,144,226,659,319,340,0,1,5,p_1.30.24_LL3f_mi,6
205,171,134,222,666,321,345,0,1,5,p_1.30.24_LL3f_mi,6
206,173,135,225,661,334,327,0,1,5,p_1.30.24_LL3f_mi,6
207,170,134,217,681,343,338,0,1,5,p_1.30.24_LL3f_mi,6
208,170,135,227,654,324,330,0,1,5,p_1.30.24_LL3f_mi,6
209,176,136,233,638,328,310,0,1,5,p_1.30.24_LL3f_mi,6
210,173,131,222,663,333,330,0,1,5,p_1.30.24_LL3f_mi,6
211,168,139,215,686,336,350,0,1,5,p_1.30.24_LL3f_mi,6
212,163,130,220,680,331,349,0,1,5,p_1.30.24_LL3f_mi,6
213,173,134,227,654,328,326,0,1,5,p_1.30.24_LL3f_mi,6
214,169,135,220,677,333,344,0,1,5,p_1.30.24_LL3f_mi,6
215,176,144,221,676,333,343,0,1,5,p_1.30.24_LL3f_mi,6
216,169,134,214,696,340,356,0,1,5,p_1.30.24_LL3f_mi,6
217,181,137,225,661,326,335,0,1,5,p_1.30.24_LL3f_mi,6
218,172,137,228,652,329,323,0,1,5,p_1.30.24_LL3f_mi,6
219,178,136,225,661,342,319,0,1,5,p_1.30.24_LL3f_mi,6
220,167,132,220,677,341,336,0,1,5,p_1.30.24_LL3f_mi,6
221,164,129,218,685,352,333,0,1,5,p_1.30.24_LL3f_mi,6
222,165,130,212,692,347,345,0,1,5,p_1.30.24_LL3f_mi,6
223,179,138,224,664,350,314,0,1,5,p_1.30.24_LL3f_mi,6
224,170,127,219,679,368,311,0,1,5,p_1.30.24_LL3f_mi,6
225,173,129,223,667,339,328,0,1,5,p_1.30.24_LL3f_mi,6
226,164,130,213,696,359,337,0,1,5,p_1.30.24_LL3f_mi,6
227,182,133,221,670,341,329,0,1,5,p_1.30.24_LL3f_mi,6
228,175,134,220,671,328,343,0,1,5,p_1.30.24_LL3f_mi,6
229,169,127,222,672,332,340,0,1,5,p_1.30.24_LL3f_mi,6
230,169,134,220,679,333,346,0,1,5,p_1.30.24_LL3f_mi,6
231,164,134,215,688,344,344,0,1,5,p_1.30.24_LL3f_mi,6
232,166,133,217,684,333,351,0,1,5,p_1.30.24_LL3f_mi,6
233,177,135,225,661,318,343,0,1,5,p_1.30.24_LL3f_mi,6
234,173,133,216,684,341,343,0,1,5,p_1.30.24_LL3f_mi,6
235,180,139,232,630,318,312,0,1,5,p_1.30.24_LL3f_mi,6
236,185,139,232,642,317,325,0,1,5,p_1.30.24_LL3f_mi,6
237,183,137,236,631,326,305,0,1,5,p_1.30.24_LL3f_mi,6
238,177,135,223,675,337,338,0,1,5,p_1.30.24_LL3f_mi,6
239,164,126,218,678,350,328,0,1,5,p_1.30.24_LL3f_mi,6
240,166,131,210,700,370,330,0,1,5,p_1.30.24_LL3f_mi,6
241,163,138,220,672,327,345,0,1,5,p_1.30.24_LL3f_mi,6
242,166,133,221,669,325,344,0,1,5,p_1.30.24_LL3f_mi,6
243,177,139,228,654,328,326,0,1,5,p_1.30.24_LL3f_mi,6
244,175,138,225,670,323,347,0,1,5,p_1.30.24_LL3f_mi,6
245,173,137,221,671,346,325,0,1,5,p_1.30.24_LL3f_mi,6
246,162,125,211,700,345,355,0,1,5,p_1.30.24_LL3f_mi,6
247,172,138,224,666,324,342,0,1,5,p_1.30.24_LL3f_mi,6
248,178,144,223,661,318,343,0,1,5,p_1.30.24_LL3f_mi,6
249,175,138,226,658,314,344,0,1,5,p_1.30.24_LL3f_mi,6
250,173,132,229,645,319,326,0,1,5,p_1.30.24_LL3f_mi,6
251,161,136,208,710,343,367,0,1,5,p_1.30.24_LL3f_mi,6
252,175,134,222,670,328,342,0,1,5,p_1.30.24_LL3f_mi,6
253,176,131,229,651,323,328,0,1,5,p_1.30.24_LL3f_mi,6
254,175,140,227,655,320,335,0,1,5,p_1.30.24_LL3f_mi,6
255,182,144,225,668,322,346,0,1,5,p_1.30.24_LL3f_mi,6
256,167,130,221,671,317,354,0,1,5,p_1.30.24_LL3f_mi,6
257,170,140,220,677,315,362,0,1,5,p_1.30.24_LL3f_mi,6
258,173,144,224,668,308,360,0,1,5,p_1.30.24_LL3f_mi,6
259,171,131,227,657,320,337,0,1,5,p_1.30.24_LL3f_mi,6
260,158,138,213,690,334,356,0,1,5,p_1.30.24_LL3f_mi,6
261,168,133,218,677,321,356,0,1,5,p_1.30.24_LL3f_mi,6
262,175,136,224,660,304,356,0,1,5,p_1.30.24_LL3f_mi,6
263,179,143,228,652,304,348,0,1,5,p_1.30.24_LL3f_mi,6
264,175,139,218,680,335,345,0,1,5,p_1.30.24_LL3f_mi,6
265,172,129,221,673,340,333,0,1,5,p_1.30.24_LL3f_mi,6
266,175,143,229,648,326,322,0,1,5,p_1.30.24_LL3f_mi,6
267,174,127,227,652,332,320,0,1,5,p_1.30.24_LL3f_mi,6
268,166,129,219,680,333,347,0,1,5,p_1.30.24_LL3f_mi,6
269,180,137,220,676,333,343,0,1,5,p_1.30.24_LL3f_mi,6
270,172,131,226,664,336,328,0,1,5,p_1.30.24_LL3f_mi,6
271,168,122,219,674,349,325,0,1,5,p_1.30.24_LL3f_mi,6
272,179,138,232,640,310,330,0,1,5,p_1.30.24_LL3f_mi,6
273,179,146,224,656,313,343,0,1,5,p_1.30.24_LL3f_mi,6
274,177,141,227,656,328,328,0,1,5,p_1.30.24_LL3f_mi,6
275,181,131,229,646,327,319,0,1,5,p_1.30.24_LL3f_mi,6
276,163,130,208,711,359,352,0,1,5,p_1.30.24_LL3f_mi,6
277,169,127,226,653,334,319,0,1,5,p_1.30.24_LL3f_mi,6
278,178,140,223,666,326,340,0,1,5,p_1.30.24_LL3f_mi,6
279,183,134,231,640,310,330,0,1,5,p_1.30.24_LL3f_mi,6
280,176,141,228,650,327,323,0,1,5,p_1.30.24_LL3f_mi,6
281,180,141,230,641,323,318,0,1,5,p_1.30.24_LL3f_mi,6
282,170,138,227,653,345,308,0,1,5,p_1.30.24_LL3f_mi,6
283,177,127,221,678,344,334,0,1,5,p_1.30.24_LL3f_mi,6
284,175,129,225,652,347,305,0,1,5,p_1.30.24_LL3f_mi,6
285,178,127,225,661,347,314,0,1,5,p_1.30.24_LL3f_mi,6
286,168,129,219,675,337,338,0,1,5,p_1.30.24_LL3f_mi,6
287,179,142,223,662,313,349,0,1,5,p_1.30.24_LL3f_mi,6
288,170,134,220,673,324,349,0,1,5,p_1.30.24_LL3f_mi,6
289,169,140,218,678,323,355,0,1,5,p_1.30.24_LL3f_mi,6
290,176,142,225,657,327,330,0,1,5,p_1.30.24_LL3f_mi,6
291,169,134,217,680,330,350,0,1,5,p_1.30.24_LL3f_mi,6
292,166,128,223,662,321,341,0,1,5,p_1.30.24_LL3f_mi,6
293,174,132,223,668,329,339,0,1,5,p_1.30.24_LL3f_mi,6
294,170,135,228,646,329,317,0,1,5,p_1.30.24_LL3f_mi,6
295,181,132,232,641,328,313,0,1,5,p_1.30.24_LL3f_mi,6
296,175,137,225,657,333,324,0,1,5,p_1.30.24_LL3f_mi,6
297,175,138,224,660,347,313,0,1,5,p_1.30.24_LL3f_mi,6
298,173,136,222,671,347,324,0,1,5,p_1.30.24_LL3f_mi,6
299,170,130,224,667,327,340,0,1,5,p_1.30.24_LL3f_mi,6
300,175,134,225,658,306,352,0,1,5,p_1.30.24_LL3f_mi,6
301,154,128,200,726,334,392,0,1,5,p_1.30.24_LL3f_mi,6
302,177,138,226,659,309,350,0,1,5,p_1.30.24_LL3f_mi,6
303,180,146,222,670,314,356,0,1,5,p_1.30.24_LL3f_mi,6
304,187,146,227,659,299,360,0,1,5,p_1.30.24_LL3f_mi,6
305,173,135,224,663,314,349,0,1,5,p_1.30.24_LL3f_mi,6
306,180,145,225,661,312,349,0,1,5,p_1.30.24_LL3f_mi,6
307,179,133,227,659,320,339,0,1,5,p_1.30.24_LL3f_mi,6
308,177,132,228,654,330,324,0,1,5,p_1.30.24_LL3f_mi,6
309,172,139,225,661,327,334,0,1,5,p_1.30.24_LL3f_mi,6
310,172,138,223,664,342,322,0,1,5,p_1.30.24_LL3f_mi,6
311,162,141,214,695,368,327,0,1,5,p_1.30.24_LL3f_mi,6
312,175,130,224,666,364,302,0,1,5,p_1.30.24_LL3f_mi,6
313,175,130,222,674,362,312,0,1,5,p_1.30.24_LL3f_mi,6
314,171,130,222,666,351,315,0,1,5,p_1.30.24_LL3f_mi,6
315,175,139,221,675,347,328,0,1,5,p_1.30.24_LL3f_mi,6
316,178,137,225,665,333,332,0,1,5,p_1.30.24_LL3f_mi,6
317,177,135,221,674,318,356,0,1,5,p_1.30.24_LL3f_mi,6
318,169,137,216,693,340,353,0,1,5,p_1.30.24_LL3f_mi,6
319,176,135,225,664,340,324,0,1,5,p_1.30.24_LL3f_mi,6
320,169,135,215,689,357,332,0,1,5,p_1.30.24_LL3f_mi,6
321,177,127,223,671,336,335,0,1,5,p_1.30.24_LL3f_mi,6
322,180,132,232,639,312,327,0,1,5,p_1.30.24_LL3f_mi,6
323,172,134,223,673,348,325,0,1,5,p_1.30.24_LL3f_mi,6
324,170,125,219,676,336,340,0,1,5,p_1.30.24_LL3f_mi,6
325,182,137,233,649,295,354,0,1,5,p_1.30.24_LL3f_mi,6
326,155,127,201,719,323,396,0,1,5,p_1.30.24_LL3f_mi,6
327,168,137,220,679,302,377,0,1,5,p_1.30.24_LL3f_mi,6
328,174,138,221,674,295,379,0,1,5,p_1.30.24_LL3f_mi,6
329,169,139,220,683,317,366,0,1,5,p_1.30.24_LL3f_mi,6
330,169,136,227,655,320,335,0,1,5,p_1.30.24_LL3f_mi,6
331,178,136,225,664,338,326,0,1,5,p_1.30.24_LL3f_mi,6
332,173,143,225,667,343,324,0,1,5,p_1.30.24_LL3f_mi,6
333,172,130,224,659,338,321,0,1,5,p_1.30.24_LL3f_mi,6
334,171,129,227,646,323,323,0,1,5,p_1.30.24_LL3f_mi,6
335,181,130,229,648,324,324,0,1,5,p_1.30.24_LL3f_mi,6
336,173,136,226,660,322,338,0,1,5,p_1.30.24_LL3f_mi,6
337,169,124,218,677,338,339,0,1,5,p_1.30.24_LL3f_mi,6
338,173,133,223,671,343,328,0,1,5,p_1.30.24_LL3f_mi,6
339,168,139,212,695,348,347,0,1,5,p_1.30.24_LL3f_mi,6
340,169,134,223,666,338,328,0,1,5,p_1.30.24_LL3f_mi,6
341,166,128,215,691,357,334,0,1,5,p_1.30.24_LL3f_mi,6
342,177,138,224,669,347,322,0,1,5,p_1.30.24_LL3f_mi,6
343,170,132,220,677,355,322,0,1,5,p_1.30.24_LL3f_mi,6
344,174,129,226,654,335,319,0,1,5,p_1.30.24_LL3f_mi,6
345,180,140,228,647,322,325,0,1,5,p_1.30.24_LL3f_mi,6
346,180,144,229,650,309,341,0,1,5,p_1.30.24_LL3f_mi,6
347,175,129,227,659,318,341,0,1,5,p_1.30.24_LL3f_mi,6
348,166,125,215,683,322,361,0,1,5,p_1.30.24_LL3f_mi,6
349,177,141,221,678,338,340,0,1,5,p_1.30.24_LL3f_mi,6
350,166,127,215,688,336,352,0,1,5,p_1.30.24_LL3f_mi,6
1,8,8,12,615,309,306,0,1,1,p_1.30.24_LL3f_mi,7
2,85,76,116,866,440,426,0,1,1,p_1.30.24_LL3f_mi,7
3,139,119,177,772,391,381,0,1,1,p_1.30.24_LL3f_mi,7
4,160,129,212,703,357,346,0,1,1,p_1.30.24_LL3f_mi,7
5,183,138,227,657,332,325,0,1,1,p_1.30.24_LL3f_mi,7
6,170,134,220,674,334,340,0,1,1,p_1.30.24_LL3f_mi,7
7,174,138,230,646,330,316,0,1,1,p_1.30.24_LL3f_mi,7
8,178,131,229,655,326,329,0,1,1,p_1.30.24_LL3f_mi,7
9,173,137,219,677,357,320,0,1,1,p_1.30.24_LL3f_mi,7
10,177,139,223,665,339,326,0,1,1,p_1.30.24_LL3f_mi,7
11,175,136,226,658,336,322,0,1,1,p_1.30.24_LL3f_mi,7
12,177,143,228,646,316,330,0,1,1,p_1.30.24_LL3f_mi,7
13,167,130,217,682,337,345,0,1,1,p_1.30.24_LL3f_mi,7
14,175,129,224,666,337,329,0,1,1,p_1.30.24_LL3f_mi,7
15,173,134,224,666,328,338,0,1,1,p_1.30.24_LL3f_mi,7
16,176,138,227,655,306,349,0,1,1,p_1.30.24_LL3f_mi,7
17,170,132,223,669,315,354,0,1,1,p_1.30.24_LL3f_mi,7
18,180,139,232,635,311,324,0,1,1,p_1.30.24_LL3f_mi,7
19,169,137,225,657,319,338,0,1,1,p_1.30.24_LL3f_mi,7
20,181,145,227,654,335,319,0,1,1,p_1.30.24_LL3f_mi,7
21,168,132,220,672,344,328,0,1,1,p_1.30.24_LL3f_mi,7
22,180,139,230,642,322,320,0,1,1,p_1.30.24_LL3f_mi,7
23,177,141,229,651,332,319,0,1,1,p_1.30.24_LL3f_mi,7
24,165,128,214,694,358,336,0,1,1,p_1.30.24_LL3f_mi,7
25,173,136,226,663,338,325,0,1,1,p_1.30.24_LL3f_mi,7
26,163,130,206,713,364,349,0,1,1,p_1.30.24_LL3f_mi,7
27,177,136,229,653,328,325,0,1,1,p_1.30.24_LL3f_mi,7
28,169,139,218,674,332,342,0,1,1,p_1.30.24_LL3f_mi,7
29,169,128,218,679,337,342,0,1,1,p_1.30.24_LL3f_mi,7
30,181,140,229,652,324,328,0,1,1,p_1.30.24_LL3f_mi,7
31,182,137,228,647,321,326,0,1,1,p_1.30.24_LL3f_mi,7
32,168,142,219,674,318,356,0,1,1,p_1.30.24_LL3f_mi,7
33,168,132,221,668,327,341,0,1,1,p_1.30.24_LL3f_mi,7
34,175,131,230,649,312,337,0,1,1,p_1.30.24_LL3f_mi,7
35,170,132,222,670,322,348,0,1,1,p_1.30.24_LL3f_mi,7
36,184,141,230,646,317,329,0,1,1,p_1.30.24_LL3f_mi,7
37,176,138,227,648,333,315,0,1,1,p_1.30.24_LL3f_mi,7
38,174,131,228,650,333,317,0,1,1,p_1.30.24_LL3f_mi,7
39,176,134,225,667,342,325,0,1,1,p_1.30.24_LL3f_mi,7
40,184,139,227,660,334,326,0,1,1,p_1.30.24_LL3f_mi,7
41,175,136,221,672,344,328,0,1,1,p_1.30.24_LL3f_mi,7
42,169,137,221,678,341,337,0,1,1,p_1.30.24_LL3f_mi,7
43,177,128,226,661,327,334,0,1,1,p_1.30.24_LL3f_mi,7
44,175,138,222,670,312,358,0,1,1,p_1.30.24_LL3f_mi,7
45,166,130,219,679,307,372,0,1,1,p_1.30.24_LL3f_mi,7
46,175,142,231,637,308,329,0,1,1,p_1.30.24_LL3f_mi,7
47,170,133,222,668,315,353,0,1,1,p_1.30.24_LL3f_mi,7
48,181,146,229,651,295,356,0,1,1,p_1.30.24_LL3f_mi,7
49,180,137,232,634,289,345,0,1,1,p_1.30.24_LL3f_mi,7
50,177,132,226,658,309,349,0,1,1,p_1.30.24_LL3f_mi,7
51,164,141,206,714,339,375,0,1,1,p_1.30.24_LL3f_mi,7
52,179,137,225,662,329,333,0,1,1,p_1.30.24_LL3f_mi,7
53,176,138,229,649,332,317,0,1,1,p_1.30.24_LL3f_mi,7
54,172,136,223,666,333,333,0,1,1,p_1.30.24_LL3f_mi,7
55,170,131,223,660,328,332,0,1,1,p_1.30.24_LL3f_mi,7
56,172,140,220,669,332,337,0,1,1,p_1.30.24_LL3f_mi,7
57,176,136,227,654,315,339,0,1,1,p_1.30.24_LL3f_mi,7
58,181,144,223,667,331,336,0,1,1,p_1.30.24_LL3f_mi,7
59,172,140,219,675,343,332,0,1,1,p_1.30.24_LL3f_mi,7
60,170,133,216,688,352,336,0,1,1,p_1.30.24_LL3f_mi,7
61,179,137,229,646,325,321,0,1,1,p_1.30.24_LL3f_mi,7
62,182,134,226,659,335,324,0,1,1,p_1.30.24_LL3f_mi,7
63,165,132,212,690,349,341,0,1,1,p_1.30.24_LL3f_mi,7
64,178,143,227,654,323,331,0,1,1,p_1.30.24_LL3f_mi,7
65,183,138,228,655,332,323,0,1,1,p_1.30.24_LL3f_mi,7
66,174,121,220,675,353,322,0,1,1,p_1.30.24_LL3f_mi,7
67,168,137,216,691,359,332,0,1,1,p_1.30.24_LL3f_mi,7
68,173,134,224,662,337,325,0,1,1,p_1.30.24_LL3f_mi,7
69,179,133,230,642,332,310,0,1,1,p_1.30.24_LL3f_mi,7
70,175,138,227,658,326,332,0,1,1,p_1.30.24_LL3f_mi,7
71,171,134,214,692,346,346,0,1,1,p_1.30.24_LL3f_mi,7
72,173,124,220,672,321,351,0,1,1,p_1.30.24_LL3f_mi,7
73,179,136,233,638,300,338,0,1,1,p_1.30.24_LL3f_mi,7
74,179,139,231,642,325,317,0,1,1,p_1.30.24_LL3f_mi,7
75,178,132,229,644,327,317,0,1,1,p_1.30.24_LL3f_mi,7
76,161,127,209,705,360,345,0,1,1,p_1.30.24_LL3f_mi,7
77,173,140,226,654,327,327,0,1,1,p_1.30.24_LL3f_mi,7
78,178,132,233,641,337,304,0,1,1,p_1.30.24_LL3f_mi,7
79,174,134,223,671,333,338,0,1,1,p_1.30.24_LL3f_mi,7
80,175,141,227,658,319,339,0,1,1,p_1.30.24_LL3f_mi,7
81,185,142,225,663,316,347,0,1,1,p_1.30.24_LL3f_mi,7
82,176,139,224,671,361,310,0,1,1,p_1.30.24_LL3f_mi,7
83,167,133,217,685,376,309,0,1,1,p_1.30.24_LL3f_mi,7
84,174,127,228,658,361,297,0,1,1,p_1.30.24_LL3f_mi,7
85,163,129,212,693,376,317,0,1,1,p_1.30.24_LL3f_mi,7
86,162,133,208,704,377,327,0,1,1,p_1.30.24_LL3f_mi,7
87,185,137,232,635,330,305,0,1,1,p_1.30.24_LL3f_mi,7
88,173,135,228,649,339,310,0,1,1,p_1.30.24_LL3f_mi,7
89,167,139,223,663,348,315,0,1,1,p_1.30.24_LL3f_mi,7
90,168,134,222,674,361,313,0,1,1,p_1.30.24_LL3f_mi,7
91,182,133,225,667,365,302,0,1,1,p_1.30.24_LL3f_mi,7
92,180,134,231,639,334,305,0,1,1,p_1.30.24_LL3f_mi,7
93,173,130,217,684,350,334,0,1,1,p_1.30.24_LL3f_mi,7
94,169,137,217,685,320,365,0,1,1,p_1.30.24_LL3f_mi,7
95,176,141,222,666,314,352,0,1,1,p_1.30.24_LL3f_mi,7
96,176,140,227,651,293,358,0,1,1,p_1.30.24_LL3f_mi,7
97,182,147,228,655,300,355,0,1,1,p_1.30.24_LL3f_mi,7
98,171,143,220,674,314,360,0,1,1,p_1.30.24_LL3f_mi,7
99,176,139,225,658,319,339,0,1,1,p_1.30.24_LL3f_mi,7
100,151,122,192,659,309,350,0,1,1,p_1.30.24_LL3f_mi,7
101,109,96,148,669,311,358,0,1,1,p_1.30.24_LL3f_mi,7
102,122,99,154,581,279,302,0,1,1,p_1.30.24_LL3f_mi,7
103,99,86,134,543,276,267,0,1,1,p_1.30.24_LL3f_mi,7
104,89,73,114,506,249,257,0,1,1,p_1.30.24_LL3f_mi,7
105,83,65,102,451,231,220,0,1,1,p_1.30.24_LL3f_mi,7
106,71,61,88,394,206,188,0,1,1,p_1.30.24_LL3f_mi,7
107,59,46,76,345,180,165,0,1,1,p_1.30.24_LL3f_mi,7
108,48,43,62,293,145,148,0,1,1,p_1.30.24_LL3f_mi,7
109,32,28,43,251,127,124,0,1,1,p_1.30.24_LL3f_mi,7
110,27,23,36,194,101,93,0,1,1,p_1.30.24_LL3f_mi,7
111,28,22,38,165,89,76,0,1,1,p_1.30.24_LL3f_mi,7
112,30,24,36,138,70,68,0,1,1,p_1.30.24_LL3f_mi,7
113,31,26,37,122,61,61,0,1,1,p_1.30.24_LL3f_mi,7
114,30,26,36,118,61,57,0,1,1,p_1.30.24_LL3f_mi,7
115,27,21,34,103,60,43,0,1,1,p_1.30.24_LL3f_mi,7
116,28,21,35,118,67,51,0,1,1,p_1.30.24_LL3f_mi,7
117,29,22,36,105,57,48,0,1,1,p_1.30.24_LL3f_mi,7
118,28,22,34,102,58,44,0,1,1,p_1.30.24_LL3f_mi,7
119,23,16,33,99,46,53,0,1,1,p_1.30.24_LL3f_mi,7
120,25,19,35,104,52,52,0,1,1,p_1.30.24_LL3f_mi,7
121,29,20,35,106,54,52,0,1,1,p_1.30.24_LL3f_mi,7
122,25,18,33,101,53,48,0,1,1,p_1.30.24_LL3f_mi,7
123,25,19,33,104,53,51,0,1,1,p_1.30.24_LL3f_mi,7
124,26,20,35,109,60,49,0,1,1,p_1.30.24_LL3f_mi,7
125,28,22,37,128,73,55,22,1,1,p_1.30.24_LL3f_mi,7
126,26,18,36,124,67,57,9,1,1,p_1.30.24_LL3f_mi,7
127,29,20,36,120,60,60,6,1,1,p_1.30.24_LL3f_mi,7
128,30,24,35,110,53,57,1,1,1,p_1.30.24_LL3f_mi,7
129,32,25,36,107,54,53,0,1,1,p_1.30.24_LL3f_mi,7
130,25,23,35,115,50,65,0,1,1,p_1.30.24_LL3f_mi,7
131,26,24,34,107,54,53,0,1,1,p_1.30.24_LL3f_mi,7
132,29,20,36,105,56,49,0,1,1,p_1.30.24_LL3f_mi,7
133,26,22,34,106,57,49,0,1,1,p_1.30.24_LL3f_mi,7
134,26,21,34,101,51,50,0,1,1,p_1.30.24_LL3f_mi,7
135,26,20,32,97,51,46,0,1,1,p_1.30.24_LL3f_mi,7
136,24,16,31,89,50,39,0,1,1,p_1.30.24_LL3f_mi,7
137,26,19,33,94,52,42,0,1,1,p_1.30.24_LL3f_mi,7
138,27,21,33,95,51,44,0,1,1,p_1.30.24_LL3f_mi,7
139,26,20,35,103,55,48,0,1,1,p_1.30.24_LL3f_mi,7
140,26,21,37,128,67,61,16,1,1,p_1.30.24_LL3f_mi,7
141,26,21,35,118,58,60,9,1,1,p_1.30.24_LL3f_mi,7
142,26,17,33,106,53,53,3,1,1,p_1.30.24_LL3f_mi,7
143,24,17,32,99,50,49,1,1,1,p_1.30.24_LL3f_mi,7
144,28,24,34,103,46,57,0,1,1,p_1.30.24_LL3f_mi,7
145,27,22,35,113,54,59,0,1,1,p_1.30.24_LL3f_mi,7
146,26,21,34,100,45,55,0,1,1,p_1.30.24_LL3f_mi,7
147,28,21,35,110,57,53,0,1,1,p_1.30.24_LL3f_mi,7
148,26,18,34,108,54,54,0,1,1,p_1.30.24_LL3f_mi,7
149,24,20,32,98,45,53,0,1,1,p_1.30.24_LL3f_mi,7
150,25,19,33,100,50,50,0,1,1,p_1.30.24_LL3f_mi,7
151,55,30,76,108,62,46,0,1,1,p_1.30.24_LL3f_mi,7
152,73,45,96,145,83,62,0,1,1,p_1.30.24_LL3f_mi,7
153,91,56,122,199,107,92,0,1,1,p_1.30.24_LL3f_mi,7
154,109,76,143,275,153,122,0,1,1,p_1.30.24_LL3f_mi,7
155,119,83,159,364,201,163,19,1,1,p_1.30.24_LL3f_mi,7
156,138,99,179,393,201,192,9,1,1,p_1.30.24_LL3f_mi,7
157,151,111,193,452,223,229,7,1,1,p_1.30.24_LL3f_mi,7
158,162,121,210,509,247,262,5,1,1,p_1.30.24_LL3f_mi,7
159,168,128,224,552,260,292,1,1,1,p_1.30.24_LL3f_mi,7
160,183,136,243,599,299,300,0,1,1,p_1.30.24_LL3f_mi,7
161,183,143,231,642,325,317,0,1,1,p_1.30.24_LL3f_mi,7
162,177,139,221,676,348,328,0,1,1,p_1.30.24_LL3f_mi,7
163,174,131,221,673,348,325,0,1,1,p_1.30.24_LL3f_mi,7
164,173,135,228,653,334,319,0,1,1,p_1.30.24_LL3f_mi,7
165,175,139,229,646,334,312,0,1,1,p_1.30.24_LL3f_mi,7
166,177,130,227,656,333,323,0,1,1,p_1.30.24_LL3f_mi,7
167,172,132,225,661,345,316,0,1,1,p_1.30.24_LL3f_mi,7
168,178,138,226,662,350,312,0,1,1,p_1.30.24_LL3f_mi,7
169,173,138,221,674,356,318,0,1,1,p_1.30.24_LL3f_mi,7
170,167,124,216,680,350,330,17,1,1,p_1.30.24_LL3f_mi,7
171,168,136,226,654,324,330,8,1,1,p_1.30.24_LL3f_mi,7
172,172,136,218,681,344,337,2,1,1,p_1.30.24_LL3f_mi,7
173,168,129,220,668,339,329,0,1,1,p_1.30.24_LL3f_mi,7
174,168,132,219,679,339,340,2,1,1,p_1.30.24_LL3f_mi,7
175,174,129,221,672,335,337,0,1,1,p_1.30.24_LL3f_mi,7
176,161,134,204,716,363,353,0,1,1,p_1.30.24_LL3f_mi,7
177,175,135,226,660,323,337,0,1,1,p_1.30.24_LL3f_mi,7
178,177,138,227,654,334,320,0,1,1,p_1.30.24_LL3f_mi,7
179,170,140,221,672,342,330,0,1,1,p_1.30.24_LL3f_mi,7
180,178,137,228,653,328,325,0,1,1,p_1.30.24_LL3f_mi,7
181,176,133,228,643,307,336,0,1,1,p_1.30.24_LL3f_mi,7
182,177,142,226,650,330,320,0,1,1,p_1.30.24_LL3f_mi,7
183,179,149,226,657,327,330,0,1,1,p_1.30.24_LL3f_mi,7
184,178,139,223,662,319,343,0,1,1,p_1.30.24_LL3f_mi,7
185,162,140,223,672,322,350,0,1,1,p_1.30.24_LL3f_mi,7
186,173,133,223,664,323,341,0,1,1,p_1.30.24_LL3f_mi,7
187,172,137,223,662,327,335,0,1,1,p_1.30.24_LL3f_mi,7
188,180,132,229,652,327,325,0,1,1,p_1.30.24_LL3f_mi,7
189,171,135,219,683,343,340,0,1,1,p_1.30.24_LL3f_mi,7
190,168,136,220,676,335,341,0,1,1,p_1.30.24_LL3f_mi,7
191,175,138,220,679,332,347,0,1,1,p_1.30.24_LL3f_mi,7
192,174,131,219,677,314,363,0,1,1,p_1.30.24_LL3f_mi,7
193,181,143,227,660,302,358,0,1,1,p_1.30.24_LL3f_mi,7
194,176,131,227,658,316,342,0,1,1,p_1.30.24_LL3f_mi,7
195,182,144,227,652,320,332,0,1,1,p_1.30.24_LL3f_mi,7
196,171,129,221,671,328,343,0,1,1,p_1.30.24_LL3f_mi,7
197,165,136,207,706,346,360,0,1,1,p_1.30.24_LL3f_mi,7
198,167,129,218,680,350,330,0,1,1,p_1.30.24_LL3f_mi,7
199,180,132,231,629,328,301,0,1,1,p_1.30.24_LL3f_mi,7
200,174,126,222,668,343,325,0,1,1,p_1.30.24_LL3f_mi,7
201,159,130,208,705,349,356,0,1,1,p_1.30.24_LL3f_mi,7
202,165,126,219,679,339,340,0,1,1,p_1.30.24_LL3f_mi,7
203,167,124,218,674,344,330,0,1,1,p_1.30.24_LL3f_mi,7
204,167,122,219,678,336,342,0,1,1,p_1.30.24_LL3f_mi,7
205,177,133,225,669,337,332,0,1,1,p_1.30.24_LL3f_mi,7
206,181,139,222,670,335,335,0,1,1,p_1.30.24_LL3f_mi,7
207,178,133,226,659,330,329,0,1,1,p_1.30.24_LL3f_mi,7
208,183,139,229,659,325,334,0,1,1,p_1.30.24_LL3f_mi,7
209,174,135,228,651,315,336,0,1,1,p_1.30.24_LL3f_mi,7
210,179,135,225,657,317,340,0,1,1,p_1.30.24_LL3f_mi,7
211,167,130,218,674,330,344,0,1,1,p_1.30.24_LL3f_mi,7
212,172,137,226,659,331,328,0,1,1,p_1.30.24_LL3f_mi,7
213,171,130,223,661,348,313,0,1,1,p_1.30.24_LL3f_mi,7
214,170,131,218,682,349,333,0,1,1,p_1.30.24_LL3f_mi,7
215,182,138,228,653,323,330,0,1,1,p_1.30.24_LL3f_mi,7
216,178,147,220,674,324,350,0,1,1,p_1.30.24_LL3f_mi,7
217,174,129,227,645,304,341,0,1,1,p_1.30.24_LL3f_mi,7
218,178,139,230,652,311,341,0,1,1,p_1.30.24_LL3f_mi,7
219,174,139,226,655,313,342,0,1,1,p_1.30.24_LL3f_mi,7
220,168,123,222,666,329,337,0,1,1,p_1.30.24_LL3f_mi,7
221,178,127,223,668,332,336,0,1,1,p_1.30.24_LL3f_mi,7
222,162,131,215,689,336,353,0,1,1,p_1.30.24_LL3f_mi,7
223,164,134,215,690,325,365,0,1,1,p_1.30.24_LL3f_mi,7
224,175,140,225,664,318,346,0,1,1,p_1.30.24_LL3f_mi,7
225,167,128,222,676,315,361,0,1,1,p_1.30.24_LL3f_mi,7
226,155,130,202,717,337,380,0,1,1,p_1.30.24_LL3f_mi,7
227,182,139,232,634,299,335,0,1,1,p_1.30.24_LL3f_mi,7
228,170,138,227,649,315,334,0,1,1,p_1.30.24_LL3f_mi,7
229,183,143,227,651,309,342,0,1,1,p_1.30.24_LL3f_mi,7
230,174,133,225,659,317,342,0,1,1,p_1.30.24_LL3f_mi,7
231,181,143,229,645,308,337,0,1,1,p_1.30.24_LL3f_mi,7
232,175,139,226,663,326,337,0,1,1,p_1.30.24_LL3f_mi,7
233,171,138,217,684,354,330,0,1,1,p_1.30.24_LL3f_mi,7
234,169,130,219,675,358,317,0,1,1,p_1.30.24_LL3f_mi,7
235,177,140,220,670,356,314,0,1,1,p_1.30.24_LL3f_mi,7
236,177,143,219,678,345,333,0,1,1,p_1.30.24_LL3f_mi,7
237,170,134,223,666,346,320,0,1,1,p_1.30.24_LL3f_mi,7
238,177,136,229,638,316,322,0,1,1,p_1.30.24_LL3f_mi,7
239,180,139,224,667,319,348,0,1,1,p_1.30.24_LL3f_mi,7
240,171,133,221,668,335,333,0,1,1,p_1.30.24_LL3f_mi,7
241,173,137,219,678,335,343,0,1,1,p_1.30.24_LL3f_mi,7
242,171,136,220,670,329,341,0,1,1,p_1.30.24_LL3f_mi,7
243,175,140,221,676,319,357,0,1,1,p_1.30.24_LL3f_mi,7
244,174,141,226,655,296,359,0,1,1,p_1.30.24_LL3f_mi,7
245,173,129,226,661,308,353,0,1,1,p_1.30.24_LL3f_mi,7
246,172,141,221,674,327,347,0,1,1,p_1.30.24_LL3f_mi,7
247,173,134,219,675,346,329,0,1,1,p_1.30.24_LL3f_mi,7
248,182,136,224,662,345,317,0,1,1,p_1.30.24_LL3f_mi,7
249,169,127,218,673,348,325,0,1,1,p_1.30.24_LL3f_mi,7
250,179,139,222,669,350,319,0,1,1,p_1.30.24_LL3f_mi,7
251,164,135,207,706,365,341,0,1,1,p_1.30.24_LL3f_mi,7
252,177,134,230,646,323,323,0,1,1,p_1.30.24_LL3f_mi,7
253,173,140,229,653,331,322,0,1,1,p_1.30.24_LL3f_mi,7
254,178,138,221,672,340,332,0,1,1,p_1.30.24_LL3f_mi,7
255,175,132,222,678,358,320,0,1,1,p_1.30.24_LL3f_mi,7
256,169,126,219,682,353,329,0,1,1,p_1.30.24_LL3f_mi,7
257,168,131,224,663,334,329,0,1,1,p_1.30.24_LL3f_mi,7
258,179,137,231,644,328,316,0,1,1,p_1.30.24_LL3f_mi,7
259,169,135,218,681,366,315,0,1,1,p_1.30.24_LL3f_mi,7
260,168,131,220,680,362,318,0,1,1,p_1.30.24_LL3f_mi,7
261,177,130,228,652,326,326,0,1,1,p_1.30.24_LL3f_mi,7
262,181,140,230,644,300,344,0,1,1,p_1.30.24_LL3f_mi,7
263,171,142,230,641,303,338,0,1,1,p_1.30.24_LL3f_mi,7
264,169,128,223,669,314,355,0,1,1,p_1.30.24_LL3f_mi,7
265,174,130,223,664,322,342,0,1,1,p_1.30.24_LL3f_mi,7
266,166,137,215,687,339,348,0,1,1,p_1.30.24_LL3f_mi,7
267,167,128,226,659,323,336,0,1,1,p_1.30.24_LL3f_mi,7
268,172,131,221,673,332,341,0,1,1,p_1.30.24_LL3f_mi,7
269,173,137,221,670,319,351,0,1,1,p_1.30.24_LL3f_mi,7
270,173,141,218,685,330,355,0,1,1,p_1.30.24_LL3f_mi,7
271,178,145,226,655,299,356,0,1,1,p_1.30.24_LL3f_mi,7
272,174,129,224,666,306,360,0,1,1,p_1.30.24_LL3f_mi,7
273,181,145,229,650,301,349,0,1,1,p_1.30.24_LL3f_mi,7
274,170,139,224,670,322,348,0,1,1,p_1.30.24_LL3f_mi,7
275,176,136,222,665,321,344,0,1,1,p_1.30.24_LL3f_mi,7
276,175,147,215,684,318,366,0,1,1,p_1.30.24_LL3f_mi,7
277,158,133,207,709,345,364,0,1,1,p_1.30.24_LL3f_mi,7
278,176,142,222,671,321,350,0,1,1,p_1.30.24_LL3f_mi,7
279,169,136,220,675,334,341,0,1,1,p_1.30.24_LL3f_mi,7
280,186,150,228,648,313,335,0,1,1,p_1.30.24_LL3f_mi,7
281,183,143,229,646,308,338,0,1,1,p_1.30.24_LL3f_mi,7
282,171,142,219,674,321,353,0,1,1,p_1.30.24_LL3f_mi,7
283,176,136,224,662,313,349,0,1,1,p_1.30.24_LL3f_mi,7
284,177,144,222,671,327,344,0,1,1,p_1.30.24_LL3f_mi,7
285,178,135,224,662,318,344,0,1,1,p_1.30.24_LL3f_mi,7
286,178,138,226,656,325,331,0,1,1,p_1.30.24_LL3f_mi,7
287,175,133,224,661,340,321,0,1,1,p_1.30.24_LL3f_mi,7
288,169,132,218,676,346,330,0,1,1,p_1.30.24_LL3f_mi,7
289,171,134,221,676,352,324,0,1,1,p_1.30.24_LL3f_mi,7
290,176,136,226,659,351,308,0,1,1,p_1.30.24_LL3f_mi,7
291,168,138,227,665,351,314,0,1,1,p_1.30.24_LL3f_mi,7
292,171,136,218,681,352,329,0,1,1,p_1.30.24_LL3f_mi,7
293,175,136,229,649,334,315,0,1,1,p_1.30.24_LL3f_mi,7
294,172,123,230,646,348,298,0,1,1,p_1.30.24_LL3f_mi,7
295,172,136,221,673,350,323,0,1,1,p_1.30.24_LL3f_mi,7
296,175,135,226,662,347,315,0,1,1,p_1.30.24_LL3f_mi,7
297,171,132,233,631,333,298,0,1,1,p_1.30.24_LL3f_mi,7
298,177,135,233,637,323,314,0,1,1,p_1.30.24_LL3f_mi,7
299,172,132,219,679,339,340,0,1,1,p_1.30.24_LL3f_mi,7
300,175,132,223,673,328,345,0,1,1,p_1.30.24_LL3f_mi,7
301,158,132,205,717,357,360,0,1,1,p_1.30.24_LL3f_mi,7
302,174,142,219,676,330,346,0,1,1,p_1.30.24_LL3f_mi,7
303,175,143,224,662,312,350,0,1,1,p_1.30.24_LL3f_mi,7
304,173,135,224,660,310,350,0,1,1,p_1.30.24_LL3f_mi,7
305,166,131,218,678,319,359,0,1,1,p_1.30.24_LL3f_mi,7
306,176,140,227,662,325,337,0,1,1,p_1.30.24_LL3f_mi,7
307,176,146,224,660,330,330,0,1,1,p_1.30.24_LL3f_mi,7
308,178,131,229,644,340,304,0,1,1,p_1.30.24_LL3f_mi,7
309,177,139,226,654,341,313,0,1,1,p_1.30.24_LL3f_mi,7
310,165,137,215,688,358,330,0,1,1,p_1.30.24_LL3f_mi,7
311,168,124,223,665,353,312,0,1,1,p_1.30.24_LL3f_mi,7
312,170,131,225,657,354,303,0,1,1,p_1.30.24_LL3f_mi,7
313,175,128,224,664,352,312,0,1,1,p_1.30.24_LL3f_mi,7
314,177,133,229,651,340,311,0,1,1,p_1.30.24_LL3f_mi,7
315,175,136,227,656,354,302,0,1,1,p_1.30.24_LL3f_mi,7
316,174,131,221,671,349,322,0,1,1,p_1.30.24_LL3f_mi,7
317,175,129,227,653,336,317,0,1,1,p_1.30.24_LL3f_mi,7
318,176,137,226,655,321,334,0,1,1,p_1.30.24_LL3f_mi,7
319,170,136,219,675,330,345,0,1,1,p_1.30.24_LL3f_mi,7
320,171,133,226,662,311,351,0,1,1,p_1.30.24_LL3f_mi,7
321,186,137,227,648,309,339,0,1,1,p_1.30.24_LL3f_mi,7
322,176,141,221,669,320,349,0,1,1,p_1.30.24_LL3f_mi,7
323,170,130,222,674,332,342,0,1,1,p_1.30.24_LL3f_mi,7
324,173,144,225,655,315,340,0,1,1,p_1.30.24_LL3f_mi,7
325,170,134,224,662,313,349,0,1,1,p_1.30.24_LL3f_mi,7
326,165,139,208,706,325,381,0,1,1,p_1.30.24_LL3f_mi,7
327,167,128,215,686,322,364,0,1,1,p_1.30.24_LL3f_mi,7
328,186,144,229,654,295,359,0,1,1,p_1.30.24_LL3f_mi,7
329,171,134,225,663,308,355,0,1,1,p_1.30.24_LL3f_mi,7
330,168,142,214,690,330,360,0,1,1,p_1.30.24_LL3f_mi,7
331,164,126,217,682,336,346,0,1,1,p_1.30.24_LL3f_mi,7
332,172,132,218,677,340,337,0,1,1,p_1.30.24_LL3f_mi,7
333,174,136,222,671,348,323,0,1,1,p_1.30.24_LL3f_mi,7
334,164,129,215,688,348,340,0,1,1,p_1.30.24_LL3f_mi,7
335,176,139,230,645,303,342,0,1,1,p_1.30.24_LL3f_mi,7
336,180,143,225,657,305,352,0,1,1,p_1.30.24_LL3f_mi,7
337,173,145,228,655,304,351,0,1,1,p_1.30.24_LL3f_mi,7
338,182,143,230,651,308,343,0,1,1,p_1.30.24_LL3f_mi,7
339,174,133,225,660,330,330,0,1,1,p_1.30.24_LL3f_mi,7
340,169,134,218,684,340,344,0,1,1,p_1.30.24_LL3f_mi,7
341,166,127,216,687,334,353,0,1,1,p_1.30.24_LL3f_mi,7
342,172,139,226,661,333,328,0,1,1,p_1.30.24_LL3f_mi,7
343,179,134,231,639,303,336,0,1,1,p_1.30.24_LL3f_mi,7
344,180,148,231,642,304,338,0,1,1,p_1.30.24_LL3f_mi,7
345,169,129,228,654,329,325,0,1,1,p_1.30.24_LL3f_mi,7
346,172,144,217,689,348,341,0,1,1,p_1.30.24_LL3f_mi,7
347,177,133,225,659,357,302,0,1,1,p_1.30.24_LL3f_mi,7
348,172,133,221,666,350,316,0,1,1,p_1.30.24_LL3f_mi,7
349,173,139,225,655,334,321,0,1,1,p_1.30.24_LL3f_mi,7
350,184,136,225,658,337,321,0,1,1,p_1.30.24_LL3f_mi,7
1,13,13,15,628,313,315,0,1,2,p_1.30.24_LL3f_mi,7
2,92,81,121,860,419,441,0,1,2,p_1.30.24_LL3f_mi,7
3,131,111,166,793,394,399,0,1,2,p_1.30.24_LL3f_mi,7
4,154,123,201,719,360,359,0,1,2,p_1.30.24_LL3f_mi,7
5,165,133,218,681,334,347,0,1,2,p_1.30.24_LL3f_mi,7
6,175,149,228,647,307,340,0,1,2,p_1.30.24_LL3f_mi,7
7,175,136,229,654,317,337,0,1,2,p_1.30.24_LL3f_mi,7
8,175,131,228,648,297,351,0,1,2,p_1.30.24_LL3f_mi,7
9,171,135,227,656,306,350,0,1,2,p_1.30.24_LL3f_mi,7
10,172,132,224,667,320,347,0,1,2,p_1.30.24_LL3f_mi,7
11,174,137,223,661,336,325,0,1,2,p_1.30.24_LL3f_mi,7
12,177,141,228,656,317,339,0,1,2,p_1.30.24_LL3f_mi,7
13,182,131,234,634,320,314,0,1,2,p_1.30.24_LL3f_mi,7
14,175,127,226,652,333,319,0,1,2,p_1.30.24_LL3f_mi,7
15,173,137,215,691,351,340,0,1,2,p_1.30.24_LL3f_mi,7
16,176,135,217,682,328,354,0,1,2,p_1.30.24_LL3f_mi,7
17,176,136,226,655,311,344,0,1,2,p_1.30.24_LL3f_mi,7
18,171,138,224,664,315,349,0,1,2,p_1.30.24_LL3f_mi,7
19,179,145,225,660,316,344,0,1,2,p_1.30.24_LL3f_mi,7
20,172,139,223,663,322,341,0,1,2,p_1.30.24_LL3f_mi,7
21,176,145,226,654,316,338,0,1,2,p_1.30.24_LL3f_mi,7
22,174,132,227,655,324,331,0,1,2,p_1.30.24_LL3f_mi,7
23,169,129,220,677,326,351,0,1,2,p_1.30.24_LL3f_mi,7
24,181,147,226,656,326,330,0,1,2,p_1.30.24_LL3f_mi,7
25,180,140,232,637,309,328,0,1,2,p_1.30.24_LL3f_mi,7
26,164,121,210,701,354,347,0,1,2,p_1.30.24_LL3f_mi,7
27,186,140,233,639,310,329,0,1,2,p_1.30.24_LL3f_mi,7
28,175,137,221,674,333,341,0,1,2,p_1.30.24_LL3f_mi,7
29,173,129,224,662,309,353,0,1,2,p_1.30.24_LL3f_mi,7
30,174,143,224,656,319,337,0,1,2,p_1.30.24_LL3f_mi,7
31,169,140,224,658,328,330,0,1,2,p_1.30.24_LL3f_mi,7
32,168,132,220,677,333,344,0,1,2,p_1.30.24_LL3f_mi,7
33,176,137,228,650,307,343,0,1,2,p_1.30.24_LL3f_mi,7
34,176,130,228,655,305,350,0,1,2,p_1.30.24_LL3f_mi,7
35,184,139,224,669,328,341,0,1,2,p_1.30.24_LL3f_mi,7
36,173,132,215,687,342,345,0,1,2,p_1.30.24_LL3f_mi,7
37,176,135,225,654,324,330,0,1,2,p_1.30.24_LL3f_mi,7
38,173,134,222,674,346,328,0,1,2,p_1.30.24_LL3f_mi,7
39,165,124,215,686,360,326,0,1,2,p_1.30.24_LL3f_mi,7
40,175,134,221,675,359,316,0,1,2,p_1.30.24_LL3f_mi,7
41,169,128,225,665,370,295,0,1,2,p_1.30.24_LL3f_mi,7
42,167,131,211,695,368,327,0,1,2,p_1.30.24_LL3f_mi,7
43,179,143,226,655,345,310,0,1,2,p_1.30.24_LL3f_mi,7
44,175,132,225,662,341,321,0,1,2,p_1.30.24_LL3f_mi,7
45,182,141,230,639,314,325,0,1,2,p_1.30.24_LL3f_mi,7
46,177,135,228,653,326,327,0,1,2,p_1.30.24_LL3f_mi,7
47,174,132,225,655,338,317,0,1,2,p_1.30.24_LL3f_mi,7
48,176,132,222,674,348,326,0,1,2,p_1.30.24_LL3f_mi,7
49,168,123,218,676,342,334,0,1,2,p_1.30.24_LL3f_mi,7
50,178,132,226,655,323,332,0,1,2,p_1.30.24_LL3f_mi,7
51,171,133,218,687,353,334,0,1,2,p_1.30.24_LL3f_mi,7
52,169,127,221,671,329,342,0,1,2,p_1.30.24_LL3f_mi,7
53,171,129,221,668,325,343,0,1,2,p_1.30.24_LL3f_mi,7
54,171,135,224,664,321,343,0,1,2,p_1.30.24_LL3f_mi,7
55,182,145,230,648,314,334,0,1,2,p_1.30.24_LL3f_mi,7
56,172,138,220,679,319,360,0,1,2,p_1.30.24_LL3f_mi,7
57,171,140,220,676,322,354,0,1,2,p_1.30.24_LL3f_mi,7
58,177,135,227,654,327,327,0,1,2,p_1.30.24_LL3f_mi,7
59,176,132,224,663,328,335,0,1,2,p_1.30.24_LL3f_mi,7
60,173,136,227,649,327,322,0,1,2,p_1.30.24_LL3f_mi,7
61,173,138,223,665,328,337,0,1,2,p_1.30.24_LL3f_mi,7
62,179,136,227,658,336,322,0,1,2,p_1.30.24_LL3f_mi,7
63,174,132,216,685,325,360,0,1,2,p_1.30.24_LL3f_mi,7
64,177,146,228,652,306,346,0,1,2,p_1.30.24_LL3f_mi,7
65,186,135,232,645,303,342,0,1,2,p_1.30.24_LL3f_mi,7
66,170,138,220,680,305,375,0,1,2,p_1.30.24_LL3f_mi,7
67,174,140,223,674,308,366,0,1,2,p_1.30.24_LL3f_mi,7
68,178,145,228,655,295,360,0,1,2,p_1.30.24_LL3f_mi,7
69,173,144,223,665,309,356,0,1,2,p_1.30.24_LL3f_mi,7
70,177,140,216,691,321,370,0,1,2,p_1.30.24_LL3f_mi,7
71,176,142,224,666,331,335,0,1,2,p_1.30.24_LL3f_mi,7
72,179,141,227,660,338,322,0,1,2,p_1.30.24_LL3f_mi,7
73,174,130,230,645,339,306,0,1,2,p_1.30.24_LL3f_mi,7
74,158,121,217,682,362,320,0,1,2,p_1.30.24_LL3f_mi,7
75,156,125,210,700,364,336,0,1,2,p_1.30.24_LL3f_mi,7
76,152,124,202,720,367,353,0,1,2,p_1.30.24_LL3f_mi,7
77,166,136,212,697,353,344,0,1,2,p_1.30.24_LL3f_mi,7
78,173,135,226,656,328,328,0,1,2,p_1.30.24_LL3f_mi,7
79,177,142,224,660,304,356,0,1,2,p_1.30.24_LL3f_mi,7
80,178,137,231,639,307,332,0,1,2,p_1.30.24_LL3f_mi,7
81,166,130,219,671,334,337,0,1,2,p_1.30.24_LL3f_mi,7
82,173,132,224,662,337,325,0,1,2,p_1.30.24_LL3f_mi,7
83,169,135,222,665,342,323,0,1,2,p_1.30.24_LL3f_mi,7
84,180,133,231,632,322,310,0,1,2,p_1.30.24_LL3f_mi,7
85,173,131,227,657,350,307,0,1,2,p_1.30.24_LL3f_mi,7
86,183,147,235,631,341,290,0,1,2,p_1.30.24_LL3f_mi,7
87,171,126,221,665,355,310,0,1,2,p_1.30.24_LL3f_mi,7
88,178,132,228,655,345,310,0,1,2,p_1.30.24_LL3f_mi,7
89,179,133,222,668,349,319,0,1,2,p_1.30.24_LL3f_mi,7
90,172,120,228,651,334,317,0,1,2,p_1.30.24_LL3f_mi,7
91,177,131,219,675,357,318,0,1,2,p_1.30.24_LL3f_mi,7
92,174,132,225,661,343,318,0,1,2,p_1.30.24_LL3f_mi,7
93,169,130,225,661,334,327,0,1,2,p_1.30.24_LL3f_mi,7
94,176,144,229,648,323,325,0,1,2,p_1.30.24_LL3f_mi,7
95,173,140,217,681,331,350,0,1,2,p_1.30.24_LL3f_mi,7
96,158,124,211,697,322,375,0,1,2,p_1.30.24_LL3f_mi,7
97,179,142,225,670,307,363,0,1,2,p_1.30.24_LL3f_mi,7
98,173,136,220,671,320,351,0,1,2,p_1.30.24_LL3f_mi,7
99,177,141,227,652,325,327,0,1,2,p_1.30.24_LL3f_mi,7
100,153,119,198,652,321,331,0,1,2,p_1.30.24_LL3f_mi,7
101,113,95,144,674,346,328,0,1,2,p_1.30.24_LL3f_mi,7
102,121,106,163,564,282,282,0,1,2,p_1.30.24_LL3f_mi,7
103,114,83,149,516,253,263,0,1,2,p_1.30.24_LL3f_mi,7
104,98,78,133,467,234,233,0,1,2,p_1.30.24_LL3f_mi,7
105,87,70,109,435,206,229,0,1,2,p_1.30.24_LL3f_mi,7
106,78,67,99,378,181,197,0,1,2,p_1.30.24_LL3f_mi,7
107,55,47,68,354,171,183,0,1,2,p_1.30.24_LL3f_mi,7
108,35,34,44,319,154,165,0,1,2,p_1.30.24_LL3f_mi,7
109,42,36,52,238,111,127,0,1,2,p_1.30.24_LL3f_mi,7
110,22,19,32,212,102,110,0,1,2,p_1.30.24_LL3f_mi,7
111,30,27,39,150,72,78,0,1,2,p_1.30.24_LL3f_mi,7
112,27,23,35,124,62,62,0,1,2,p_1.30.24_LL3f_mi,7
113,27,22,35,120,56,64,0,1,2,p_1.30.24_LL3f_mi,7
114,26,20,34,116,54,62,0,1,2,p_1.30.24_LL3f_mi,7
115,27,22,33,112,51,61,0,1,2,p_1.30.24_LL3f_mi,7
116,28,22,35,105,50,55,0,1,2,p_1.30.24_LL3f_mi,7
117,25,19,34,109,55,54,0,1,2,p_1.30.24_LL3f_mi,7
118,28,25,36,119,62,57,0,1,2,p_1.30.24_LL3f_mi,7
119,27,23,34,117,58,59,0,1,2,p_1.30.24_LL3f_mi,7
120,29,24,35,109,54,55,0,1,2,p_1.30.24_LL3f_mi,7
121,25,20,33,109,57,52,0,1,2,p_1.30.24_LL3f_mi,7
122,24,17,31,98,45,53,0,1,2,p_1.30.24_LL3f_mi,7
123,23,18,32,94,45,49,0,1,2,p_1.30.24_LL3f_mi,7
124,27,24,32,88,38,50,0,1,2,p_1.30.24_LL3f_mi,7
125,26,23,36,113,48,65,18,1,2,p_1.30.24_LL3f_mi,7
126,24,17,33,106,48,58,6,1,2,p_1.30.24_LL3f_mi,7
127,25,21,33,102,44,58,6,1,2,p_1.30.24_LL3f_mi,7
128,26,17,35,102,45,57,5,1,2,p_1.30.24_LL3f_mi,7
129,27,21,34,99,43,56,0,1,2,p_1.30.24_LL3f_mi,7
130,26,22,34,101,37,64,0,1,2,p_1.30.24_LL3f_mi,7
131,26,22,33,104,37,67,0,1,2,p_1.30.24_LL3f_mi,7
132,26,23,34,100,34,66,0,1,2,p_1.30.24_LL3f_mi,7
133,28,21,34,104,40,64,0,1,2,p_1.30.24_LL3f_mi,7
134,24,21,33,106,47,59,0,1,2,p_1.30.24_LL3f_mi,7
135,27,20,34,98,47,51,0,1,2,p_1.30.24_LL3f_mi,7
136,26,19,33,104,53,51,0,1,2,p_1.30.24_LL3f_mi,7
137,26,22,31,90,39,51,0,1,2,p_1.30.24_LL3f_mi,7
138,25,22,32,95,47,48,0,1,2,p_1.30.24_LL3f_mi,7
139,28,21,33,101,49,52,0,1,2,p_1.30.24_LL3f_mi,7
140,28,22,38,114,52,62,17,1,2,p_1.30.24_LL3f_mi,7
141,24,19,35,119,56,63,9,1,2,p_1.30.24_LL3f_mi,7
142,29,21,35,116,58,58,4,1,2,p_1.30.24_LL3f_mi,7
143,29,24,35,110,58,52,1,1,2,p_1.30.24_LL3f_mi,7
144,26,19,34,111,59,52,1,1,2,p_1.30.24_LL3f_mi,7
145,24,19,34,104,53,51,0,1,2,p_1.30.24_LL3f_mi,7
146,24,21,33,100,56,44,0,1,2,p_1.30.24_LL3f_mi,7
147,28,19,34,106,55,51,0,1,2,p_1.30.24_LL3f_mi,7
148,26,21,33,103,58,45,0,1,2,p_1.30.24_LL3f_mi,7
149,27,21,32,94,48,46,0,1,2,p_1.30.24_LL3f_mi,7
150,26,21,35,94,47,47,0,1,2,p_1.30.24_LL3f_mi,7
151,52,32,74,105,59,46,0,1,2,p_1.30.24_LL3f_mi,7
152,69,47,99,151,72,79,0,1,2,p_1.30.24_LL3f_mi,7
153,83,57,121,197,86,111,0,1,2,p_1.30.24_LL3f_mi,7
154,107,73,144,265,117,148,0,1,2,p_1.30.24_LL3f_mi,7
155,123,88,164,340,164,176,19,1,2,p_1.30.24_LL3f_mi,7
156,138,101,178,405,185,220,10,1,2,p_1.30.24_LL3f_mi,7
157,148,112,194,442,210,232,5,1,2,p_1.30.24_LL3f_mi,7
158,164,122,211,498,249,249,2,1,2,p_1.30.24_LL3f_mi,7
159,180,138,227,534,267,267,0,1,2,p_1.30.24_LL3f_mi,7
160,188,148,244,579,292,287,0,1,2,p_1.30.24_LL3f_mi,7
161,175,143,228,653,325,328,0,1,2,p_1.30.24_LL3f_mi,7
162,168,136,221,670,335,335,0,1,2,p_1.30.24_LL3f_mi,7
163,177,133,225,669,334,335,0,1,2,p_1.30.24_LL3f_mi,7
164,166,132,216,682,333,349,0,1,2,p_1.30.24_LL3f_mi,7
165,172,140,223,665,322,343,0,1,2,p_1.30.24_LL3f_mi,7
166,182,141,230,643,312,331,0,1,2,p_1.30.24_LL3f_mi,7
167,173,132,226,659,300,359,0,1,2,p_1.30.24_LL3f_mi,7
168,170,132,222,670,307,363,0,1,2,p_1.30.24_LL3f_mi,7
169,171,130,224,668,334,334,0,1,2,p_1.30.24_LL3f_mi,7
170,169,137,213,690,336,354,15,1,2,p_1.30.24_LL3f_mi,7
171,170,133,220,673,326,347,10,1,2,p_1.30.24_LL3f_mi,7
172,168,127,221,670,317,353,7,1,2,p_1.30.24_LL3f_mi,7
173,177,145,218,682,331,351,4,1,2,p_1.30.24_LL3f_mi,7
174,167,134,220,680,322,358,2,1,2,p_1.30.24_LL3f_mi,7
175,183,147,227,653,316,337,0,1,2,p_1.30.24_LL3f_mi,7
176,170,134,218,681,327,354,0,1,2,p_1.30.24_LL3f_mi,7
177,173,137,214,690,344,346,0,1,2,p_1.30.24_LL3f_mi,7
178,181,133,229,648,320,328,0,1,2,p_1.30.24_LL3f_mi,7
179,172,130,219,677,328,349,0,1,2,p_1.30.24_LL3f_mi,7
180,179,133,226,658,312,346,0,1,2,p_1.30.24_LL3f_mi,7
181,174,138,226,659,318,341,0,1,2,p_1.30.24_LL3f_mi,7
182,178,138,229,652,319,333,0,1,2,p_1.30.24_LL3f_mi,7
183,179,137,228,648,325,323,0,1,2,p_1.30.24_LL3f_mi,7
184,171,138,221,666,336,330,0,1,2,p_1.30.24_LL3f_mi,7
185,170,134,217,683,341,342,0,1,2,p_1.30.24_LL3f_mi,7
186,165,131,221,671,336,335,0,1,2,p_1.30.24_LL3f_mi,7
187,175,132,228,647,320,327,0,1,2,p_1.30.24_LL3f_mi,7
188,183,139,233,637,318,319,0,1,2,p_1.30.24_LL3f_mi,7
189,171,130,224,664,325,339,0,1,2,p_1.30.24_LL3f_mi,7
190,172,133,217,694,334,360,0,1,2,p_1.30.24_LL3f_mi,7
191,176,138,221,675,342,333,0,1,2,p_1.30.24_LL3f_mi,7
192,179,143,223,668,349,319,0,1,2,p_1.30.24_LL3f_mi,7
193,179,136,219,673,350,323,0,1,2,p_1.30.24_LL3f_mi,7
194,165,133,224,669,344,325,0,1,2,p_1.30.24_LL3f_mi,7
195,173,142,227,657,335,322,0,1,2,p_1.30.24_LL3f_mi,7
196,170,140,222,676,341,335,0,1,2,p_1.30.24_LL3f_mi,7
197,164,133,221,675,324,351,0,1,2,p_1.30.24_LL3f_mi,7
198,182,146,228,647,303,344,0,1,2,p_1.30.24_LL3f_mi,7
199,174,137,225,670,325,345,0,1,2,p_1.30.24_LL3f_mi,7
200,166,131,221,672,336,336,0,1,2,p_1.30.24_LL3f_mi,7
201,162,130,202,720,357,363,0,1,2,p_1.30.24_LL3f_mi,7
202,179,136,225,660,325,335,0,1,2,p_1.30.24_LL3f_mi,7
203,175,136,226,667,322,345,0,1,2,p_1.30.24_LL3f_mi,7
204,173,137,226,661,321,340,0,1,2,p_1.30.24_LL3f_mi,7
205,169,133,221,672,328,344,0,1,2,p_1.30.24_LL3f_mi,7
206,183,144,228,654,313,341,0,1,2,p_1.30.24_LL3f_mi,7
207,175,138,225,660,330,330,0,1,2,p_1.30.24_LL3f_mi,7
208,174,133,224,665,342,323,0,1,2,p_1.30.24_LL3f_mi,7
209,156,123,214,687,349,338,0,1,2,p_1.30.24_LL3f_mi,7
210,156,132,213,693,337,356,0,1,2,p_1.30.24_LL3f_mi,7
211,177,138,224,663,328,335,0,1,2,p_1.30.24_LL3f_mi,7
212,172,135,222,669,336,333,0,1,2,p_1.30.24_LL3f_mi,7
213,177,144,215,689,352,337,0,1,2,p_1.30.24_LL3f_mi,7
214,175,133,215,684,353,331,0,1,2,p_1.30.24_LL3f_mi,7
215,172,136,218,685,368,317,0,1,2,p_1.30.24_LL3f_mi,7
216,180,140,228,647,342,305,0,1,2,p_1.30.24_LL3f_mi,7
217,183,144,234,635,317,318,0,1,2,p_1.30.24_LL3f_mi,7
218,172,128,222,668,342,326,0,1,2,p_1.30.24_LL3f_mi,7
219,168,130,214,687,336,351,0,1,2,p_1.30.24_LL3f_mi,7
220,162,125,211,701,343,358,0,1,2,p_1.30.24_LL3f_mi,7
221,172,133,216,690,325,365,0,1,2,p_1.30.24_LL3f_mi,7
222,162,134,217,685,344,341,0,1,2,p_1.30.24_LL3f_mi,7
223,175,137,229,643,321,322,0,1,2,p_1.30.24_LL3f_mi,7
224,172,128,222,675,344,331,0,1,2,p_1.30.24_LL3f_mi,7
225,174,124,220,672,347,325,0,1,2,p_1.30.24_LL3f_mi,7
226,162,126,206,714,355,359,0,1,2,p_1.30.24_LL3f_mi,7
227,174,138,220,674,327,347,0,1,2,p_1.30.24_LL3f_mi,7
228,181,131,229,647,310,337,0,1,2,p_1.30.24_LL3f_mi,7
229,173,139,225,660,319,341,0,1,2,p_1.30.24_LL3f_mi,7
230,182,143,232,632,291,341,0,1,2,p_1.30.24_LL3f_mi,7
231,185,142,234,628,271,357,0,1,2,p_1.30.24_LL3f_mi,7
232,184,142,232,640,291,349,0,1,2,p_1.30.24_LL3f_mi,7
233,175,133,221,677,320,357,0,1,2,p_1.30.24_LL3f_mi,7
234,167,132,221,673,334,339,0,1,2,p_1.30.24_LL3f_mi,7
235,170,131,226,655,334,321,0,1,2,p_1.30.24_LL3f_mi,7
236,170,131,218,685,354,331,0,1,2,p_1.30.24_LL3f_mi,7
237,178,136,225,663,345,318,0,1,2,p_1.30.24_LL3f_mi,7
238,180,142,223,664,331,333,0,1,2,p_1.30.24_LL3f_mi,7
239,177,130,224,663,349,314,0,1,2,p_1.30.24_LL3f_mi,7
240,174,136,224,667,354,313,0,1,2,p_1.30.24_LL3f_mi,7
241,174,135,228,658,337,321,0,1,2,p_1.30.24_LL3f_mi,7
242,178,134,226,664,325,339,0,1,2,p_1.30.24_LL3f_mi,7
243,165,131,214,689,330,359,0,1,2,p_1.30.24_LL3f_mi,7
244,171,141,221,670,332,338,0,1,2,p_1.30.24_LL3f_mi,7
245,173,136,223,659,329,330,0,1,2,p_1.30.24_LL3f_mi,7
246,166,132,213,697,353,344,0,1,2,p_1.30.24_LL3f_mi,7
247,170,137,220,676,342,334,0,1,2,p_1.30.24_LL3f_mi,7
248,173,136,220,672,333,339,0,1,2,p_1.30.24_LL3f_mi,7
249,167,130,223,663,340,323,0,1,2,p_1.30.24_LL3f_mi,7
250,174,134,229,647,325,322,0,1,2,p_1.30.24_LL3f_mi,7
251,165,138,214,699,341,358,0,1,2,p_1.30.24_LL3f_mi,7
252,173,141,220,675,329,346,0,1,2,p_1.30.24_LL3f_mi,7
253,165,132,216,688,342,346,0,1,2,p_1.30.24_LL3f_mi,7
254,177,131,226,662,331,331,0,1,2,p_1.30.24_LL3f_mi,7
255,173,137,231,651,323,328,0,1,2,p_1.30.24_LL3f_mi,7
256,177,146,228,652,326,326,0,1,2,p_1.30.24_LL3f_mi,7
257,174,142,222,668,319,349,0,1,2,p_1.30.24_LL3f_mi,7
258,161,134,214,692,333,359,0,1,2,p_1.30.24_LL3f_mi,7
259,180,134,226,668,317,351,0,1,2,p_1.30.24_LL3f_mi,7
260,172,138,224,665,316,349,0,1,2,p_1.30.24_LL3f_mi,7
261,169,135,221,674,316,358,0,1,2,p_1.30.24_LL3f_mi,7
262,175,137,229,647,324,323,0,1,2,p_1.30.24_LL3f_mi,7
263,174,135,222,667,332,335,0,1,2,p_1.30.24_LL3f_mi,7
264,170,136,223,662,332,330,0,1,2,p_1.30.24_LL3f_mi,7
265,170,135,220,673,326,347,0,1,2,p_1.30.24_LL3f_mi,7
266,166,130,222,665,335,330,0,1,2,p_1.30.24_LL3f_mi,7
267,173,138,221,675,349,326,0,1,2,p_1.30.24_LL3f_mi,7
268,170,135,223,665,325,340,0,1,2,p_1.30.24_LL3f_mi,7
269,174,136,226,660,341,319,0,1,2,p_1.30.24_LL3f_mi,7
270,180,131,229,654,333,321,0,1,2,p_1.30.24_LL3f_mi,7
271,175,135,222,665,338,327,0,1,2,p_1.30.24_LL3f_mi,7
272,172,148,225,658,333,325,0,1,2,p_1.30.24_LL3f_mi,7
273,178,147,226,663,331,332,0,1,2,p_1.30.24_LL3f_mi,7
274,181,139,229,651,332,319,0,1,2,p_1.30.24_LL3f_mi,7
275,176,136,222,664,345,319,0,1,2,p_1.30.24_LL3f_mi,7
276,178,140,220,679,365,314,0,1,2,p_1.30.24_LL3f_mi,7
277,178,135,223,672,351,321,0,1,2,p_1.30.24_LL3f_mi,7
278,172,137,218,685,354,331,0,1,2,p_1.30.24_LL3f_mi,7
279,171,137,225,661,329,332,0,1,2,p_1.30.24_LL3f_mi,7
280,172,142,222,665,328,337,0,1,2,p_1.30.24_LL3f_mi,7
281,174,140,223,671,331,340,0,1,2,p_1.30.24_LL3f_mi,7
282,181,138,228,647,323,324,0,1,2,p_1.30.24_LL3f_mi,7
283,183,148,230,649,314,335,0,1,2,p_1.30.24_LL3f_mi,7
284,181,142,225,660,327,333,0,1,2,p_1.30.24_LL3f_mi,7
285,181,136,228,654,335,319,0,1,2,p_1.30.24_LL3f_mi,7
286,180,137,228,652,345,307,0,1,2,p_1.30.24_LL3f_mi,7
287,187,145,232,633,319,314,0,1,2,p_1.30.24_LL3f_mi,7
288,172,134,225,660,336,324,0,1,2,p_1.30.24_LL3f_mi,7
289,179,140,227,648,316,332,0,1,2,p_1.30.24_LL3f_mi,7
290,171,133,222,669,342,327,0,1,2,p_1.30.24_LL3f_mi,7
291,169,128,218,677,338,339,0,1,2,p_1.30.24_LL3f_mi,7
292,173,136,217,685,352,333,0,1,2,p_1.30.24_LL3f_mi,7
293,174,138,222,667,327,340,0,1,2,p_1.30.24_LL3f_mi,7
294,172,129,226,659,319,340,0,1,2,p_1.30.24_LL3f_mi,7
295,177,143,225,656,331,325,0,1,2,p_1.30.24_LL3f_mi,7
296,174,129,223,666,322,344,0,1,2,p_1.30.24_LL3f_mi,7
297,182,133,227,656,323,333,0,1,2,p_1.30.24_LL3f_mi,7
298,169,131,217,677,332,345,0,1,2,p_1.30.24_LL3f_mi,7
299,164,121,221,674,347,327,0,1,2,p_1.30.24_LL3f_mi,7
300,172,140,224,663,337,326,0,1,2,p_1.30.24_LL3f_mi,7
301,160,134,207,708,342,366,0,1,2,p_1.30.24_LL3f_mi,7
302,177,141,223,667,337,330,0,1,2,p_1.30.24_LL3f_mi,7
303,181,144,229,647,317,330,0,1,2,p_1.30.24_LL3f_mi,7
304,178,138,229,654,323,331,0,1,2,p_1.30.24_LL3f_mi,7
305,179,136,234,641,309,332,0,1,2,p_1.30.24_LL3f_mi,7
306,171,132,226,660,329,331,0,1,2,p_1.30.24_LL3f_mi,7
307,175,138,226,660,313,347,0,1,2,p_1.30.24_LL3f_mi,7
308,173,136,219,677,319,358,0,1,2,p_1.30.24_LL3f_mi,7
309,177,135,226,657,315,342,0,1,2,p_1.30.24_LL3f_mi,7
310,170,136,219,685,341,344,0,1,2,p_1.30.24_LL3f_mi,7
311,166,133,221,674,341,333,0,1,2,p_1.30.24_LL3f_mi,7
312,175,139,220,673,331,342,0,1,2,p_1.30.24_LL3f_mi,7
313,177,140,227,651,312,339,0,1,2,p_1.30.24_LL3f_mi,7
314,182,139,229,649,322,327,0,1,2,p_1.30.24_LL3f_mi,7
315,168,133,220,675,328,347,0,1,2,p_1.30.24_LL3f_mi,7
316,177,142,228,653,311,342,0,1,2,p_1.30.24_LL3f_mi,7
317,176,138,230,647,331,316,0,1,2,p_1.30.24_LL3f_mi,7
318,177,135,227,653,316,337,0,1,2,p_1.30.24_LL3f_mi,7
319,166,128,218,678,332,346,0,1,2,p_1.30.24_LL3f_mi,7
320,167,133,217,684,333,351,0,1,2,p_1.30.24_LL3f_mi,7
321,170,132,224,658,323,335,0,1,2,p_1.30.24_LL3f_mi,7
322,178,140,231,642,321,321,0,1,2,p_1.30.24_LL3f_mi,7
323,192,149,236,623,308,315,0,1,2,p_1.30.24_LL3f_mi,7
324,178,131,226,656,331,325,0,1,2,p_1.30.24_LL3f_mi,7
325,177,132,223,659,348,311,0,1,2,p_1.30.24_LL3f_mi,7
326,162,132,205,713,369,344,0,1,2,p_1.30.24_LL3f_mi,7
327,168,131,215,689,362,327,0,1,2,p_1.30.24_LL3f_mi,7
328,177,133,229,650,340,310,0,1,2,p_1.30.24_LL3f_mi,7
329,183,139,228,660,325,335,0,1,2,p_1.30.24_LL3f_mi,7
330,175,134,226,660,323,337,0,1,2,p_1.30.24_LL3f_mi,7
331,170,144,220,674,315,359,0,1,2,p_1.30.24_LL3f_mi,7
332,182,141,225,661,320,341,0,1,2,p_1.30.24_LL3f_mi,7
333,172,139,221,671,305,366,0,1,2,p_1.30.24_LL3f_mi,7
334,175,149,222,672,311,361,0,1,2,p_1.30.24_LL3f_mi,7
335,171,133,218,680,317,363,0,1,2,p_1.30.24_LL3f_mi,7
336,179,143,226,660,326,334,0,1,2,p_1.30.24_LL3f_mi,7
337,168,133,219,677,347,330,0,1,2,p_1.30.24_LL3f_mi,7
338,176,134,227,664,333,331,0,1,2,p_1.30.24_LL3f_mi,7
339,179,141,229,643,329,314,0,1,2,p_1.30.24_LL3f_mi,7
340,183,141,233,637,314,323,0,1,2,p_1.30.24_LL3f_mi,7
341,174,139,225,662,340,322,0,1,2,p_1.30.24_LL3f_mi,7
342,181,129,224,666,331,335,0,1,2,p_1.30.24_LL3f_mi,7
343,170,131,220,680,351,329,0,1,2,p_1.30.24_LL3f_mi,7
344,175,140,223,668,347,321,0,1,2,p_1.30.24_LL3f_mi,7
345,171,122,214,695,348,347,0,1,2,p_1.30.24_LL3f_mi,7
346,168,135,217,681,337,344,0,1,2,p_1.30.24_LL3f_mi,7
347,166,131,223,665,352,313,0,1,2,p_1.30.24_LL3f_mi,7
348,171,132,220,679,354,325,0,1,2,p_1.30.24_LL3f_mi,7
349,174,138,222,673,344,329,0,1,2,p_1.30.24_LL3f_mi,7
350,173,129,222,664,337,327,0,1,2,p_1.30.24_LL3f_mi,7
1,0,0,0,628,327,301,0,1,3,p_1.30.24_LL3f_mi,7
2,82,77,113,869,458,411,0,1,3,p_1.30.24_LL3f_mi,7
3,134,115,172,777,396,381,0,1,3,p_1.30.24_LL3f_mi,7
4,167,135,210,704,352,352,0,1,3,p_1.30.24_LL3f_mi,7
5,175,127,228,652,331,321,0,1,3,p_1.30.24_LL3f_mi,7
6,185,143,234,627,322,305,0,1,3,p_1.30.24_LL3f_mi,7
7,171,133,224,661,336,325,0,1,3,p_1.30.24_LL3f_mi,7
8,174,137,219,683,340,343,0,1,3,p_1.30.24_LL3f_mi,7
9,179,134,227,660,327,333,0,1,3,p_1.30.24_LL3f_mi,7
10,169,129,220,674,359,315,0,1,3,p_1.30.24_LL3f_mi,7
11,171,138,220,676,343,333,0,1,3,p_1.30.24_LL3f_mi,7
12,176,137,225,656,318,338,0,1,3,p_1.30.24_LL3f_mi,7
13,173,141,220,676,324,352,0,1,3,p_1.30.24_LL3f_mi,7
14,174,136,228,651,323,328,0,1,3,p_1.30.24_LL3f_mi,7
15,174,135,223,670,333,337,0,1,3,p_1.30.24_LL3f_mi,7
16,172,135,220,675,346,329,0,1,3,p_1.30.24_LL3f_mi,7
17,179,147,221,675,319,356,0,1,3,p_1.30.24_LL3f_mi,7
18,175,135,225,664,333,331,0,1,3,p_1.30.24_LL3f_mi,7
19,165,120,216,687,361,326,0,1,3,p_1.30.24_LL3f_mi,7
20,174,137,223,669,335,334,0,1,3,p_1.30.24_LL3f_mi,7
21,177,138,224,661,344,317,0,1,3,p_1.30.24_LL3f_mi,7
22,175,134,224,670,356,314,0,1,3,p_1.30.24_LL3f_mi,7
23,171,132,217,682,358,324,0,1,3,p_1.30.24_LL3f_mi,7
24,182,148,232,644,321,323,0,1,3,p_1.30.24_LL3f_mi,7
25,172,138,224,664,339,325,0,1,3,p_1.30.24_LL3f_mi,7
26,164,129,206,713,376,337,0,1,3,p_1.30.24_LL3f_mi,7
27,160,126,212,696,366,330,0,1,3,p_1.30.24_LL3f_mi,7
28,182,129,228,644,337,307,0,1,3,p_1.30.24_LL3f_mi,7
29,174,139,223,669,357,312,0,1,3,p_1.30.24_LL3f_mi,7
30,178,136,226,661,340,321,0,1,3,p_1.30.24_LL3f_mi,7
31,178,131,227,650,322,328,0,1,3,p_1.30.24_LL3f_mi,7
32,171,135,228,657,328,329,0,1,3,p_1.30.24_LL3f_mi,7
33,173,142,226,663,302,361,0,1,3,p_1.30.24_LL3f_mi,7
34,164,133,216,685,322,363,0,1,3,p_1.30.24_LL3f_mi,7
35,180,139,226,654,297,357,0,1,3,p_1.30.24_LL3f_mi,7
36,165,134,219,677,314,363,0,1,3,p_1.30.24_LL3f_mi,7
37,178,140,226,656,321,335,0,1,3,p_1.30.24_LL3f_mi,7
38,168,139,221,671,318,353,0,1,3,p_1.30.24_LL3f_mi,7
39,180,138,230,647,319,328,0,1,3,p_1.30.24_LL3f_mi,7
40,170,138,221,676,326,350,0,1,3,p_1.30.24_LL3f_mi,7
41,172,135,224,663,318,345,0,1,3,p_1.30.24_LL3f_mi,7
42,166,128,216,686,319,367,0,1,3,p_1.30.24_LL3f_mi,7
43,177,137,220,671,314,357,0,1,3,p_1.30.24_LL3f_mi,7
44,174,141,221,671,316,355,0,1,3,p_1.30.24_LL3f_mi,7
45,174,136,219,680,321,359,0,1,3,p_1.30.24_LL3f_mi,7
46,169,130,218,685,342,343,0,1,3,p_1.30.24_LL3f_mi,7
47,174,144,225,661,325,336,0,1,3,p_1.30.24_LL3f_mi,7
48,171,139,219,679,331,348,0,1,3,p_1.30.24_LL3f_mi,7
49,171,142,228,654,318,336,0,1,3,p_1.30.24_LL3f_mi,7
50,170,134,222,668,329,339,0,1,3,p_1.30.24_LL3f_mi,7
51,168,130,207,710,356,354,0,1,3,p_1.30.24_LL3f_mi,7
52,176,136,223,671,335,336,0,1,3,p_1.30.24_LL3f_mi,7
53,181,138,230,642,322,320,0,1,3,p_1.30.24_LL3f_mi,7
54,173,136,231,642,310,332,0,1,3,p_1.30.24_LL3f_mi,7
55,182,134,222,665,332,333,0,1,3,p_1.30.24_LL3f_mi,7
56,175,134,230,640,325,315,0,1,3,p_1.30.24_LL3f_mi,7
57,185,147,228,652,307,345,0,1,3,p_1.30.24_LL3f_mi,7
58,173,140,225,668,320,348,0,1,3,p_1.30.24_LL3f_mi,7
59,167,131,221,675,326,349,0,1,3,p_1.30.24_LL3f_mi,7
60,169,136,214,691,331,360,0,1,3,p_1.30.24_LL3f_mi,7
61,170,136,219,670,312,358,0,1,3,p_1.30.24_LL3f_mi,7
62,159,132,213,692,327,365,0,1,3,p_1.30.24_LL3f_mi,7
63,177,141,222,666,315,351,0,1,3,p_1.30.24_LL3f_mi,7
64,175,134,229,651,303,348,0,1,3,p_1.30.24_LL3f_mi,7
65,178,139,225,664,313,351,0,1,3,p_1.30.24_LL3f_mi,7
66,187,141,224,662,325,337,0,1,3,p_1.30.24_LL3f_mi,7
67,172,137,222,674,336,338,0,1,3,p_1.30.24_LL3f_mi,7
68,177,134,231,637,325,312,0,1,3,p_1.30.24_LL3f_mi,7
69,183,141,234,639,317,322,0,1,3,p_1.30.24_LL3f_mi,7
70,178,140,223,669,329,340,0,1,3,p_1.30.24_LL3f_mi,7
71,175,135,223,667,329,338,0,1,3,p_1.30.24_LL3f_mi,7
72,174,136,227,661,332,329,0,1,3,p_1.30.24_LL3f_mi,7
73,172,131,223,669,333,336,0,1,3,p_1.30.24_LL3f_mi,7
74,165,134,219,677,341,336,0,1,3,p_1.30.24_LL3f_mi,7
75,175,129,228,651,335,316,0,1,3,p_1.30.24_LL3f_mi,7
76,156,124,204,719,376,343,0,1,3,p_1.30.24_LL3f_mi,7
77,170,135,215,688,361,327,0,1,3,p_1.30.24_LL3f_mi,7
78,176,139,222,667,349,318,0,1,3,p_1.30.24_LL3f_mi,7
79,165,121,222,674,355,319,0,1,3,p_1.30.24_LL3f_mi,7
80,175,140,226,660,339,321,0,1,3,p_1.30.24_LL3f_mi,7
81,181,143,226,657,336,321,0,1,3,p_1.30.24_LL3f_mi,7
82,183,136,223,671,356,315,0,1,3,p_1.30.24_LL3f_mi,7
83,174,134,222,669,338,331,0,1,3,p_1.30.24_LL3f_mi,7
84,168,136,223,665,331,334,0,1,3,p_1.30.24_LL3f_mi,7
85,170,128,226,657,321,336,0,1,3,p_1.30.24_LL3f_mi,7
86,176,138,225,666,338,328,0,1,3,p_1.30.24_LL3f_mi,7
87,178,130,228,650,336,314,0,1,3,p_1.30.24_LL3f_mi,7
88,183,139,234,638,315,323,0,1,3,p_1.30.24_LL3f_mi,7
89,182,136,227,658,325,333,0,1,3,p_1.30.24_LL3f_mi,7
90,171,130,218,685,339,346,0,1,3,p_1.30.24_LL3f_mi,7
91,163,128,211,701,344,357,0,1,3,p_1.30.24_LL3f_mi,7
92,163,126,220,682,350,332,0,1,3,p_1.30.24_LL3f_mi,7
93,169,135,216,682,343,339,0,1,3,p_1.30.24_LL3f_mi,7
94,182,144,227,660,312,348,0,1,3,p_1.30.24_LL3f_mi,7
95,170,139,219,676,330,346,0,1,3,p_1.30.24_LL3f_mi,7
96,172,138,223,665,331,334,0,1,3,p_1.30.24_LL3f_mi,7
97,178,138,225,662,315,347,0,1,3,p_1.30.24_LL3f_mi,7
98,165,129,217,679,320,359,0,1,3,p_1.30.24_LL3f_mi,7
99,173,143,226,654,301,353,0,1,3,p_1.30.24_LL3f_mi,7
100,146,116,192,660,313,347,0,1,3,p_1.30.24_LL3f_mi,7
101,113,94,143,683,335,348,0,1,3,p_1.30.24_LL3f_mi,7
102,118,98,151,587,289,298,0,1,3,p_1.30.24_LL3f_mi,7
103,116,89,147,519,256,263,0,1,3,p_1.30.24_LL3f_mi,7
104,95,84,120,497,230,267,0,1,3,p_1.30.24_LL3f_mi,7
105,86,72,106,446,201,245,0,1,3,p_1.30.24_LL3f_mi,7
106,72,63,93,391,173,218,0,1,3,p_1.30.24_LL3f_mi,7
107,64,56,79,342,159,183,0,1,3,p_1.30.24_LL3f_mi,7
108,44,38,58,300,135,165,0,1,3,p_1.30.24_LL3f_mi,7
109,38,35,49,240,112,128,0,1,3,p_1.30.24_LL3f_mi,7
110,24,22,29,222,101,121,0,1,3,p_1.30.24_LL3f_mi,7
111,29,26,38,167,83,84,0,1,3,p_1.30.24_LL3f_mi,7
112,31,20,38,134,68,66,0,1,3,p_1.30.24_LL3f_mi,7
113,28,23,37,132,68,64,0,1,3,p_1.30.24_LL3f_mi,7
114,29,26,36,120,55,65,0,1,3,p_1.30.24_LL3f_mi,7
115,25,20,33,110,52,58,0,1,3,p_1.30.24_LL3f_mi,7
116,25,20,33,104,55,49,0,1,3,p_1.30.24_LL3f_mi,7
117,24,19,33,101,49,52,0,1,3,p_1.30.24_LL3f_mi,7
118,28,23,35,108,49,59,0,1,3,p_1.30.24_LL3f_mi,7
119,28,23,35,109,55,54,0,1,3,p_1.30.24_LL3f_mi,7
120,25,19,32,96,50,46,0,1,3,p_1.30.24_LL3f_mi,7
121,25,20,32,97,46,51,0,1,3,p_1.30.24_LL3f_mi,7
122,25,22,34,93,43,50,0,1,3,p_1.30.24_LL3f_mi,7
123,28,21,32,93,40,53,0,1,3,p_1.30.24_LL3f_mi,7
124,25,17,32,96,48,48,0,1,3,p_1.30.24_LL3f_mi,7
125,28,22,38,121,54,67,15,1,3,p_1.30.24_LL3f_mi,7
126,27,19,36,125,59,66,10,1,3,p_1.30.24_LL3f_mi,7
127,25,20,35,113,55,58,3,1,3,p_1.30.24_LL3f_mi,7
128,25,18,33,101,42,59,1,1,3,p_1.30.24_LL3f_mi,7
129,24,20,31,100,40,60,0,1,3,p_1.30.24_LL3f_mi,7
130,26,21,33,94,42,52,0,1,3,p_1.30.24_LL3f_mi,7
131,25,19,32,92,50,42,0,1,3,p_1.30.24_LL3f_mi,7
132,21,17,31,102,56,46,0,1,3,p_1.30.24_LL3f_mi,7
133,26,21,31,93,43,50,0,1,3,p_1.30.24_LL3f_mi,7
134,26,19,32,93,40,53,0,1,3,p_1.30.24_LL3f_mi,7
135,24,17,31,96,52,44,0,1,3,p_1.30.24_LL3f_mi,7
136,23,16,31,94,55,39,0,1,3,p_1.30.24_LL3f_mi,7
137,25,19,31,94,50,44,0,1,3,p_1.30.24_LL3f_mi,7
138,25,19,33,97,49,48,0,1,3,p_1.30.24_LL3f_mi,7
139,25,21,33,97,42,55,0,1,3,p_1.30.24_LL3f_mi,7
140,27,23,35,115,42,73,18,1,3,p_1.30.24_LL3f_mi,7
141,27,22,35,109,44,65,6,1,3,p_1.30.24_LL3f_mi,7
142,28,22,36,109,48,61,6,1,3,p_1.30.24_LL3f_mi,7
143,26,20,35,111,58,53,2,1,3,p_1.30.24_LL3f_mi,7
144,29,21,37,114,60,54,1,1,3,p_1.30.24_LL3f_mi,7
145,26,19,34,113,59,54,1,1,3,p_1.30.24_LL3f_mi,7
146,28,24,34,105,52,53,0,1,3,p_1.30.24_LL3f_mi,7
147,28,20,35,113,52,61,0,1,3,p_1.30.24_LL3f_mi,7
148,27,24,36,109,54,55,0,1,3,p_1.30.24_LL3f_mi,7
149,26,23,33,111,60,51,0,1,3,p_1.30.24_LL3f_mi,7
150,29,22,35,109,59,50,0,1,3,p_1.30.24_LL3f_mi,7
151,54,36,79,112,58,54,0,1,3,p_1.30.24_LL3f_mi,7
152,69,46,96,148,75,73,0,1,3,p_1.30.24_LL3f_mi,7
153,87,57,122,196,98,98,0,1,3,p_1.30.24_LL3f_mi,7
154,106,73,143,256,136,120,0,1,3,p_1.30.24_LL3f_mi,7
155,126,91,162,332,177,155,22,1,3,p_1.30.24_LL3f_mi,7
156,139,94,179,385,201,184,9,1,3,p_1.30.24_LL3f_mi,7
157,146,103,194,457,234,223,4,1,3,p_1.30.24_LL3f_mi,7
158,167,116,208,511,266,245,2,1,3,p_1.30.24_LL3f_mi,7
159,172,124,225,548,282,266,0,1,3,p_1.30.24_LL3f_mi,7
160,183,131,242,603,303,300,0,1,3,p_1.30.24_LL3f_mi,7
161,177,138,227,650,330,320,0,1,3,p_1.30.24_LL3f_mi,7
162,175,137,226,657,336,321,0,1,3,p_1.30.24_LL3f_mi,7
163,170,133,220,678,345,333,0,1,3,p_1.30.24_LL3f_mi,7
164,173,138,225,662,333,329,0,1,3,p_1.30.24_LL3f_mi,7
165,173,137,221,677,332,345,0,1,3,p_1.30.24_LL3f_mi,7
166,178,138,218,686,346,340,0,1,3,p_1.30.24_LL3f_mi,7
167,178,128,224,663,332,331,0,1,3,p_1.30.24_LL3f_mi,7
168,173,137,225,661,326,335,0,1,3,p_1.30.24_LL3f_mi,7
169,167,138,214,686,341,345,0,1,3,p_1.30.24_LL3f_mi,7
170,167,125,210,697,344,353,15,1,3,p_1.30.24_LL3f_mi,7
171,171,130,218,679,345,334,9,1,3,p_1.30.24_LL3f_mi,7
172,173,135,222,675,340,335,5,1,3,p_1.30.24_LL3f_mi,7
173,171,136,223,665,320,345,1,1,3,p_1.30.24_LL3f_mi,7
174,163,131,212,694,344,350,1,1,3,p_1.30.24_LL3f_mi,7
175,172,134,218,680,331,349,0,1,3,p_1.30.24_LL3f_mi,7
176,164,129,204,715,361,354,0,1,3,p_1.30.24_LL3f_mi,7
177,183,145,229,650,318,332,0,1,3,p_1.30.24_LL3f_mi,7
178,178,138,228,647,316,331,0,1,3,p_1.30.24_LL3f_mi,7
179,176,132,220,678,342,336,0,1,3,p_1.30.24_LL3f_mi,7
180,180,128,227,656,356,300,0,1,3,p_1.30.24_LL3f_mi,7
181,171,140,225,662,344,318,0,1,3,p_1.30.24_LL3f_mi,7
182,170,147,215,688,337,351,0,1,3,p_1.30.24_LL3f_mi,7
183,173,132,223,668,334,334,0,1,3,p_1.30.24_LL3f_mi,7
184,180,132,224,656,337,319,0,1,3,p_1.30.24_LL3f_mi,7
185,177,132,224,665,321,344,0,1,3,p_1.30.24_LL3f_mi,7
186,169,138,219,675,322,353,0,1,3,p_1.30.24_LL3f_mi,7
187,175,137,223,672,332,340,0,1,3,p_1.30.24_LL3f_mi,7
188,175,136,227,648,325,323,0,1,3,p_1.30.24_LL3f_mi,7
189,170,124,223,670,333,337,0,1,3,p_1.30.24_LL3f_mi,7
190,167,134,218,678,344,334,0,1,3,p_1.30.24_LL3f_mi,7
191,174,136,221,669,350,319,0,1,3,p_1.30.24_LL3f_mi,7
192,179,143,220,673,349,324,0,1,3,p_1.30.24_LL3f_mi,7
193,166,128,219,680,334,346,0,1,3,p_1.30.24_LL3f_mi,7
194,180,135,227,652,319,333,0,1,3,p_1.30.24_LL3f_mi,7
195,173,134,223,664,337,327,0,1,3,p_1.30.24_LL3f_mi,7
196,175,129,225,660,326,334,0,1,3,p_1.30.24_LL3f_mi,7
197,171,134,218,681,310,371,0,1,3,p_1.30.24_LL3f_mi,7
198,178,139,226,660,322,338,0,1,3,p_1.30.24_LL3f_mi,7
199,175,130,227,655,322,333,0,1,3,p_1.30.24_LL3f_mi,7
200,170,129,225,666,336,330,0,1,3,p_1.30.24_LL3f_mi,7
201,154,126,201,723,370,353,0,1,3,p_1.30.24_LL3f_mi,7
202,180,134,231,645,326,319,0,1,3,p_1.30.24_LL3f_mi,7
203,167,138,223,669,340,329,0,1,3,p_1.30.24_LL3f_mi,7
204,172,144,222,675,327,348,0,1,3,p_1.30.24_LL3f_mi,7
205,175,141,228,649,306,343,0,1,3,p_1.30.24_LL3f_mi,7
206,180,138,231,641,317,324,0,1,3,p_1.30.24_LL3f_mi,7
207,182,142,227,658,324,334,0,1,3,p_1.30.24_LL3f_mi,7
208,174,133,223,668,341,327,0,1,3,p_1.30.24_LL3f_mi,7
209,181,136,228,651,328,323,0,1,3,p_1.30.24_LL3f_mi,7
210,175,133,228,653,312,341,0,1,3,p_1.30.24_LL3f_mi,7
211,166,133,225,657,317,340,0,1,3,p_1.30.24_LL3f_mi,7
212,172,136,221,677,339,338,0,1,3,p_1.30.24_LL3f_mi,7
213,175,137,223,670,326,344,0,1,3,p_1.30.24_LL3f_mi,7
214,170,131,224,664,340,324,0,1,3,p_1.30.24_LL3f_mi,7
215,166,134,215,685,348,337,0,1,3,p_1.30.24_LL3f_mi,7
216,164,128,220,678,328,350,0,1,3,p_1.30.24_LL3f_mi,7
217,170,135,217,680,338,342,0,1,3,p_1.30.24_LL3f_mi,7
218,172,136,223,669,333,336,0,1,3,p_1.30.24_LL3f_mi,7
219,184,142,228,652,321,331,0,1,3,p_1.30.24_LL3f_mi,7
220,176,140,227,654,327,327,0,1,3,p_1.30.24_LL3f_mi,7
221,173,132,224,666,341,325,0,1,3,p_1.30.24_LL3f_mi,7
222,174,130,223,666,335,331,0,1,3,p_1.30.24_LL3f_mi,7
223,182,140,224,661,332,329,0,1,3,p_1.30.24_LL3f_mi,7
224,178,136,229,656,335,321,0,1,3,p_1.30.24_LL3f_mi,7
225,179,139,225,658,333,325,0,1,3,p_1.30.24_LL3f_mi,7
226,154,120,203,713,375,338,0,1,3,p_1.30.24_LL3f_mi,7
227,175,129,227,645,336,309,0,1,3,p_1.30.24_LL3f_mi,7
228,179,135,231,639,323,316,0,1,3,p_1.30.24_LL3f_mi,7
229,177,138,229,652,330,322,0,1,3,p_1.30.24_LL3f_mi,7
230,175,129,223,665,355,310,0,1,3,p_1.30.24_LL3f_mi,7
231,173,139,218,685,350,335,0,1,3,p_1.30.24_LL3f_mi,7
232,164,123,216,684,367,317,0,1,3,p_1.30.24_LL3f_mi,7
233,176,134,222,665,364,301,0,1,3,p_1.30.24_LL3f_mi,7
234,174,136,225,658,349,309,0,1,3,p_1.30.24_LL3f_mi,7
235,172,130,230,650,342,308,0,1,3,p_1.30.24_LL3f_mi,7
236,172,124,225,660,351,309,0,1,3,p_1.30.24_LL3f_mi,7
237,182,130,227,650,360,290,0,1,3,p_1.30.24_LL3f_mi,7
238,177,123,231,644,352,292,0,1,3,p_1.30.24_LL3f_mi,7
239,173,125,225,662,355,307,0,1,3,p_1.30.24_LL3f_mi,7
240,172,131,219,682,366,316,0,1,3,p_1.30.24_LL3f_mi,7
241,179,147,223,668,334,334,0,1,3,p_1.30.24_LL3f_mi,7
242,179,137,230,651,315,336,0,1,3,p_1.30.24_LL3f_mi,7
243,176,136,223,666,317,349,0,1,3,p_1.30.24_LL3f_mi,7
244,180,144,230,639,299,340,0,1,3,p_1.30.24_LL3f_mi,7
245,172,143,222,671,323,348,0,1,3,p_1.30.24_LL3f_mi,7
246,174,142,227,658,315,343,0,1,3,p_1.30.24_LL3f_mi,7
247,175,136,225,667,334,333,0,1,3,p_1.30.24_LL3f_mi,7
248,163,134,209,705,337,368,0,1,3,p_1.30.24_LL3f_mi,7
249,170,143,223,665,315,350,0,1,3,p_1.30.24_LL3f_mi,7
250,184,134,227,652,323,329,0,1,3,p_1.30.24_LL3f_mi,7
251,161,130,212,699,342,357,0,1,3,p_1.30.24_LL3f_mi,7
252,172,134,216,683,321,362,0,1,3,p_1.30.24_LL3f_mi,7
253,185,141,235,627,286,341,0,1,3,p_1.30.24_LL3f_mi,7
254,173,138,221,668,323,345,0,1,3,p_1.30.24_LL3f_mi,7
255,167,139,222,669,331,338,0,1,3,p_1.30.24_LL3f_mi,7
256,174,141,222,669,330,339,0,1,3,p_1.30.24_LL3f_mi,7
257,171,129,223,673,343,330,0,1,3,p_1.30.24_LL3f_mi,7
258,167,132,217,689,351,338,0,1,3,p_1.30.24_LL3f_mi,7
259,175,131,222,673,342,331,0,1,3,p_1.30.24_LL3f_mi,7
260,172,132,225,661,327,334,0,1,3,p_1.30.24_LL3f_mi,7
261,181,135,224,663,343,320,0,1,3,p_1.30.24_LL3f_mi,7
262,172,134,225,661,329,332,0,1,3,p_1.30.24_LL3f_mi,7
263,174,132,225,665,322,343,0,1,3,p_1.30.24_LL3f_mi,7
264,179,137,229,655,329,326,0,1,3,p_1.30.24_LL3f_mi,7
265,169,128,228,653,331,322,0,1,3,p_1.30.24_LL3f_mi,7
266,164,134,217,680,353,327,0,1,3,p_1.30.24_LL3f_mi,7
267,179,139,220,671,332,339,0,1,3,p_1.30.24_LL3f_mi,7
268,179,148,225,655,314,341,0,1,3,p_1.30.24_LL3f_mi,7
269,170,136,223,676,343,333,0,1,3,p_1.30.24_LL3f_mi,7
270,174,134,226,660,338,322,0,1,3,p_1.30.24_LL3f_mi,7
271,180,140,230,646,328,318,0,1,3,p_1.30.24_LL3f_mi,7
272,162,136,214,693,345,348,0,1,3,p_1.30.24_LL3f_mi,7
273,170,134,216,681,335,346,0,1,3,p_1.30.24_LL3f_mi,7
274,169,136,223,662,325,337,0,1,3,p_1.30.24_LL3f_mi,7
275,170,134,221,676,341,335,0,1,3,p_1.30.24_LL3f_mi,7
276,164,134,215,693,359,334,0,1,3,p_1.30.24_LL3f_mi,7
277,176,138,228,654,341,313,0,1,3,p_1.30.24_LL3f_mi,7
278,167,141,224,663,327,336,0,1,3,p_1.30.24_LL3f_mi,7
279,172,135,231,648,332,316,0,1,3,p_1.30.24_LL3f_mi,7
280,161,125,219,681,349,332,0,1,3,p_1.30.24_LL3f_mi,7
281,174,140,222,669,344,325,0,1,3,p_1.30.24_LL3f_mi,7
282,167,129,213,694,349,345,0,1,3,p_1.30.24_LL3f_mi,7
283,172,130,223,667,330,337,0,1,3,p_1.30.24_LL3f_mi,7
284,179,134,228,657,333,324,0,1,3,p_1.30.24_LL3f_mi,7
285,180,141,225,670,323,347,0,1,3,p_1.30.24_LL3f_mi,7
286,177,140,222,673,348,325,0,1,3,p_1.30.24_LL3f_mi,7
287,172,136,215,687,341,346,0,1,3,p_1.30.24_LL3f_mi,7
288,172,135,218,682,335,347,0,1,3,p_1.30.24_LL3f_mi,7
289,173,140,223,665,319,346,0,1,3,p_1.30.24_LL3f_mi,7
290,172,126,226,659,310,349,0,1,3,p_1.30.24_LL3f_mi,7
291,169,138,221,677,326,351,0,1,3,p_1.30.24_LL3f_mi,7
292,167,132,218,675,331,344,0,1,3,p_1.30.24_LL3f_mi,7
293,167,138,218,686,328,358,0,1,3,p_1.30.24_LL3f_mi,7
294,180,141,228,658,321,337,0,1,3,p_1.30.24_LL3f_mi,7
295,183,144,226,655,338,317,0,1,3,p_1.30.24_LL3f_mi,7
296,165,131,220,684,353,331,0,1,3,p_1.30.24_LL3f_mi,7
297,175,131,225,659,353,306,0,1,3,p_1.30.24_LL3f_mi,7
298,170,129,223,663,364,299,0,1,3,p_1.30.24_LL3f_mi,7
299,165,134,221,674,350,324,0,1,3,p_1.30.24_LL3f_mi,7
300,173,133,223,666,349,317,0,1,3,p_1.30.24_LL3f_mi,7
301,154,122,204,716,376,340,0,1,3,p_1.30.24_LL3f_mi,7
302,166,129,222,666,344,322,0,1,3,p_1.30.24_LL3f_mi,7
303,182,145,233,643,324,319,0,1,3,p_1.30.24_LL3f_mi,7
304,184,147,226,655,301,354,0,1,3,p_1.30.24_LL3f_mi,7
305,170,134,221,680,330,350,0,1,3,p_1.30.24_LL3f_mi,7
306,170,132,222,668,332,336,0,1,3,p_1.30.24_LL3f_mi,7
307,175,141,223,670,328,342,0,1,3,p_1.30.24_LL3f_mi,7
308,174,134,225,661,345,316,0,1,3,p_1.30.24_LL3f_mi,7
309,176,135,231,639,325,314,0,1,3,p_1.30.24_LL3f_mi,7
310,170,136,220,676,345,331,0,1,3,p_1.30.24_LL3f_mi,7
311,174,136,215,688,354,334,0,1,3,p_1.30.24_LL3f_mi,7
312,178,137,229,658,330,328,0,1,3,p_1.30.24_LL3f_mi,7
313,175,133,224,663,344,319,0,1,3,p_1.30.24_LL3f_mi,7
314,184,142,228,658,346,312,0,1,3,p_1.30.24_LL3f_mi,7
315,181,134,232,642,328,314,0,1,3,p_1.30.24_LL3f_mi,7
316,174,132,223,664,342,322,0,1,3,p_1.30.24_LL3f_mi,7
317,169,136,223,675,347,328,0,1,3,p_1.30.24_LL3f_mi,7
318,171,131,219,679,329,350,0,1,3,p_1.30.24_LL3f_mi,7
319,176,131,224,670,333,337,0,1,3,p_1.30.24_LL3f_mi,7
320,177,147,224,668,306,362,0,1,3,p_1.30.24_LL3f_mi,7
321,178,138,225,662,317,345,0,1,3,p_1.30.24_LL3f_mi,7
322,166,126,220,674,346,328,0,1,3,p_1.30.24_LL3f_mi,7
323,169,125,227,653,344,309,0,1,3,p_1.30.24_LL3f_mi,7
324,180,150,231,646,316,330,0,1,3,p_1.30.24_LL3f_mi,7
325,176,134,230,650,318,332,0,1,3,p_1.30.24_LL3f_mi,7
326,150,127,206,712,344,368,0,1,3,p_1.30.24_LL3f_mi,7
327,168,132,220,679,342,337,0,1,3,p_1.30.24_LL3f_mi,7
328,176,136,224,661,324,337,0,1,3,p_1.30.24_LL3f_mi,7
329,167,131,220,674,324,350,0,1,3,p_1.30.24_LL3f_mi,7
330,179,138,224,667,326,341,0,1,3,p_1.30.24_LL3f_mi,7
331,171,147,217,680,319,361,0,1,3,p_1.30.24_LL3f_mi,7
332,170,130,222,675,325,350,0,1,3,p_1.30.24_LL3f_mi,7
333,177,133,233,641,334,307,0,1,3,p_1.30.24_LL3f_mi,7
334,175,136,228,653,334,319,0,1,3,p_1.30.24_LL3f_mi,7
335,172,130,224,665,326,339,0,1,3,p_1.30.24_LL3f_mi,7
336,176,144,224,666,325,341,0,1,3,p_1.30.24_LL3f_mi,7
337,176,136,216,685,334,351,0,1,3,p_1.30.24_LL3f_mi,7
338,172,139,221,669,306,363,0,1,3,p_1.30.24_LL3f_mi,7
339,176,143,228,654,311,343,0,1,3,p_1.30.24_LL3f_mi,7
340,179,143,222,672,336,336,0,1,3,p_1.30.24_LL3f_mi,7
341,176,143,227,660,329,331,0,1,3,p_1.30.24_LL3f_mi,7
342,182,138,234,628,311,317,0,1,3,p_1.30.24_LL3f_mi,7
343,174,142,227,659,343,316,0,1,3,p_1.30.24_LL3f_mi,7
344,172,137,219,681,353,328,0,1,3,p_1.30.24_LL3f_mi,7
345,173,126,222,667,355,312,0,1,3,p_1.30.24_LL3f_mi,7
346,183,142,229,647,331,316,0,1,3,p_1.30.24_LL3f_mi,7
347,170,136,220,674,337,337,0,1,3,p_1.30.24_LL3f_mi,7
348,166,128,219,677,338,339,0,1,3,p_1.30.24_LL3f_mi,7
349,179,143,228,656,339,317,0,1,3,p_1.30.24_LL3f_mi,7
350,178,129,230,647,356,291,0,1,3,p_1.30.24_LL3f_mi,7
1,7,7,9,613,306,307,0,1,4,p_1.30.24_LL3f_mi,7
2,85,75,108,876,447,429,0,1,4,p_1.30.24_LL3f_mi,7
3,124,104,165,796,397,399,0,1,4,p_1.30.24_LL3f_mi,7
4,166,140,213,699,358,341,0,1,4,p_1.30.24_LL3f_mi,7
5,168,132,222,673,350,323,0,1,4,p_1.30.24_LL3f_mi,7
6,181,139,230,642,343,299,0,1,4,p_1.30.24_LL3f_mi,7
7,174,131,224,666,348,318,0,1,4,p_1.30.24_LL3f_mi,7
8,172,134,217,686,335,351,0,1,4,p_1.30.24_LL3f_mi,7
9,180,139,229,644,327,317,0,1,4,p_1.30.24_LL3f_mi,7
10,167,139,226,659,331,328,0,1,4,p_1.30.24_LL3f_mi,7
11,165,130,224,664,340,324,0,1,4,p_1.30.24_LL3f_mi,7
12,169,132,221,674,350,324,0,1,4,p_1.30.24_LL3f_mi,7
13,170,131,225,657,330,327,0,1,4,p_1.30.24_LL3f_mi,7
14,178,138,226,656,335,321,0,1,4,p_1.30.24_LL3f_mi,7
15,170,136,223,678,341,337,0,1,4,p_1.30.24_LL3f_mi,7
16,175,132,224,667,321,346,0,1,4,p_1.30.24_LL3f_mi,7
17,179,142,228,653,302,351,0,1,4,p_1.30.24_LL3f_mi,7
18,172,130,224,664,312,352,0,1,4,p_1.30.24_LL3f_mi,7
19,176,133,218,681,333,348,0,1,4,p_1.30.24_LL3f_mi,7
20,170,131,224,665,323,342,0,1,4,p_1.30.24_LL3f_mi,7
21,176,137,230,643,314,329,0,1,4,p_1.30.24_LL3f_mi,7
22,163,124,215,692,335,357,0,1,4,p_1.30.24_LL3f_mi,7
23,179,147,228,651,327,324,0,1,4,p_1.30.24_LL3f_mi,7
24,165,132,215,686,345,341,0,1,4,p_1.30.24_LL3f_mi,7
25,167,130,216,684,337,347,0,1,4,p_1.30.24_LL3f_mi,7
26,164,131,206,714,358,356,0,1,4,p_1.30.24_LL3f_mi,7
27,176,139,232,648,312,336,0,1,4,p_1.30.24_LL3f_mi,7
28,189,137,236,627,304,323,0,1,4,p_1.30.24_LL3f_mi,7
29,184,136,233,635,299,336,0,1,4,p_1.30.24_LL3f_mi,7
30,184,141,234,632,310,322,0,1,4,p_1.30.24_LL3f_mi,7
31,174,134,224,658,319,339,0,1,4,p_1.30.24_LL3f_mi,7
32,160,129,211,699,351,348,0,1,4,p_1.30.24_LL3f_mi,7
33,183,142,232,636,331,305,0,1,4,p_1.30.24_LL3f_mi,7
34,180,140,231,641,325,316,0,1,4,p_1.30.24_LL3f_mi,7
35,162,126,218,685,350,335,0,1,4,p_1.30.24_LL3f_mi,7
36,168,125,221,675,341,334,0,1,4,p_1.30.24_LL3f_mi,7
37,171,135,219,679,341,338,0,1,4,p_1.30.24_LL3f_mi,7
38,175,128,228,651,324,327,0,1,4,p_1.30.24_LL3f_mi,7
39,180,141,232,641,320,321,0,1,4,p_1.30.24_LL3f_mi,7
40,175,140,223,663,328,335,0,1,4,p_1.30.24_LL3f_mi,7
41,171,135,216,685,343,342,0,1,4,p_1.30.24_LL3f_mi,7
42,173,133,227,654,331,323,0,1,4,p_1.30.24_LL3f_mi,7
43,165,132,210,699,350,349,0,1,4,p_1.30.24_LL3f_mi,7
44,161,128,206,706,359,347,0,1,4,p_1.30.24_LL3f_mi,7
45,170,139,220,676,338,338,0,1,4,p_1.30.24_LL3f_mi,7
46,179,137,220,673,335,338,0,1,4,p_1.30.24_LL3f_mi,7
47,177,135,225,659,339,320,0,1,4,p_1.30.24_LL3f_mi,7
48,172,139,224,660,321,339,0,1,4,p_1.30.24_LL3f_mi,7
49,180,147,230,642,309,333,0,1,4,p_1.30.24_LL3f_mi,7
50,175,141,223,665,333,332,0,1,4,p_1.30.24_LL3f_mi,7
51,155,122,200,726,349,377,0,1,4,p_1.30.24_LL3f_mi,7
52,163,133,213,691,329,362,0,1,4,p_1.30.24_LL3f_mi,7
53,183,142,233,643,318,325,0,1,4,p_1.30.24_LL3f_mi,7
54,171,134,225,667,317,350,0,1,4,p_1.30.24_LL3f_mi,7
55,173,133,224,667,323,344,0,1,4,p_1.30.24_LL3f_mi,7
56,176,131,222,667,339,328,0,1,4,p_1.30.24_LL3f_mi,7
57,180,138,217,684,348,336,0,1,4,p_1.30.24_LL3f_mi,7
58,176,136,225,658,332,326,0,1,4,p_1.30.24_LL3f_mi,7
59,175,134,227,658,333,325,0,1,4,p_1.30.24_LL3f_mi,7
60,173,135,222,670,310,360,0,1,4,p_1.30.24_LL3f_mi,7
61,179,140,227,650,285,365,0,1,4,p_1.30.24_LL3f_mi,7
62,174,137,226,661,284,377,0,1,4,p_1.30.24_LL3f_mi,7
63,180,145,223,663,285,378,0,1,4,p_1.30.24_LL3f_mi,7
64,181,150,229,648,299,349,0,1,4,p_1.30.24_LL3f_mi,7
65,177,147,224,668,319,349,0,1,4,p_1.30.24_LL3f_mi,7
66,173,135,229,649,316,333,0,1,4,p_1.30.24_LL3f_mi,7
67,170,140,226,648,304,344,0,1,4,p_1.30.24_LL3f_mi,7
68,180,141,227,658,316,342,0,1,4,p_1.30.24_LL3f_mi,7
69,174,131,222,671,335,336,0,1,4,p_1.30.24_LL3f_mi,7
70,175,136,225,657,334,323,0,1,4,p_1.30.24_LL3f_mi,7
71,167,130,219,681,351,330,0,1,4,p_1.30.24_LL3f_mi,7
72,170,130,223,660,349,311,0,1,4,p_1.30.24_LL3f_mi,7
73,176,134,227,659,345,314,0,1,4,p_1.30.24_LL3f_mi,7
74,180,135,228,653,334,319,0,1,4,p_1.30.24_LL3f_mi,7
75,183,137,234,637,300,337,0,1,4,p_1.30.24_LL3f_mi,7
76,167,134,212,698,317,381,0,1,4,p_1.30.24_LL3f_mi,7
77,178,139,224,667,327,340,0,1,4,p_1.30.24_LL3f_mi,7
78,182,133,230,647,310,337,0,1,4,p_1.30.24_LL3f_mi,7
79,169,123,221,673,317,356,0,1,4,p_1.30.24_LL3f_mi,7
80,162,126,214,696,329,367,0,1,4,p_1.30.24_LL3f_mi,7
81,171,132,218,681,335,346,0,1,4,p_1.30.24_LL3f_mi,7
82,177,138,230,648,326,322,0,1,4,p_1.30.24_LL3f_mi,7
83,177,132,226,651,339,312,0,1,4,p_1.30.24_LL3f_mi,7
84,179,137,224,663,361,302,0,1,4,p_1.30.24_LL3f_mi,7
85,173,140,217,684,356,328,0,1,4,p_1.30.24_LL3f_mi,7
86,180,143,230,654,340,314,0,1,4,p_1.30.24_LL3f_mi,7
87,179,144,228,650,325,325,0,1,4,p_1.30.24_LL3f_mi,7
88,175,127,231,648,343,305,0,1,4,p_1.30.24_LL3f_mi,7
89,180,138,234,637,352,285,0,1,4,p_1.30.24_LL3f_mi,7
90,181,136,226,666,353,313,0,1,4,p_1.30.24_LL3f_mi,7
91,176,134,232,634,334,300,0,1,4,p_1.30.24_LL3f_mi,7
92,180,142,225,661,340,321,0,1,4,p_1.30.24_LL3f_mi,7
93,166,133,219,679,352,327,0,1,4,p_1.30.24_LL3f_mi,7
94,183,135,232,642,332,310,0,1,4,p_1.30.24_LL3f_mi,7
95,173,136,225,663,343,320,0,1,4,p_1.30.24_LL3f_mi,7
96,173,137,221,676,350,326,0,1,4,p_1.30.24_LL3f_mi,7
97,182,142,232,644,323,321,0,1,4,p_1.30.24_LL3f_mi,7
98,180,127,227,660,333,327,0,1,4,p_1.30.24_LL3f_mi,7
99,169,123,215,684,344,340,0,1,4,p_1.30.24_LL3f_mi,7
100,147,119,186,674,344,330,0,1,4,p_1.30.24_LL3f_mi,7
101,111,100,140,685,338,347,0,1,4,p_1.30.24_LL3f_mi,7
102,112,96,150,588,296,292,0,1,4,p_1.30.24_LL3f_mi,7
103,114,88,145,525,270,255,0,1,4,p_1.30.24_LL3f_mi,7
104,91,78,120,491,248,243,0,1,4,p_1.30.24_LL3f_mi,7
105,91,78,119,418,214,204,0,1,4,p_1.30.24_LL3f_mi,7
106,78,60,97,380,197,183,0,1,4,p_1.30.24_LL3f_mi,7
107,52,48,66,362,190,172,0,1,4,p_1.30.24_LL3f_mi,7
108,40,38,53,306,160,146,0,1,4,p_1.30.24_LL3f_mi,7
109,38,31,49,242,130,112,0,1,4,p_1.30.24_LL3f_mi,7
110,23,19,33,200,104,96,0,1,4,p_1.30.24_LL3f_mi,7
111,30,25,37,156,84,72,0,1,4,p_1.30.24_LL3f_mi,7
112,30,25,37,143,77,66,0,1,4,p_1.30.24_LL3f_mi,7
113,29,23,37,125,65,60,0,1,4,p_1.30.24_LL3f_mi,7
114,27,21,35,113,55,58,0,1,4,p_1.30.24_LL3f_mi,7
115,27,19,35,108,48,60,0,1,4,p_1.30.24_LL3f_mi,7
116,26,23,34,112,44,68,0,1,4,p_1.30.24_LL3f_mi,7
117,27,21,33,101,36,65,0,1,4,p_1.30.24_LL3f_mi,7
118,26,24,35,108,42,66,0,1,4,p_1.30.24_LL3f_mi,7
119,26,19,33,98,51,47,0,1,4,p_1.30.24_LL3f_mi,7
120,23,20,33,97,52,45,0,1,4,p_1.30.24_LL3f_mi,7
121,25,18,33,102,57,45,0,1,4,p_1.30.24_LL3f_mi,7
122,29,23,34,105,53,52,0,1,4,p_1.30.24_LL3f_mi,7
123,28,22,33,105,53,52,0,1,4,p_1.30.24_LL3f_mi,7
124,26,21,33,97,52,45,0,1,4,p_1.30.24_LL3f_mi,7
125,25,18,36,109,48,61,12,1,4,p_1.30.24_LL3f_mi,7
126,25,20,35,116,57,59,7,1,4,p_1.30.24_LL3f_mi,7
127,24,16,32,97,52,45,4,1,4,p_1.30.24_LL3f_mi,7
128,28,23,35,105,50,55,3,1,4,p_1.30.24_LL3f_mi,7
129,30,26,36,104,56,48,1,1,4,p_1.30.24_LL3f_mi,7
130,29,20,35,110,55,55,0,1,4,p_1.30.24_LL3f_mi,7
131,26,24,35,107,52,55,0,1,4,p_1.30.24_LL3f_mi,7
132,27,23,34,108,54,54,0,1,4,p_1.30.24_LL3f_mi,7
133,26,19,35,102,54,48,0,1,4,p_1.30.24_LL3f_mi,7
134,28,23,35,101,49,52,0,1,4,p_1.30.24_LL3f_mi,7
135,25,20,31,95,43,52,0,1,4,p_1.30.24_LL3f_mi,7
136,25,23,33,99,44,55,0,1,4,p_1.30.24_LL3f_mi,7
137,26,17,33,96,42,54,0,1,4,p_1.30.24_LL3f_mi,7
138,28,24,34,99,45,54,0,1,4,p_1.30.24_LL3f_mi,7
139,24,21,34,102,54,48,0,1,4,p_1.30.24_LL3f_mi,7
140,23,18,36,120,59,61,18,1,4,p_1.30.24_LL3f_mi,7
141,29,21,35,111,52,59,10,1,4,p_1.30.24_LL3f_mi,7
142,28,24,37,121,58,63,8,1,4,p_1.30.24_LL3f_mi,7
143,28,23,37,120,61,59,1,1,4,p_1.30.24_LL3f_mi,7
144,27,22,35,122,64,58,2,1,4,p_1.30.24_LL3f_mi,7
145,29,23,34,116,58,58,0,1,4,p_1.30.24_LL3f_mi,7
146,27,20,34,113,62,51,0,1,4,p_1.30.24_LL3f_mi,7
147,26,19,34,106,58,48,0,1,4,p_1.30.24_LL3f_mi,7
148,29,20,34,103,63,40,0,1,4,p_1.30.24_LL3f_mi,7
149,26,20,32,100,59,41,0,1,4,p_1.30.24_LL3f_mi,7
150,28,24,34,100,54,46,0,1,4,p_1.30.24_LL3f_mi,7
151,53,35,75,107,53,54,0,1,4,p_1.30.24_LL3f_mi,7
152,68,41,95,144,78,66,0,1,4,p_1.30.24_LL3f_mi,7
153,85,55,119,189,90,99,0,1,4,p_1.30.24_LL3f_mi,7
154,105,71,143,256,121,135,0,1,4,p_1.30.24_LL3f_mi,7
155,126,97,162,345,151,194,17,1,4,p_1.30.24_LL3f_mi,7
156,132,104,177,396,184,212,8,1,4,p_1.30.24_LL3f_mi,7
157,151,109,194,444,213,231,6,1,4,p_1.30.24_LL3f_mi,7
158,167,127,212,496,237,259,1,1,4,p_1.30.24_LL3f_mi,7
159,179,135,227,552,270,282,0,1,4,p_1.30.24_LL3f_mi,7
160,184,146,239,608,310,298,0,1,4,p_1.30.24_LL3f_mi,7
161,179,133,228,652,332,320,0,1,4,p_1.30.24_LL3f_mi,7
162,177,134,221,678,353,325,0,1,4,p_1.30.24_LL3f_mi,7
163,177,129,225,666,332,334,0,1,4,p_1.30.24_LL3f_mi,7
164,164,133,222,673,346,327,0,1,4,p_1.30.24_LL3f_mi,7
165,190,146,232,638,319,319,0,1,4,p_1.30.24_LL3f_mi,7
166,180,142,226,653,326,327,0,1,4,p_1.30.24_LL3f_mi,7
167,177,139,229,645,326,319,0,1,4,p_1.30.24_LL3f_mi,7
168,180,141,227,655,312,343,0,1,4,p_1.30.24_LL3f_mi,7
169,175,136,222,667,322,345,0,1,4,p_1.30.24_LL3f_mi,7
170,166,128,209,698,343,355,18,1,4,p_1.30.24_LL3f_mi,7
171,177,139,229,647,304,343,13,1,4,p_1.30.24_LL3f_mi,7
172,169,134,222,664,297,367,9,1,4,p_1.30.24_LL3f_mi,7
173,172,137,221,673,303,370,2,1,4,p_1.30.24_LL3f_mi,7
174,168,136,215,688,313,375,1,1,4,p_1.30.24_LL3f_mi,7
175,180,141,230,644,304,340,0,1,4,p_1.30.24_LL3f_mi,7
176,160,128,202,718,358,360,0,1,4,p_1.30.24_LL3f_mi,7
177,163,132,215,686,345,341,0,1,4,p_1.30.24_LL3f_mi,7
178,182,133,227,654,336,318,0,1,4,p_1.30.24_LL3f_mi,7
179,176,127,233,632,327,305,0,1,4,p_1.30.24_LL3f_mi,7
180,170,135,229,646,310,336,0,1,4,p_1.30.24_LL3f_mi,7
181,179,139,227,655,316,339,0,1,4,p_1.30.24_LL3f_mi,7
182,170,139,223,667,320,347,0,1,4,p_1.30.24_LL3f_mi,7
183,181,146,228,659,300,359,0,1,4,p_1.30.24_LL3f_mi,7
184,165,130,217,689,317,372,0,1,4,p_1.30.24_LL3f_mi,7
185,163,129,216,686,320,366,0,1,4,p_1.30.24_LL3f_mi,7
186,162,128,214,694,320,374,0,1,4,p_1.30.24_LL3f_mi,7
187,174,137,217,690,338,352,0,1,4,p_1.30.24_LL3f_mi,7
188,173,134,229,644,334,310,0,1,4,p_1.30.24_LL3f_mi,7
189,185,139,231,647,326,321,0,1,4,p_1.30.24_LL3f_mi,7
190,169,126,228,648,343,305,0,1,4,p_1.30.24_LL3f_mi,7
191,174,130,218,676,350,326,0,1,4,p_1.30.24_LL3f_mi,7
192,174,139,229,644,319,325,0,1,4,p_1.30.24_LL3f_mi,7
193,187,141,233,634,308,326,0,1,4,p_1.30.24_LL3f_mi,7
194,165,133,220,680,334,346,0,1,4,p_1.30.24_LL3f_mi,7
195,178,130,224,660,333,327,0,1,4,p_1.30.24_LL3f_mi,7
196,183,141,233,633,310,323,0,1,4,p_1.30.24_LL3f_mi,7
197,177,140,225,663,315,348,0,1,4,p_1.30.24_LL3f_mi,7
198,174,138,229,656,314,342,0,1,4,p_1.30.24_LL3f_mi,7
199,166,135,221,674,329,345,0,1,4,p_1.30.24_LL3f_mi,7
200,179,151,225,658,330,328,0,1,4,p_1.30.24_LL3f_mi,7
201,153,123,205,715,358,357,0,1,4,p_1.30.24_LL3f_mi,7
202,175,132,225,667,342,325,0,1,4,p_1.30.24_LL3f_mi,7
203,174,140,220,676,352,324,0,1,4,p_1.30.24_LL3f_mi,7
204,170,129,220,672,345,327,0,1,4,p_1.30.24_LL3f_mi,7
205,176,133,226,663,343,320,0,1,4,p_1.30.24_LL3f_mi,7
206,179,142,228,649,314,335,0,1,4,p_1.30.24_LL3f_mi,7
207,179,142,222,670,322,348,0,1,4,p_1.30.24_LL3f_mi,7
208,172,135,224,660,318,342,0,1,4,p_1.30.24_LL3f_mi,7
209,179,144,231,642,293,349,0,1,4,p_1.30.24_LL3f_mi,7
210,174,137,224,671,317,354,0,1,4,p_1.30.24_LL3f_mi,7
211,180,136,223,660,314,346,0,1,4,p_1.30.24_LL3f_mi,7
212,171,123,224,666,304,362,0,1,4,p_1.30.24_LL3f_mi,7
213,180,144,226,657,310,347,0,1,4,p_1.30.24_LL3f_mi,7
214,167,134,216,684,334,350,0,1,4,p_1.30.24_LL3f_mi,7
215,176,136,228,647,296,351,0,1,4,p_1.30.24_LL3f_mi,7
216,158,127,218,690,309,381,0,1,4,p_1.30.24_LL3f_mi,7
217,170,137,227,652,290,362,0,1,4,p_1.30.24_LL3f_mi,7
218,174,143,228,649,292,357,0,1,4,p_1.30.24_LL3f_mi,7
219,175,131,227,659,305,354,0,1,4,p_1.30.24_LL3f_mi,7
220,169,133,217,684,320,364,0,1,4,p_1.30.24_LL3f_mi,7
221,183,140,233,635,308,327,0,1,4,p_1.30.24_LL3f_mi,7
222,177,126,228,657,323,334,0,1,4,p_1.30.24_LL3f_mi,7
223,167,132,217,687,326,361,0,1,4,p_1.30.24_LL3f_mi,7
224,181,134,225,667,325,342,0,1,4,p_1.30.24_LL3f_mi,7
225,175,134,220,677,330,347,0,1,4,p_1.30.24_LL3f_mi,7
226,161,126,209,701,350,351,0,1,4,p_1.30.24_LL3f_mi,7
227,175,136,219,683,348,335,0,1,4,p_1.30.24_LL3f_mi,7
228,178,138,233,633,328,305,0,1,4,p_1.30.24_LL3f_mi,7
229,175,134,223,665,321,344,0,1,4,p_1.30.24_LL3f_mi,7
230,167,133,222,670,327,343,0,1,4,p_1.30.24_LL3f_mi,7
231,163,128,220,678,332,346,0,1,4,p_1.30.24_LL3f_mi,7
232,175,141,220,672,322,350,0,1,4,p_1.30.24_LL3f_mi,7
233,182,143,231,648,304,344,0,1,4,p_1.30.24_LL3f_mi,7
234,181,140,226,653,316,337,0,1,4,p_1.30.24_LL3f_mi,7
235,179,138,230,652,324,328,0,1,4,p_1.30.24_LL3f_mi,7
236,176,141,226,660,334,326,0,1,4,p_1.30.24_LL3f_mi,7
237,175,129,224,661,347,314,0,1,4,p_1.30.24_LL3f_mi,7
238,181,135,229,653,326,327,0,1,4,p_1.30.24_LL3f_mi,7
239,168,129,221,674,354,320,0,1,4,p_1.30.24_LL3f_mi,7
240,172,138,223,660,339,321,0,1,4,p_1.30.24_LL3f_mi,7
241,186,135,231,650,327,323,0,1,4,p_1.30.24_LL3f_mi,7
242,178,142,230,641,318,323,0,1,4,p_1.30.24_LL3f_mi,7
243,182,139,226,655,323,332,0,1,4,p_1.30.24_LL3f_mi,7
244,174,136,225,662,338,324,0,1,4,p_1.30.24_LL3f_mi,7
245,171,139,214,692,328,364,0,1,4,p_1.30.24_LL3f_mi,7
246,173,138,224,660,315,345,0,1,4,p_1.30.24_LL3f_mi,7
247,173,137,227,663,339,324,0,1,4,p_1.30.24_LL3f_mi,7
248,179,142,229,649,338,311,0,1,4,p_1.30.24_LL3f_mi,7
249,177,130,220,676,356,320,0,1,4,p_1.30.24_LL3f_mi,7
250,167,136,216,682,351,331,0,1,4,p_1.30.24_LL3f_mi,7
251,162,125,208,707,363,344,0,1,4,p_1.30.24_LL3f_mi,7
252,182,138,233,631,303,328,0,1,4,p_1.30.24_LL3f_mi,7
253,174,134,229,657,317,340,0,1,4,p_1.30.24_LL3f_mi,7
254,176,133,226,659,319,340,0,1,4,p_1.30.24_LL3f_mi,7
255,171,138,220,681,314,367,0,1,4,p_1.30.24_LL3f_mi,7
256,172,140,225,666,303,363,0,1,4,p_1.30.24_LL3f_mi,7
257,162,133,213,690,320,370,0,1,4,p_1.30.24_LL3f_mi,7
258,180,137,235,630,298,332,0,1,4,p_1.30.24_LL3f_mi,7
259,178,134,226,671,317,354,0,1,4,p_1.30.24_LL3f_mi,7
260,177,139,226,666,334,332,0,1,4,p_1.30.24_LL3f_mi,7
261,173,135,223,664,324,340,0,1,4,p_1.30.24_LL3f_mi,7
262,167,131,218,678,340,338,0,1,4,p_1.30.24_LL3f_mi,7
263,178,134,224,670,340,330,0,1,4,p_1.30.24_LL3f_mi,7
264,176,135,228,646,334,312,0,1,4,p_1.30.24_LL3f_mi,7
265,176,136,229,650,340,310,0,1,4,p_1.30.24_LL3f_mi,7
266,169,131,223,662,343,319,0,1,4,p_1.30.24_LL3f_mi,7
267,175,135,222,664,324,340,0,1,4,p_1.30.24_LL3f_mi,7
268,170,135,222,672,329,343,0,1,4,p_1.30.24_LL3f_mi,7
269,174,144,226,658,326,332,0,1,4,p_1.30.24_LL3f_mi,7
270,171,142,223,665,331,334,0,1,4,p_1.30.24_LL3f_mi,7
271,175,139,227,661,324,337,0,1,4,p_1.30.24_LL3f_mi,7
272,175,142,222,671,310,361,0,1,4,p_1.30.24_LL3f_mi,7
273,175,137,216,687,325,362,0,1,4,p_1.30.24_LL3f_mi,7
274,176,132,226,666,330,336,0,1,4,p_1.30.24_LL3f_mi,7
275,182,137,236,621,306,315,0,1,4,p_1.30.24_LL3f_mi,7
276,161,136,212,702,361,341,0,1,4,p_1.30.24_LL3f_mi,7
277,179,139,226,660,330,330,0,1,4,p_1.30.24_LL3f_mi,7
278,172,142,219,677,335,342,0,1,4,p_1.30.24_LL3f_mi,7
279,168,130,217,684,352,332,0,1,4,p_1.30.24_LL3f_mi,7
280,160,129,216,690,364,326,0,1,4,p_1.30.24_LL3f_mi,7
281,171,130,223,667,349,318,0,1,4,p_1.30.24_LL3f_mi,7
282,173,142,220,674,336,338,0,1,4,p_1.30.24_LL3f_mi,7
283,174,141,215,688,351,337,0,1,4,p_1.30.24_LL3f_mi,7
284,177,135,225,658,323,335,0,1,4,p_1.30.24_LL3f_mi,7
285,175,139,223,673,333,340,0,1,4,p_1.30.24_LL3f_mi,7
286,172,131,219,674,326,348,0,1,4,p_1.30.24_LL3f_mi,7
287,174,138,225,660,329,331,0,1,4,p_1.30.24_LL3f_mi,7
288,166,131,217,685,346,339,0,1,4,p_1.30.24_LL3f_mi,7
289,176,134,225,658,339,319,0,1,4,p_1.30.24_LL3f_mi,7
290,173,144,221,671,327,344,0,1,4,p_1.30.24_LL3f_mi,7
291,177,141,226,661,317,344,0,1,4,p_1.30.24_LL3f_mi,7
292,178,137,223,668,335,333,0,1,4,p_1.30.24_LL3f_mi,7
293,169,133,221,674,345,329,0,1,4,p_1.30.24_LL3f_mi,7
294,170,137,218,685,356,329,0,1,4,p_1.30.24_LL3f_mi,7
295,171,128,220,676,327,349,0,1,4,p_1.30.24_LL3f_mi,7
296,174,133,225,657,308,349,0,1,4,p_1.30.24_LL3f_mi,7
297,178,141,223,659,315,344,0,1,4,p_1.30.24_LL3f_mi,7
298,179,141,227,658,316,342,0,1,4,p_1.30.24_LL3f_mi,7
299,179,143,224,672,333,339,0,1,4,p_1.30.24_LL3f_mi,7
300,172,141,223,672,309,363,0,1,4,p_1.30.24_LL3f_mi,7
301,155,132,202,722,328,394,0,1,4,p_1.30.24_LL3f_mi,7
302,174,140,226,660,314,346,0,1,4,p_1.30.24_LL3f_mi,7
303,185,144,234,631,312,319,0,1,4,p_1.30.24_LL3f_mi,7
304,180,134,229,653,302,351,0,1,4,p_1.30.24_LL3f_mi,7
305,174,134,217,681,343,338,0,1,4,p_1.30.24_LL3f_mi,7
306,166,130,218,681,362,319,0,1,4,p_1.30.24_LL3f_mi,7
307,160,131,209,702,355,347,0,1,4,p_1.30.24_LL3f_mi,7
308,175,141,223,667,335,332,0,1,4,p_1.30.24_LL3f_mi,7
309,169,137,222,669,329,340,0,1,4,p_1.30.24_LL3f_mi,7
310,172,132,218,687,358,329,0,1,4,p_1.30.24_LL3f_mi,7
311,180,137,229,651,334,317,0,1,4,p_1.30.24_LL3f_mi,7
312,177,134,231,637,336,301,0,1,4,p_1.30.24_LL3f_mi,7
313,167,132,223,673,346,327,0,1,4,p_1.30.24_LL3f_mi,7
314,169,128,220,676,361,315,0,1,4,p_1.30.24_LL3f_mi,7
315,164,128,219,675,354,321,0,1,4,p_1.30.24_LL3f_mi,7
316,174,131,226,661,345,316,0,1,4,p_1.30.24_LL3f_mi,7
317,175,135,224,663,346,317,0,1,4,p_1.30.24_LL3f_mi,7
318,176,139,221,669,335,334,0,1,4,p_1.30.24_LL3f_mi,7
319,174,143,221,670,323,347,0,1,4,p_1.30.24_LL3f_mi,7
320,188,145,233,636,305,331,0,1,4,p_1.30.24_LL3f_mi,7
321,165,136,218,681,322,359,0,1,4,p_1.30.24_LL3f_mi,7
322,167,128,222,673,332,341,0,1,4,p_1.30.24_LL3f_mi,7
323,177,141,225,654,325,329,0,1,4,p_1.30.24_LL3f_mi,7
324,167,136,220,674,345,329,0,1,4,p_1.30.24_LL3f_mi,7
325,171,126,223,665,359,306,0,1,4,p_1.30.24_LL3f_mi,7
326,158,127,208,707,368,339,0,1,4,p_1.30.24_LL3f_mi,7
327,173,130,221,673,355,318,0,1,4,p_1.30.24_LL3f_mi,7
328,174,131,228,664,331,333,0,1,4,p_1.30.24_LL3f_mi,7
329,170,133,222,676,327,349,0,1,4,p_1.30.24_LL3f_mi,7
330,168,135,220,674,320,354,0,1,4,p_1.30.24_LL3f_mi,7
331,183,138,232,636,284,352,0,1,4,p_1.30.24_LL3f_mi,7
332,183,144,230,644,297,347,0,1,4,p_1.30.24_LL3f_mi,7
333,171,127,231,644,312,332,0,1,4,p_1.30.24_LL3f_mi,7
334,173,139,221,674,348,326,0,1,4,p_1.30.24_LL3f_mi,7
335,173,141,222,675,337,338,0,1,4,p_1.30.24_LL3f_mi,7
336,171,134,218,683,340,343,0,1,4,p_1.30.24_LL3f_mi,7
337,177,139,222,667,339,328,0,1,4,p_1.30.24_LL3f_mi,7
338,188,141,233,633,322,311,0,1,4,p_1.30.24_LL3f_mi,7
339,173,132,220,667,339,328,0,1,4,p_1.30.24_LL3f_mi,7
340,169,137,225,662,320,342,0,1,4,p_1.30.24_LL3f_mi,7
341,181,131,223,662,317,345,0,1,4,p_1.30.24_LL3f_mi,7
342,179,150,223,672,328,344,0,1,4,p_1.30.24_LL3f_mi,7
343,171,140,216,687,329,358,0,1,4,p_1.30.24_LL3f_mi,7
344,173,137,220,670,345,325,0,1,4,p_1.30.24_LL3f_mi,7
345,187,127,233,631,339,292,0,1,4,p_1.30.24_LL3f_mi,7
346,176,141,226,658,341,317,0,1,4,p_1.30.24_LL3f_mi,7
347,171,128,222,669,343,326,0,1,4,p_1.30.24_LL3f_mi,7
348,173,131,219,680,342,338,0,1,4,p_1.30.24_LL3f_mi,7
349,173,136,225,662,335,327,0,1,4,p_1.30.24_LL3f_mi,7
350,172,138,219,681,340,341,0,1,4,p_1.30.24_LL3f_mi,7
1,1,1,1,646,306,340,0,1,5,p_1.30.24_LL3f_mi,7
2,104,91,128,848,411,437,0,1,5,p_1.30.24_LL3f_mi,7
3,135,117,172,786,391,395,0,1,5,p_1.30.24_LL3f_mi,7
4,155,125,197,734,369,365,0,1,5,p_1.30.24_LL3f_mi,7
5,162,129,214,693,368,325,0,1,5,p_1.30.24_LL3f_mi,7
6,178,130,232,643,344,299,0,1,5,p_1.30.24_LL3f_mi,7
7,169,126,227,655,344,311,0,1,5,p_1.30.24_LL3f_mi,7
8,182,136,227,656,326,330,0,1,5,p_1.30.24_LL3f_mi,7
9,171,134,227,654,316,338,0,1,5,p_1.30.24_LL3f_mi,7
10,166,127,216,686,331,355,0,1,5,p_1.30.24_LL3f_mi,7
11,172,132,222,671,320,351,0,1,5,p_1.30.24_LL3f_mi,7
12,164,129,224,664,333,331,0,1,5,p_1.30.24_LL3f_mi,7
13,173,137,227,656,325,331,0,1,5,p_1.30.24_LL3f_mi,7
14,175,133,225,657,320,337,0,1,5,p_1.30.24_LL3f_mi,7
15,181,141,229,653,324,329,0,1,5,p_1.30.24_LL3f_mi,7
16,171,131,224,664,336,328,0,1,5,p_1.30.24_LL3f_mi,7
17,164,127,221,672,328,344,0,1,5,p_1.30.24_LL3f_mi,7
18,178,136,233,635,314,321,0,1,5,p_1.30.24_LL3f_mi,7
19,187,135,231,644,333,311,0,1,5,p_1.30.24_LL3f_mi,7
20,170,134,220,672,346,326,0,1,5,p_1.30.24_LL3f_mi,7
21,178,138,226,663,326,337,0,1,5,p_1.30.24_LL3f_mi,7
22,175,133,218,684,346,338,0,1,5,p_1.30.24_LL3f_mi,7
23,167,132,220,680,361,319,0,1,5,p_1.30.24_LL3f_mi,7
24,173,135,225,666,350,316,0,1,5,p_1.30.24_LL3f_mi,7
25,180,139,228,656,339,317,0,1,5,p_1.30.24_LL3f_mi,7
26,164,134,209,707,367,340,0,1,5,p_1.30.24_LL3f_mi,7
27,174,138,224,664,340,324,0,1,5,p_1.30.24_LL3f_mi,7
28,172,129,230,640,336,304,0,1,5,p_1.30.24_LL3f_mi,7
29,169,130,221,671,357,314,0,1,5,p_1.30.24_LL3f_mi,7
30,178,135,224,662,341,321,0,1,5,p_1.30.24_LL3f_mi,7
31,177,134,232,645,319,326,0,1,5,p_1.30.24_LL3f_mi,7
32,171,135,222,668,336,332,0,1,5,p_1.30.24_LL3f_mi,7
33,166,122,210,698,363,335,0,1,5,p_1.30.24_LL3f_mi,7
34,171,137,222,664,337,327,0,1,5,p_1.30.24_LL3f_mi,7
35,178,137,222,672,335,337,0,1,5,p_1.30.24_LL3f_mi,7
36,179,134,228,650,330,320,0,1,5,p_1.30.24_LL3f_mi,7
37,174,132,220,675,337,338,0,1,5,p_1.30.24_LL3f_mi,7
38,176,144,218,681,337,344,0,1,5,p_1.30.24_LL3f_mi,7
39,170,129,221,666,333,333,0,1,5,p_1.30.24_LL3f_mi,7
40,174,135,221,676,328,348,0,1,5,p_1.30.24_LL3f_mi,7
41,177,144,228,656,326,330,0,1,5,p_1.30.24_LL3f_mi,7
42,181,144,232,635,332,303,0,1,5,p_1.30.24_LL3f_mi,7
43,167,127,219,676,343,333,0,1,5,p_1.30.24_LL3f_mi,7
44,171,133,216,691,359,332,0,1,5,p_1.30.24_LL3f_mi,7
45,175,134,223,663,354,309,0,1,5,p_1.30.24_LL3f_mi,7
46,173,124,222,669,347,322,0,1,5,p_1.30.24_LL3f_mi,7
47,172,138,225,663,328,335,0,1,5,p_1.30.24_LL3f_mi,7
48,178,138,228,654,301,353,0,1,5,p_1.30.24_LL3f_mi,7
49,171,134,225,660,314,346,0,1,5,p_1.30.24_LL3f_mi,7
50,181,135,229,652,322,330,0,1,5,p_1.30.24_LL3f_mi,7
51,158,124,210,703,353,350,0,1,5,p_1.30.24_LL3f_mi,7
52,178,144,230,640,307,333,0,1,5,p_1.30.24_LL3f_mi,7
53,178,138,228,643,306,337,0,1,5,p_1.30.24_LL3f_mi,7
54,161,130,217,685,327,358,0,1,5,p_1.30.24_LL3f_mi,7
55,172,136,221,674,323,351,0,1,5,p_1.30.24_LL3f_mi,7
56,175,135,226,659,318,341,0,1,5,p_1.30.24_LL3f_mi,7
57,179,137,224,662,324,338,0,1,5,p_1.30.24_LL3f_mi,7
58,167,133,221,675,333,342,0,1,5,p_1.30.24_LL3f_mi,7
59,174,134,220,672,335,337,0,1,5,p_1.30.24_LL3f_mi,7
60,171,130,220,678,342,336,0,1,5,p_1.30.24_LL3f_mi,7
61,173,136,221,668,334,334,0,1,5,p_1.30.24_LL3f_mi,7
62,175,133,226,660,316,344,0,1,5,p_1.30.24_LL3f_mi,7
63,173,140,226,659,325,334,0,1,5,p_1.30.24_LL3f_mi,7
64,178,133,223,666,341,325,0,1,5,p_1.30.24_LL3f_mi,7
65,166,125,216,684,363,321,0,1,5,p_1.30.24_LL3f_mi,7
66,176,132,228,657,348,309,0,1,5,p_1.30.24_LL3f_mi,7
67,177,135,225,665,332,333,0,1,5,p_1.30.24_LL3f_mi,7
68,180,139,230,653,341,312,0,1,5,p_1.30.24_LL3f_mi,7
69,172,140,220,678,344,334,0,1,5,p_1.30.24_LL3f_mi,7
70,170,133,223,668,342,326,0,1,5,p_1.30.24_LL3f_mi,7
71,178,137,226,658,305,353,0,1,5,p_1.30.24_LL3f_mi,7
72,175,138,227,648,314,334,0,1,5,p_1.30.24_LL3f_mi,7
73,176,146,225,658,332,326,0,1,5,p_1.30.24_LL3f_mi,7
74,173,142,220,677,346,331,0,1,5,p_1.30.24_LL3f_mi,7
75,180,136,224,656,329,327,0,1,5,p_1.30.24_LL3f_mi,7
76,165,135,210,705,338,367,0,1,5,p_1.30.24_LL3f_mi,7
77,175,144,227,658,305,353,0,1,5,p_1.30.24_LL3f_mi,7
78,171,130,227,658,328,330,0,1,5,p_1.30.24_LL3f_mi,7
79,178,143,225,666,330,336,0,1,5,p_1.30.24_LL3f_mi,7
80,170,128,221,680,334,346,0,1,5,p_1.30.24_LL3f_mi,7
81,171,132,218,682,337,345,0,1,5,p_1.30.24_LL3f_mi,7
82,168,139,212,690,342,348,0,1,5,p_1.30.24_LL3f_mi,7
83,176,140,224,668,336,332,0,1,5,p_1.30.24_LL3f_mi,7
84,165,128,215,694,365,329,0,1,5,p_1.30.24_LL3f_mi,7
85,168,124,223,666,340,326,0,1,5,p_1.30.24_LL3f_mi,7
86,167,134,220,679,345,334,0,1,5,p_1.30.24_LL3f_mi,7
87,178,134,228,653,343,310,0,1,5,p_1.30.24_LL3f_mi,7
88,170,134,219,677,353,324,0,1,5,p_1.30.24_LL3f_mi,7
89,175,131,221,676,357,319,0,1,5,p_1.30.24_LL3f_mi,7
90,171,132,218,681,358,323,0,1,5,p_1.30.24_LL3f_mi,7
91,178,134,232,636,317,319,0,1,5,p_1.30.24_LL3f_mi,7
92,175,134,220,678,334,344,0,1,5,p_1.30.24_LL3f_mi,7
93,171,138,211,696,341,355,0,1,5,p_1.30.24_LL3f_mi,7
94,164,134,221,677,342,335,0,1,5,p_1.30.24_LL3f_mi,7
95,171,130,223,667,338,329,0,1,5,p_1.30.24_LL3f_mi,7
96,169,135,221,666,347,319,0,1,5,p_1.30.24_LL3f_mi,7
97,178,132,226,660,340,320,0,1,5,p_1.30.24_LL3f_mi,7
98,180,135,226,660,330,330,0,1,5,p_1.30.24_LL3f_mi,7
99,181,140,226,659,335,324,0,1,5,p_1.30.24_LL3f_mi,7
100,150,113,195,655,327,328,0,1,5,p_1.30.24_LL3f_mi,7
101,104,89,138,691,349,342,0,1,5,p_1.30.24_LL3f_mi,7
102,113,87,147,596,292,304,0,1,5,p_1.30.24_LL3f_mi,7
103,104,88,137,538,270,268,0,1,5,p_1.30.24_LL3f_mi,7
104,96,79,128,477,231,246,0,1,5,p_1.30.24_LL3f_mi,7
105,84,70,108,438,211,227,0,1,5,p_1.30.24_LL3f_mi,7
106,66,58,87,402,201,201,0,1,5,p_1.30.24_LL3f_mi,7
107,67,56,87,329,174,155,0,1,5,p_1.30.24_LL3f_mi,7
108,36,33,43,321,170,151,0,1,5,p_1.30.24_LL3f_mi,7
109,40,31,56,225,117,108,0,1,5,p_1.30.24_LL3f_mi,7
110,23,20,30,214,116,98,0,1,5,p_1.30.24_LL3f_mi,7
111,28,26,37,154,88,66,0,1,5,p_1.30.24_LL3f_mi,7
112,29,23,36,137,74,63,0,1,5,p_1.30.24_LL3f_mi,7
113,27,20,37,120,62,58,0,1,5,p_1.30.24_LL3f_mi,7
114,29,23,37,128,64,64,0,1,5,p_1.30.24_LL3f_mi,7
115,26,22,35,112,61,51,0,1,5,p_1.30.24_LL3f_mi,7
116,29,20,35,108,67,41,0,1,5,p_1.30.24_LL3f_mi,7
117,25,20,33,109,66,43,0,1,5,p_1.30.24_LL3f_mi,7
118,29,20,34,108,68,40,0,1,5,p_1.30.24_LL3f_mi,7
119,23,18,34,105,63,42,0,1,5,p_1.30.24_LL3f_mi,7
120,28,18,35,114,64,50,0,1,5,p_1.30.24_LL3f_mi,7
121,29,25,37,112,57,55,0,1,5,p_1.30.24_LL3f_mi,7
122,27,22,36,118,55,63,0,1,5,p_1.30.24_LL3f_mi,7
123,24,21,33,104,46,58,0,1,5,p_1.30.24_LL3f_mi,7
124,27,25,36,111,48,63,0,1,5,p_1.30.24_LL3f_mi,7
125,28,23,38,134,58,76,19,1,5,p_1.30.24_LL3f_mi,7
126,30,23,36,134,59,75,14,1,5,p_1.30.24_LL3f_mi,7
127,28,23,36,114,48,66,8,1,5,p_1.30.24_LL3f_mi,7
128,26,21,34,111,50,61,2,1,5,p_1.30.24_LL3f_mi,7
129,23,20,31,91,42,49,2,1,5,p_1.30.24_LL3f_mi,7
130,21,17,32,97,44,53,0,1,5,p_1.30.24_LL3f_mi,7
131,28,23,34,103,45,58,0,1,5,p_1.30.24_LL3f_mi,7
132,27,22,35,102,39,63,0,1,5,p_1.30.24_LL3f_mi,7
133,25,23,34,108,41,67,0,1,5,p_1.30.24_LL3f_mi,7
134,28,20,35,104,45,59,0,1,5,p_1.30.24_LL3f_mi,7
135,26,23,31,104,48,56,0,1,5,p_1.30.24_LL3f_mi,7
136,25,23,33,103,46,57,0,1,5,p_1.30.24_LL3f_mi,7
137,25,23,32,97,38,59,0,1,5,p_1.30.24_LL3f_mi,7
138,26,25,35,105,40,65,0,1,5,p_1.30.24_LL3f_mi,7
139,28,25,34,106,45,61,0,1,5,p_1.30.24_LL3f_mi,7
140,27,25,38,134,56,78,19,1,5,p_1.30.24_LL3f_mi,7
141,29,26,36,120,45,75,4,1,5,p_1.30.24_LL3f_mi,7
142,28,21,38,122,53,69,2,1,5,p_1.30.24_LL3f_mi,7
143,30,23,35,105,52,53,2,1,5,p_1.30.24_LL3f_mi,7
144,25,24,33,107,49,58,0,1,5,p_1.30.24_LL3f_mi,7
145,27,21,35,118,59,59,0,1,5,p_1.30.24_LL3f_mi,7
146,25,19,32,105,52,53,0,1,5,p_1.30.24_LL3f_mi,7
147,24,20,31,90,43,47,0,1,5,p_1.30.24_LL3f_mi,7
148,26,21,32,95,43,52,0,1,5,p_1.30.24_LL3f_mi,7
149,25,19,34,99,45,54,0,1,5,p_1.30.24_LL3f_mi,7
150,25,18,30,87,35,52,0,1,5,p_1.30.24_LL3f_mi,7
151,41,31,61,95,41,54,0,1,5,p_1.30.24_LL3f_mi,7
152,57,35,80,127,57,70,0,1,5,p_1.30.24_LL3f_mi,7
153,75,48,110,162,79,83,0,1,5,p_1.30.24_LL3f_mi,7
154,97,68,136,221,99,122,0,1,5,p_1.30.24_LL3f_mi,7
155,120,86,162,308,143,165,18,1,5,p_1.30.24_LL3f_mi,7
156,137,91,180,368,194,174,8,1,5,p_1.30.24_LL3f_mi,7
157,148,106,193,438,239,199,8,1,5,p_1.30.24_LL3f_mi,7
158,168,119,211,497,262,235,3,1,5,p_1.30.24_LL3f_mi,7
159,173,121,224,555,283,272,0,1,5,p_1.30.24_LL3f_mi,7
160,184,139,239,598,311,287,0,1,5,p_1.30.24_LL3f_mi,7
161,176,141,233,631,342,289,0,1,5,p_1.30.24_LL3f_mi,7
162,179,140,225,655,326,329,0,1,5,p_1.30.24_LL3f_mi,7
163,168,133,211,697,356,341,0,1,5,p_1.30.24_LL3f_mi,7
164,175,136,220,677,345,332,0,1,5,p_1.30.24_LL3f_mi,7
165,176,132,225,662,329,333,0,1,5,p_1.30.24_LL3f_mi,7
166,168,128,220,678,347,331,0,1,5,p_1.30.24_LL3f_mi,7
167,171,129,219,673,343,330,0,1,5,p_1.30.24_LL3f_mi,7
168,176,144,226,656,315,341,0,1,5,p_1.30.24_LL3f_mi,7
169,181,134,228,647,319,328,0,1,5,p_1.30.24_LL3f_mi,7
170,158,128,209,702,353,349,18,1,5,p_1.30.24_LL3f_mi,7
171,169,134,222,669,322,347,7,1,5,p_1.30.24_LL3f_mi,7
172,174,140,225,657,320,337,3,1,5,p_1.30.24_LL3f_mi,7
173,178,134,224,663,326,337,2,1,5,p_1.30.24_LL3f_mi,7
174,180,139,232,646,320,326,0,1,5,p_1.30.24_LL3f_mi,7
175,178,135,231,646,336,310,0,1,5,p_1.30.24_LL3f_mi,7
176,159,126,201,721,366,355,0,1,5,p_1.30.24_LL3f_mi,7
177,174,135,221,673,352,321,0,1,5,p_1.30.24_LL3f_mi,7
178,183,138,231,637,337,300,0,1,5,p_1.30.24_LL3f_mi,7
179,180,133,231,644,329,315,0,1,5,p_1.30.24_LL3f_mi,7
180,177,138,224,662,325,337,0,1,5,p_1.30.24_LL3f_mi,7
181,164,131,215,686,325,361,0,1,5,p_1.30.24_LL3f_mi,7
182,174,133,224,661,309,352,0,1,5,p_1.30.24_LL3f_mi,7
183,169,135,228,652,307,345,0,1,5,p_1.30.24_LL3f_mi,7
184,181,134,228,652,320,332,0,1,5,p_1.30.24_LL3f_mi,7
185,180,140,227,651,330,321,0,1,5,p_1.30.24_LL3f_mi,7
186,176,119,227,647,327,320,0,1,5,p_1.30.24_LL3f_mi,7
187,176,137,226,662,334,328,0,1,5,p_1.30.24_LL3f_mi,7
188,180,134,230,649,318,331,0,1,5,p_1.30.24_LL3f_mi,7
189,173,136,225,661,316,345,0,1,5,p_1.30.24_LL3f_mi,7
190,170,139,218,679,329,350,0,1,5,p_1.30.24_LL3f_mi,7
191,173,140,225,668,335,333,0,1,5,p_1.30.24_LL3f_mi,7
192,171,131,218,682,345,337,0,1,5,p_1.30.24_LL3f_mi,7
193,183,142,228,655,323,332,0,1,5,p_1.30.24_LL3f_mi,7
194,176,138,223,662,336,326,0,1,5,p_1.30.24_LL3f_mi,7
195,171,143,222,669,343,326,0,1,5,p_1.30.24_LL3f_mi,7
196,171,135,219,681,351,330,0,1,5,p_1.30.24_LL3f_mi,7
197,178,139,223,666,339,327,0,1,5,p_1.30.24_LL3f_mi,7
198,175,131,222,669,352,317,0,1,5,p_1.30.24_LL3f_mi,7
199,185,135,229,648,351,297,0,1,5,p_1.30.24_LL3f_mi,7
200,180,124,229,653,346,307,0,1,5,p_1.30.24_LL3f_mi,7
201,163,121,211,701,361,340,0,1,5,p_1.30.24_LL3f_mi,7
202,174,136,216,688,334,354,0,1,5,p_1.30.24_LL3f_mi,7
203,170,131,217,691,338,353,0,1,5,p_1.30.24_LL3f_mi,7
204,173,119,225,656,320,336,0,1,5,p_1.30.24_LL3f_mi,7
205,179,139,224,668,317,351,0,1,5,p_1.30.24_LL3f_mi,7
206,173,131,222,670,345,325,0,1,5,p_1.30.24_LL3f_mi,7
207,178,127,224,661,341,320,0,1,5,p_1.30.24_LL3f_mi,7
208,169,131,221,676,354,322,0,1,5,p_1.30.24_LL3f_mi,7
209,174,142,223,679,347,332,0,1,5,p_1.30.24_LL3f_mi,7
210,187,144,231,639,310,329,0,1,5,p_1.30.24_LL3f_mi,7
211,185,149,232,635,311,324,0,1,5,p_1.30.24_LL3f_mi,7
212,177,133,224,666,329,337,0,1,5,p_1.30.24_LL3f_mi,7
213,171,129,219,676,326,350,0,1,5,p_1.30.24_LL3f_mi,7
214,172,139,223,671,340,331,0,1,5,p_1.30.24_LL3f_mi,7
215,170,129,222,667,344,323,0,1,5,p_1.30.24_LL3f_mi,7
216,173,136,222,676,337,339,0,1,5,p_1.30.24_LL3f_mi,7
217,171,125,223,671,333,338,0,1,5,p_1.30.24_LL3f_mi,7
218,171,131,221,683,340,343,0,1,5,p_1.30.24_LL3f_mi,7
219,175,139,231,645,309,336,0,1,5,p_1.30.24_LL3f_mi,7
220,174,133,226,660,324,336,0,1,5,p_1.30.24_LL3f_mi,7
221,173,140,221,673,340,333,0,1,5,p_1.30.24_LL3f_mi,7
222,174,134,223,672,332,340,0,1,5,p_1.30.24_LL3f_mi,7
223,174,137,225,670,330,340,0,1,5,p_1.30.24_LL3f_mi,7
224,175,138,221,678,313,365,0,1,5,p_1.30.24_LL3f_mi,7
225,168,135,218,682,316,366,0,1,5,p_1.30.24_LL3f_mi,7
226,163,121,210,703,359,344,0,1,5,p_1.30.24_LL3f_mi,7
227,171,127,220,679,342,337,0,1,5,p_1.30.24_LL3f_mi,7
228,184,143,235,630,330,300,0,1,5,p_1.30.24_LL3f_mi,7
229,172,133,220,672,372,300,0,1,5,p_1.30.24_LL3f_mi,7
230,177,131,229,641,359,282,0,1,5,p_1.30.24_LL3f_mi,7
231,174,131,221,666,375,291,0,1,5,p_1.30.24_LL3f_mi,7
232,179,138,225,658,364,294,0,1,5,p_1.30.24_LL3f_mi,7
233,177,137,226,656,347,309,0,1,5,p_1.30.24_LL3f_mi,7
234,173,128,221,672,357,315,0,1,5,p_1.30.24_LL3f_mi,7
235,177,135,222,666,348,318,0,1,5,p_1.30.24_LL3f_mi,7
236,180,144,226,658,321,337,0,1,5,p_1.30.24_LL3f_mi,7
237,176,140,226,655,328,327,0,1,5,p_1.30.24_LL3f_mi,7
238,177,139,225,666,336,330,0,1,5,p_1.30.24_LL3f_mi,7
239,168,128,221,668,340,328,0,1,5,p_1.30.24_LL3f_mi,7
240,176,132,232,640,338,302,0,1,5,p_1.30.24_LL3f_mi,7
241,169,134,224,661,346,315,0,1,5,p_1.30.24_LL3f_mi,7
242,167,132,213,697,367,330,0,1,5,p_1.30.24_LL3f_mi,7
243,174,136,225,662,349,313,0,1,5,p_1.30.24_LL3f_mi,7
244,179,132,219,681,353,328,0,1,5,p_1.30.24_LL3f_mi,7
245,181,141,232,636,335,301,0,1,5,p_1.30.24_LL3f_mi,7
246,179,137,228,648,326,322,0,1,5,p_1.30.24_LL3f_mi,7
247,177,130,232,641,311,330,0,1,5,p_1.30.24_LL3f_mi,7
248,171,137,218,684,326,358,0,1,5,p_1.30.24_LL3f_mi,7
249,166,134,217,681,324,357,0,1,5,p_1.30.24_LL3f_mi,7
250,169,136,218,682,329,353,0,1,5,p_1.30.24_LL3f_mi,7
251,164,131,211,704,349,355,0,1,5,p_1.30.24_LL3f_mi,7
252,171,136,224,671,345,326,0,1,5,p_1.30.24_LL3f_mi,7
253,180,137,223,665,356,309,0,1,5,p_1.30.24_LL3f_mi,7
254,176,138,229,649,333,316,0,1,5,p_1.30.24_LL3f_mi,7
255,179,138,221,674,343,331,0,1,5,p_1.30.24_LL3f_mi,7
256,176,139,222,667,332,335,0,1,5,p_1.30.24_LL3f_mi,7
257,168,129,225,655,318,337,0,1,5,p_1.30.24_LL3f_mi,7
258,160,128,217,681,343,338,0,1,5,p_1.30.24_LL3f_mi,7
259,177,149,224,660,333,327,0,1,5,p_1.30.24_LL3f_mi,7
260,172,130,222,671,335,336,0,1,5,p_1.30.24_LL3f_mi,7
261,169,131,222,667,325,342,0,1,5,p_1.30.24_LL3f_mi,7
262,177,137,228,655,326,329,0,1,5,p_1.30.24_LL3f_mi,7
263,183,142,231,642,330,312,0,1,5,p_1.30.24_LL3f_mi,7
264,172,128,226,660,358,302,0,1,5,p_1.30.24_LL3f_mi,7
265,170,134,222,669,364,305,0,1,5,p_1.30.24_LL3f_mi,7
266,165,136,221,673,350,323,0,1,5,p_1.30.24_LL3f_mi,7
267,178,140,218,687,345,342,0,1,5,p_1.30.24_LL3f_mi,7
268,185,131,237,619,317,302,0,1,5,p_1.30.24_LL3f_mi,7
269,190,142,234,639,333,306,0,1,5,p_1.30.24_LL3f_mi,7
270,173,138,224,666,343,323,0,1,5,p_1.30.24_LL3f_mi,7
271,181,142,225,659,333,326,0,1,5,p_1.30.24_LL3f_mi,7
272,171,139,223,666,336,330,0,1,5,p_1.30.24_LL3f_mi,7
273,174,141,222,669,338,331,0,1,5,p_1.30.24_LL3f_mi,7
274,166,131,220,678,337,341,0,1,5,p_1.30.24_LL3f_mi,7
275,168,139,218,680,345,335,0,1,5,p_1.30.24_LL3f_mi,7
276,163,134,207,710,364,346,0,1,5,p_1.30.24_LL3f_mi,7
277,189,139,228,657,334,323,0,1,5,p_1.30.24_LL3f_mi,7
278,173,138,219,672,333,339,0,1,5,p_1.30.24_LL3f_mi,7
279,169,132,217,682,345,337,0,1,5,p_1.30.24_LL3f_mi,7
280,175,127,232,641,321,320,0,1,5,p_1.30.24_LL3f_mi,7
281,174,139,224,666,322,344,0,1,5,p_1.30.24_LL3f_mi,7
282,173,143,219,671,319,352,0,1,5,p_1.30.24_LL3f_mi,7
283,183,136,224,662,337,325,0,1,5,p_1.30.24_LL3f_mi,7
284,172,144,212,695,346,349,0,1,5,p_1.30.24_LL3f_mi,7
285,176,130,224,667,333,334,0,1,5,p_1.30.24_LL3f_mi,7
286,180,131,229,648,328,320,0,1,5,p_1.30.24_LL3f_mi,7
287,171,135,223,671,346,325,0,1,5,p_1.30.24_LL3f_mi,7
288,171,129,225,661,337,324,0,1,5,p_1.30.24_LL3f_mi,7
289,178,142,224,665,332,333,0,1,5,p_1.30.24_LL3f_mi,7
290,168,127,215,687,339,348,0,1,5,p_1.30.24_LL3f_mi,7
291,181,137,222,678,332,346,0,1,5,p_1.30.24_LL3f_mi,7
292,180,143,226,656,341,315,0,1,5,p_1.30.24_LL3f_mi,7
293,177,138,229,651,338,313,0,1,5,p_1.30.24_LL3f_mi,7
294,183,131,228,651,326,325,0,1,5,p_1.30.24_LL3f_mi,7
295,171,125,220,678,351,327,0,1,5,p_1.30.24_LL3f_mi,7
296,171,126,226,669,354,315,0,1,5,p_1.30.24_LL3f_mi,7
297,176,131,219,679,364,315,0,1,5,p_1.30.24_LL3f_mi,7
298,168,135,217,684,357,327,0,1,5,p_1.30.24_LL3f_mi,7
299,177,139,227,659,358,301,0,1,5,p_1.30.24_LL3f_mi,7
300,183,132,232,636,341,295,0,1,5,p_1.30.24_LL3f_mi,7
301,160,116,210,708,381,327,0,1,5,p_1.30.24_LL3f_mi,7
302,175,132,219,681,368,313,0,1,5,p_1.30.24_LL3f_mi,7
303,177,138,225,655,342,313,0,1,5,p_1.30.24_LL3f_mi,7
304,178,129,229,649,307,342,0,1,5,p_1.30.24_LL3f_mi,7
305,173,147,219,676,320,356,0,1,5,p_1.30.24_LL3f_mi,7
306,176,131,226,663,315,348,0,1,5,p_1.30.24_LL3f_mi,7
307,166,133,222,666,325,341,0,1,5,p_1.30.24_LL3f_mi,7
308,175,135,224,665,337,328,0,1,5,p_1.30.24_LL3f_mi,7
309,175,127,224,659,333,326,0,1,5,p_1.30.24_LL3f_mi,7
310,171,126,223,668,349,319,0,1,5,p_1.30.24_LL3f_mi,7
311,179,139,225,658,328,330,0,1,5,p_1.30.24_LL3f_mi,7
312,168,127,215,691,349,342,0,1,5,p_1.30.24_LL3f_mi,7
313,172,130,218,682,349,333,0,1,5,p_1.30.24_LL3f_mi,7
314,169,131,214,688,364,324,0,1,5,p_1.30.24_LL3f_mi,7
315,179,136,228,653,339,314,0,1,5,p_1.30.24_LL3f_mi,7
316,178,130,230,643,345,298,0,1,5,p_1.30.24_LL3f_mi,7
317,174,125,224,656,346,310,0,1,5,p_1.30.24_LL3f_mi,7
318,175,135,219,677,341,336,0,1,5,p_1.30.24_LL3f_mi,7
319,163,137,216,688,327,361,0,1,5,p_1.30.24_LL3f_mi,7
320,168,132,220,678,318,360,0,1,5,p_1.30.24_LL3f_mi,7
321,167,136,221,676,313,363,0,1,5,p_1.30.24_LL3f_mi,7
322,175,129,219,682,332,350,0,1,5,p_1.30.24_LL3f_mi,7
323,176,136,228,652,320,332,0,1,5,p_1.30.24_LL3f_mi,7
324,168,127,221,673,335,338,0,1,5,p_1.30.24_LL3f_mi,7
325,167,135,219,678,343,335,0,1,5,p_1.30.24_LL3f_mi,7
326,159,135,203,719,351,368,0,1,5,p_1.30.24_LL3f_mi,7
327,176,133,228,651,332,319,0,1,5,p_1.30.24_LL3f_mi,7
328,175,136,224,658,330,328,0,1,5,p_1.30.24_LL3f_mi,7
329,178,138,226,659,326,333,0,1,5,p_1.30.24_LL3f_mi,7
330,174,137,225,660,323,337,0,1,5,p_1.30.24_LL3f_mi,7
331,172,133,229,647,315,332,0,1,5,p_1.30.24_LL3f_mi,7
332,166,134,217,687,331,356,0,1,5,p_1.30.24_LL3f_mi,7
333,169,139,217,681,336,345,0,1,5,p_1.30.24_LL3f_mi,7
334,182,142,224,675,343,332,0,1,5,p_1.30.24_LL3f_mi,7
335,170,134,220,677,349,328,0,1,5,p_1.30.24_LL3f_mi,7
336,169,136,219,671,340,331,0,1,5,p_1.30.24_LL3f_mi,7
337,172,138,220,675,353,322,0,1,5,p_1.30.24_LL3f_mi,7
338,176,133,232,633,327,306,0,1,5,p_1.30.24_LL3f_mi,7
339,183,137,232,635,306,329,0,1,5,p_1.30.24_LL3f_mi,7
340,164,131,218,688,342,346,0,1,5,p_1.30.24_LL3f_mi,7
341,174,141,220,667,330,337,0,1,5,p_1.30.24_LL3f_mi,7
342,174,133,226,657,320,337,0,1,5,p_1.30.24_LL3f_mi,7
343,166,133,213,702,338,364,0,1,5,p_1.30.24_LL3f_mi,7
344,176,138,227,654,313,341,0,1,5,p_1.30.24_LL3f_mi,7
345,194,150,235,636,317,319,0,1,5,p_1.30.24_LL3f_mi,7
346,174,129,235,630,324,306,0,1,5,p_1.30.24_LL3f_mi,7
347,176,135,227,654,319,335,0,1,5,p_1.30.24_LL3f_mi,7
348,168,137,215,687,332,355,0,1,5,p_1.30.24_LL3f_mi,7
349,162,132,222,669,328,341,0,1,5,p_1.30.24_LL3f_mi,7
350,177,143,227,657,322,335,0,1,5,p_1.30.24_LL3f_mi,7
1,12,10,16,628,293,335,0,1,1,p_1.30.24_LL3f_mi,8
2,90,79,116,866,417,449,0,1,1,p_1.30.24_LL3f_mi,8
3,128,109,159,801,389,412,0,1,1,p_1.30.24_LL3f_mi,8
4,168,137,212,692,331,361,0,1,1,p_1.30.24_LL3f_mi,8
5,179,136,231,639,317,322,0,1,1,p_1.30.24_LL3f_mi,8
6,176,136,227,657,314,343,0,1,1,p_1.30.24_LL3f_mi,8
7,178,137,231,646,334,312,0,1,1,p_1.30.24_LL3f_mi,8
8,175,134,224,663,346,317,0,1,1,p_1.30.24_LL3f_mi,8
9,176,134,225,659,346,313,0,1,1,p_1.30.24_LL3f_mi,8
10,171,139,223,665,336,329,0,1,1,p_1.30.24_LL3f_mi,8
11,171,143,219,680,327,353,0,1,1,p_1.30.24_LL3f_mi,8
12,174,138,223,664,318,346,0,1,1,p_1.30.24_LL3f_mi,8
13,171,143,219,676,331,345,0,1,1,p_1.30.24_LL3f_mi,8
14,177,140,227,653,344,309,0,1,1,p_1.30.24_LL3f_mi,8
15,180,140,224,664,355,309,0,1,1,p_1.30.24_LL3f_mi,8
16,176,130,229,646,353,293,0,1,1,p_1.30.24_LL3f_mi,8
17,168,137,218,680,340,340,0,1,1,p_1.30.24_LL3f_mi,8
18,170,131,212,695,344,351,0,1,1,p_1.30.24_LL3f_mi,8
19,173,137,220,673,343,330,0,1,1,p_1.30.24_LL3f_mi,8
20,177,130,227,659,344,315,0,1,1,p_1.30.24_LL3f_mi,8
21,168,129,222,669,333,336,0,1,1,p_1.30.24_LL3f_mi,8
22,173,139,217,681,351,330,0,1,1,p_1.30.24_LL3f_mi,8
23,175,131,224,658,344,314,0,1,1,p_1.30.24_LL3f_mi,8
24,174,131,227,657,349,308,0,1,1,p_1.30.24_LL3f_mi,8
25,183,138,223,663,351,312,0,1,1,p_1.30.24_LL3f_mi,8
26,169,131,215,693,359,334,0,1,1,p_1.30.24_LL3f_mi,8
27,185,137,231,634,324,310,0,1,1,p_1.30.24_LL3f_mi,8
28,174,139,229,648,324,324,0,1,1,p_1.30.24_LL3f_mi,8
29,175,131,225,670,340,330,0,1,1,p_1.30.24_LL3f_mi,8
30,169,127,219,677,345,332,0,1,1,p_1.30.24_LL3f_mi,8
31,176,137,220,675,337,338,0,1,1,p_1.30.24_LL3f_mi,8
32,171,133,224,662,331,331,0,1,1,p_1.30.24_LL3f_mi,8
33,173,133,228,650,322,328,0,1,1,p_1.30.24_LL3f_mi,8
34,175,140,231,637,309,328,0,1,1,p_1.30.24_LL3f_mi,8
35,172,135,227,660,320,340,0,1,1,p_1.30.24_LL3f_mi,8
36,170,136,222,665,329,336,0,1,1,p_1.30.24_LL3f_mi,8
37,186,139,233,638,324,314,0,1,1,p_1.30.24_LL3f_mi,8
38,159,126,214,696,355,341,0,1,1,p_1.30.24_LL3f_mi,8
39,179,142,221,673,339,334,0,1,1,p_1.30.24_LL3f_mi,8
40,173,138,221,673,324,349,0,1,1,p_1.30.24_LL3f_mi,8
41,178,137,225,671,322,349,0,1,1,p_1.30.24_LL3f_mi,8
42,172,139,226,657,313,344,0,1,1,p_1.30.24_LL3f_mi,8
43,171,138,216,685,319,366,0,1,1,p_1.30.24_LL3f_mi,8
44,174,138,224,662,317,345,0,1,1,p_1.30.24_LL3f_mi,8
45,182,142,233,641,310,331,0,1,1,p_1.30.24_LL3f_mi,8
46,177,135,225,657,331,326,0,1,1,p_1.30.24_LL3f_mi,8
47,189,142,237,621,308,313,0,1,1,p_1.30.24_LL3f_mi,8
48,176,141,228,651,328,323,0,1,1,p_1.30.24_LL3f_mi,8
49,174,133,225,663,323,340,0,1,1,p_1.30.24_LL3f_mi,8
50,174,137,226,656,331,325,0,1,1,p_1.30.24_LL3f_mi,8
51,165,131,210,707,363,344,0,1,1,p_1.30.24_LL3f_mi,8
52,164,135,221,665,332,333,0,1,1,p_1.30.24_LL3f_mi,8
53,180,148,227,661,327,334,0,1,1,p_1.30.24_LL3f_mi,8
54,167,136,227,648,333,315,0,1,1,p_1.30.24_LL3f_mi,8
55,172,129,224,672,357,315,0,1,1,p_1.30.24_LL3f_mi,8
56,177,141,224,664,348,316,0,1,1,p_1.30.24_LL3f_mi,8
57,162,134,215,683,354,329,0,1,1,p_1.30.24_LL3f_mi,8
58,174,133,221,669,334,335,0,1,1,p_1.30.24_LL3f_mi,8
59,177,140,222,669,331,338,0,1,1,p_1.30.24_LL3f_mi,8
60,184,139,230,647,322,325,0,1,1,p_1.30.24_LL3f_mi,8
61,171,131,216,690,351,339,0,1,1,p_1.30.24_LL3f_mi,8
62,178,133,227,663,336,327,0,1,1,p_1.30.24_LL3f_mi,8
63,179,130,227,654,332,322,0,1,1,p_1.30.24_LL3f_mi,8
64,170,131,217,683,353,330,0,1,1,p_1.30.24_LL3f_mi,8
65,176,135,225,659,327,332,0,1,1,p_1.30.24_LL3f_mi,8
66,184,138,232,641,335,306,0,1,1,p_1.30.24_LL3f_mi,8
67,175,140,220,677,347,330,0,1,1,p_1.30.24_LL3f_mi,8
68,173,141,224,661,339,322,0,1,1,p_1.30.24_LL3f_mi,8
69,173,136,224,667,341,326,0,1,1,p_1.30.24_LL3f_mi,8
70,176,127,231,643,316,327,0,1,1,p_1.30.24_LL3f_mi,8
71,179,136,231,646,303,343,0,1,1,p_1.30.24_LL3f_mi,8
72,169,129,222,669,313,356,0,1,1,p_1.30.24_LL3f_mi,8
73,166,134,216,686,320,366,0,1,1,p_1.30.24_LL3f_mi,8
74,176,140,225,665,324,341,0,1,1,p_1.30.24_LL3f_mi,8
75,173,135,220,674,323,351,0,1,1,p_1.30.24_LL3f_mi,8
76,162,137,205,713,345,368,0,1,1,p_1.30.24_LL3f_mi,8
77,175,137,223,668,323,345,0,1,1,p_1.30.24_LL3f_mi,8
78,171,127,219,674,341,333,0,1,1,p_1.30.24_LL3f_mi,8
79,169,128,217,685,351,334,0,1,1,p_1.30.24_LL3f_mi,8
80,174,128,220,679,337,342,0,1,1,p_1.30.24_LL3f_mi,8
81,181,139,225,662,341,321,0,1,1,p_1.30.24_LL3f_mi,8
82,174,137,224,661,351,310,0,1,1,p_1.30.24_LL3f_mi,8
83,166,135,221,677,349,328,0,1,1,p_1.30.24_LL3f_mi,8
84,165,132,218,679,345,334,0,1,1,p_1.30.24_LL3f_mi,8
85,179,125,226,661,336,325,0,1,1,p_1.30.24_LL3f_mi,8
86,172,135,219,673,341,332,0,1,1,p_1.30.24_LL3f_mi,8
87,179,136,230,642,315,327,0,1,1,p_1.30.24_LL3f_mi,8
88,182,140,226,661,315,346,0,1,1,p_1.30.24_LL3f_mi,8
89,172,139,222,669,302,367,0,1,1,p_1.30.24_LL3f_mi,8
90,179,143,223,676,327,349,0,1,1,p_1.30.24_LL3f_mi,8
91,178,139,229,643,317,326,0,1,1,p_1.30.24_LL3f_mi,8
92,180,141,234,633,330,303,0,1,1,p_1.30.24_LL3f_mi,8
93,176,137,229,647,334,313,0,1,1,p_1.30.24_LL3f_mi,8
94,172,128,217,682,350,332,0,1,1,p_1.30.24_LL3f_mi,8
95,174,129,228,646,316,330,0,1,1,p_1.30.24_LL3f_mi,8
96,176,130,229,645,308,337,0,1,1,p_1.30.24_LL3f_mi,8
97,174,135,223,673,325,348,0,1,1,p_1.30.24_LL3f_mi,8
98,169,131,211,700,356,344,0,1,1,p_1.30.24_LL3f_mi,8
99,177,136,220,675,355,320,0,1,1,p_1.30.24_LL3f_mi,8
100,149,119,196,651,325,326,0,1,1,p_1.30.24_LL3f_mi,8
101,114,92,148,671,343,328,0,1,1,p_1.30.24_LL3f_mi,8
102,120,99,161,567,275,292,0,1,1,p_1.30.24_LL3f_mi,8
103,115,86,151,507,247,260,0,1,1,p_1.30.24_LL3f_mi,8
104,98,79,131,470,227,243,0,1,1,p_1.30.24_LL3f_mi,8
105,72,62,90,468,222,246,0,1,1,p_1.30.24_LL3f_mi,8
106,63,55,84,403,197,206,0,1,1,p_1.30.24_LL3f_mi,8
107,51,47,65,362,177,185,0,1,1,p_1.30.24_LL3f_mi,8
108,44,42,57,302,152,150,0,1,1,p_1.30.24_LL3f_mi,8
109,40,34,53,233,117,116,0,1,1,p_1.30.24_LL3f_mi,8
110,28,23,35,189,102,87,0,1,1,p_1.30.24_LL3f_mi,8
111,33,28,38,164,87,77,0,1,1,p_1.30.24_LL3f_mi,8
112,27,23,35,132,64,68,0,1,1,p_1.30.24_LL3f_mi,8
113,27,20,35,117,61,56,0,1,1,p_1.30.24_LL3f_mi,8
114,25,19,36,119,65,54,0,1,1,p_1.30.24_LL3f_mi,8
115,26,19,33,112,59,53,0,1,1,p_1.30.24_LL3f_mi,8
116,26,17,34,104,54,50,0,1,1,p_1.30.24_LL3f_mi,8
117,26,17,33,98,58,40,0,1,1,p_1.30.24_LL3f_mi,8
118,26,20,31,91,49,42,0,1,1,p_1.30.24_LL3f_mi,8
119,24,19,33,99,49,50,0,1,1,p_1.30.24_LL3f_mi,8
120,27,18,33,99,51,48,0,1,1,p_1.30.24_LL3f_mi,8
121,29,23,35,96,56,40,0,1,1,p_1.30.24_LL3f_mi,8
122,27,21,34,101,50,51,0,1,1,p_1.30.24_LL3f_mi,8
123,27,23,33,98,51,47,0,1,1,p_1.30.24_LL3f_mi,8
124,24,19,32,99,47,52,0,1,1,p_1.30.24_LL3f_mi,8
125,30,23,37,123,55,68,15,1,1,p_1.30.24_LL3f_mi,8
126,23,16,37,124,56,68,10,1,1,p_1.30.24_LL3f_mi,8
127,29,25,38,122,56,66,7,1,1,p_1.30.24_LL3f_mi,8
128,27,21,36,127,62,65,2,1,1,p_1.30.24_LL3f_mi,8
129,30,21,36,117,63,54,2,1,1,p_1.30.24_LL3f_mi,8
130,25,19,34,113,64,49,0,1,1,p_1.30.24_LL3f_mi,8
131,26,21,36,112,63,49,0,1,1,p_1.30.24_LL3f_mi,8
132,27,21,35,112,59,53,0,1,1,p_1.30.24_LL3f_mi,8
133,27,25,34,105,54,51,0,1,1,p_1.30.24_LL3f_mi,8
134,27,19,32,95,49,46,0,1,1,p_1.30.24_LL3f_mi,8
135,26,20,33,95,50,45,0,1,1,p_1.30.24_LL3f_mi,8
136,26,17,34,96,45,51,0,1,1,p_1.30.24_LL3f_mi,8
137,25,18,32,91,48,43,0,1,1,p_1.30.24_LL3f_mi,8
138,28,25,33,101,52,49,0,1,1,p_1.30.24_LL3f_mi,8
139,24,19,34,102,51,51,0,1,1,p_1.30.24_LL3f_mi,8
140,27,22,37,127,72,55,19,1,1,p_1.30.24_LL3f_mi,8
141,32,24,39,126,72,54,14,1,1,p_1.30.24_LL3f_mi,8
142,27,19,36,120,72,48,6,1,1,p_1.30.24_LL3f_mi,8
143,29,16,36,113,63,50,2,1,1,p_1.30.24_LL3f_mi,8
144,26,21,34,105,56,49,0,1,1,p_1.30.24_LL3f_mi,8
145,28,22,35,109,53,56,0,1,1,p_1.30.24_LL3f_mi,8
146,28,18,34,113,50,63,0,1,1,p_1.30.24_LL3f_mi,8
147,26,20,34,101,44,57,0,1,1,p_1.30.24_LL3f_mi,8
148,25,21,33,100,45,55,0,1,1,p_1.30.24_LL3f_mi,8
149,24,18,32,95,45,50,0,1,1,p_1.30.24_LL3f_mi,8
150,24,18,31,91,46,45,0,1,1,p_1.30.24_LL3f_mi,8
151,50,33,69,96,53,43,0,1,1,p_1.30.24_LL3f_mi,8
152,63,38,91,131,72,59,0,1,1,p_1.30.24_LL3f_mi,8
153,89,50,117,179,97,82,0,1,1,p_1.30.24_LL3f_mi,8
154,102,64,141,239,125,114,0,1,1,p_1.30.24_LL3f_mi,8
155,125,85,163,323,173,150,19,1,1,p_1.30.24_LL3f_mi,8
156,139,98,180,388,205,183,8,1,1,p_1.30.24_LL3f_mi,8
157,151,106,193,459,229,230,4,1,1,p_1.30.24_LL3f_mi,8
158,166,124,207,509,257,252,3,1,1,p_1.30.24_LL3f_mi,8
159,171,123,224,560,270,290,2,1,1,p_1.30.24_LL3f_mi,8
160,190,141,241,598,307,291,0,1,1,p_1.30.24_LL3f_mi,8
161,180,131,227,656,344,312,0,1,1,p_1.30.24_LL3f_mi,8
162,175,139,220,674,345,329,0,1,1,p_1.30.24_LL3f_mi,8
163,162,134,218,681,354,327,0,1,1,p_1.30.24_LL3f_mi,8
164,177,135,227,666,329,337,0,1,1,p_1.30.24_LL3f_mi,8
165,173,128,223,666,317,349,0,1,1,p_1.30.24_LL3f_mi,8
166,166,136,220,674,331,343,0,1,1,p_1.30.24_LL3f_mi,8
167,173,131,226,655,326,329,0,1,1,p_1.30.24_LL3f_mi,8
168,172,131,222,667,332,335,0,1,1,p_1.30.24_LL3f_mi,8
169,182,135,222,669,342,327,0,1,1,p_1.30.24_LL3f_mi,8
170,164,129,216,686,367,319,20,1,1,p_1.30.24_LL3f_mi,8
171,162,133,212,703,358,345,15,1,1,p_1.30.24_LL3f_mi,8
172,179,134,222,671,330,341,5,1,1,p_1.30.24_LL3f_mi,8
173,175,144,227,652,331,321,2,1,1,p_1.30.24_LL3f_mi,8
174,176,135,230,646,336,310,1,1,1,p_1.30.24_LL3f_mi,8
175,179,137,224,669,348,321,0,1,1,p_1.30.24_LL3f_mi,8
176,159,128,201,720,385,335,0,1,1,p_1.30.24_LL3f_mi,8
177,171,129,224,661,360,301,0,1,1,p_1.30.24_LL3f_mi,8
178,181,131,235,628,322,306,0,1,1,p_1.30.24_LL3f_mi,8
179,173,133,226,653,325,328,0,1,1,p_1.30.24_LL3f_mi,8
180,172,132,220,672,353,319,0,1,1,p_1.30.24_LL3f_mi,8
181,169,132,219,680,344,336,0,1,1,p_1.30.24_LL3f_mi,8
182,174,131,221,671,343,328,0,1,1,p_1.30.24_LL3f_mi,8
183,170,133,219,677,351,326,0,1,1,p_1.30.24_LL3f_mi,8
184,173,138,220,674,354,320,0,1,1,p_1.30.24_LL3f_mi,8
185,167,128,219,679,348,331,0,1,1,p_1.30.24_LL3f_mi,8
186,170,130,220,683,345,338,0,1,1,p_1.30.24_LL3f_mi,8
187,169,135,220,683,357,326,0,1,1,p_1.30.24_LL3f_mi,8
188,167,131,226,649,338,311,0,1,1,p_1.30.24_LL3f_mi,8
189,180,139,228,651,339,312,0,1,1,p_1.30.24_LL3f_mi,8
190,175,136,219,675,356,319,0,1,1,p_1.30.24_LL3f_mi,8
191,177,123,225,670,356,314,0,1,1,p_1.30.24_LL3f_mi,8
192,179,135,225,664,348,316,0,1,1,p_1.30.24_LL3f_mi,8
193,178,129,228,651,337,314,0,1,1,p_1.30.24_LL3f_mi,8
194,169,130,223,663,335,328,0,1,1,p_1.30.24_LL3f_mi,8
195,178,141,228,659,331,328,0,1,1,p_1.30.24_LL3f_mi,8
196,169,133,219,676,352,324,0,1,1,p_1.30.24_LL3f_mi,8
197,168,133,223,671,329,342,0,1,1,p_1.30.24_LL3f_mi,8
198,180,141,228,654,316,338,0,1,1,p_1.30.24_LL3f_mi,8
199,177,131,227,658,322,336,0,1,1,p_1.30.24_LL3f_mi,8
200,183,141,230,640,314,326,0,1,1,p_1.30.24_LL3f_mi,8
201,162,126,207,709,365,344,0,1,1,p_1.30.24_LL3f_mi,8
202,173,126,218,690,351,339,0,1,1,p_1.30.24_LL3f_mi,8
203,175,129,229,653,337,316,0,1,1,p_1.30.24_LL3f_mi,8
204,181,134,226,660,327,333,0,1,1,p_1.30.24_LL3f_mi,8
205,175,132,228,647,322,325,0,1,1,p_1.30.24_LL3f_mi,8
206,164,129,212,700,330,370,0,1,1,p_1.30.24_LL3f_mi,8
207,166,135,219,669,318,351,0,1,1,p_1.30.24_LL3f_mi,8
208,183,146,228,653,325,328,0,1,1,p_1.30.24_LL3f_mi,8
209,171,133,222,674,341,333,0,1,1,p_1.30.24_LL3f_mi,8
210,176,144,227,658,333,325,0,1,1,p_1.30.24_LL3f_mi,8
211,178,137,221,670,342,328,0,1,1,p_1.30.24_LL3f_mi,8
212,176,129,221,673,343,330,0,1,1,p_1.30.24_LL3f_mi,8
213,175,135,231,651,311,340,0,1,1,p_1.30.24_LL3f_mi,8
214,169,131,227,658,312,346,0,1,1,p_1.30.24_LL3f_mi,8
215,167,133,215,686,336,350,0,1,1,p_1.30.24_LL3f_mi,8
216,172,140,217,683,350,333,0,1,1,p_1.30.24_LL3f_mi,8
217,178,142,228,648,340,308,0,1,1,p_1.30.24_LL3f_mi,8
218,170,131,223,665,346,319,0,1,1,p_1.30.24_LL3f_mi,8
219,175,134,228,653,337,316,0,1,1,p_1.30.24_LL3f_mi,8
220,174,135,221,682,338,344,0,1,1,p_1.30.24_LL3f_mi,8
221,168,132,222,668,337,331,0,1,1,p_1.30.24_LL3f_mi,8
222,180,142,228,649,338,311,0,1,1,p_1.30.24_LL3f_mi,8
223,178,138,229,650,331,319,0,1,1,p_1.30.24_LL3f_mi,8
224,174,141,224,668,341,327,0,1,1,p_1.30.24_LL3f_mi,8
225,171,134,219,675,329,346,0,1,1,p_1.30.24_LL3f_mi,8
226,155,125,203,725,343,382,0,1,1,p_1.30.24_LL3f_mi,8
227,170,133,224,659,324,335,0,1,1,p_1.30.24_LL3f_mi,8
228,173,134,222,669,347,322,0,1,1,p_1.30.24_LL3f_mi,8
229,171,143,220,678,336,342,0,1,1,p_1.30.24_LL3f_mi,8
230,174,138,223,662,329,333,0,1,1,p_1.30.24_LL3f_mi,8
231,172,145,222,668,324,344,0,1,1,p_1.30.24_LL3f_mi,8
232,172,134,227,657,318,339,0,1,1,p_1.30.24_LL3f_mi,8
233,163,130,222,669,309,360,0,1,1,p_1.30.24_LL3f_mi,8
234,167,134,222,670,297,373,0,1,1,p_1.30.24_LL3f_mi,8
235,170,135,220,673,317,356,0,1,1,p_1.30.24_LL3f_mi,8
236,177,136,222,669,351,318,0,1,1,p_1.30.24_LL3f_mi,8
237,173,138,221,671,353,318,0,1,1,p_1.30.24_LL3f_mi,8
238,180,148,224,669,332,337,0,1,1,p_1.30.24_LL3f_mi,8
239,171,136,214,691,342,349,0,1,1,p_1.30.24_LL3f_mi,8
240,180,146,227,656,346,310,0,1,1,p_1.30.24_LL3f_mi,8
241,179,130,236,625,331,294,0,1,1,p_1.30.24_LL3f_mi,8
242,173,129,224,667,356,311,0,1,1,p_1.30.24_LL3f_mi,8
243,182,136,227,659,358,301,0,1,1,p_1.30.24_LL3f_mi,8
244,168,127,218,680,361,319,0,1,1,p_1.30.24_LL3f_mi,8
245,168,130,224,671,346,325,0,1,1,p_1.30.24_LL3f_mi,8
246,176,144,222,668,347,321,0,1,1,p_1.30.24_LL3f_mi,8
247,171,136,222,669,346,323,0,1,1,p_1.30.24_LL3f_mi,8
248,166,128,222,665,325,340,0,1,1,p_1.30.24_LL3f_mi,8
249,183,141,226,656,309,347,0,1,1,p_1.30.24_LL3f_mi,8
250,172,138,221,677,315,362,0,1,1,p_1.30.24_LL3f_mi,8
251,167,132,213,703,355,348,0,1,1,p_1.30.24_LL3f_mi,8
252,178,141,220,675,345,330,0,1,1,p_1.30.24_LL3f_mi,8
253,174,138,222,672,325,347,0,1,1,p_1.30.24_LL3f_mi,8
254,186,151,230,641,310,331,0,1,1,p_1.30.24_LL3f_mi,8
255,175,134,223,660,314,346,0,1,1,p_1.30.24_LL3f_mi,8
256,178,132,230,652,315,337,0,1,1,p_1.30.24_LL3f_mi,8
257,172,144,211,696,350,346,0,1,1,p_1.30.24_LL3f_mi,8
258,178,127,231,647,320,327,0,1,1,p_1.30.24_LL3f_mi,8
259,180,136,224,665,333,332,0,1,1,p_1.30.24_LL3f_mi,8
260,179,140,226,655,340,315,0,1,1,p_1.30.24_LL3f_mi,8
261,170,126,224,660,348,312,0,1,1,p_1.30.24_LL3f_mi,8
262,169,135,216,691,360,331,0,1,1,p_1.30.24_LL3f_mi,8
263,176,133,220,677,332,345,0,1,1,p_1.30.24_LL3f_mi,8
264,178,137,231,643,306,337,0,1,1,p_1.30.24_LL3f_mi,8
265,166,140,218,675,318,357,0,1,1,p_1.30.24_LL3f_mi,8
266,171,143,226,659,314,345,0,1,1,p_1.30.24_LL3f_mi,8
267,172,138,224,668,322,346,0,1,1,p_1.30.24_LL3f_mi,8
268,173,139,221,670,344,326,0,1,1,p_1.30.24_LL3f_mi,8
269,174,135,222,666,348,318,0,1,1,p_1.30.24_LL3f_mi,8
270,174,134,218,679,353,326,0,1,1,p_1.30.24_LL3f_mi,8
271,184,136,236,628,313,315,0,1,1,p_1.30.24_LL3f_mi,8
272,179,146,230,643,304,339,0,1,1,p_1.30.24_LL3f_mi,8
273,185,147,231,637,293,344,0,1,1,p_1.30.24_LL3f_mi,8
274,165,134,220,678,308,370,0,1,1,p_1.30.24_LL3f_mi,8
275,186,138,223,661,296,365,0,1,1,p_1.30.24_LL3f_mi,8
276,162,133,206,716,326,390,0,1,1,p_1.30.24_LL3f_mi,8
277,176,147,217,685,317,368,0,1,1,p_1.30.24_LL3f_mi,8
278,179,139,229,654,304,350,0,1,1,p_1.30.24_LL3f_mi,8
279,177,134,224,664,307,357,0,1,1,p_1.30.24_LL3f_mi,8
280,174,134,228,652,311,341,0,1,1,p_1.30.24_LL3f_mi,8
281,176,144,225,661,321,340,0,1,1,p_1.30.24_LL3f_mi,8
282,160,131,214,692,354,338,0,1,1,p_1.30.24_LL3f_mi,8
283,170,128,222,666,349,317,0,1,1,p_1.30.24_LL3f_mi,8
284,173,137,223,662,339,323,0,1,1,p_1.30.24_LL3f_mi,8
285,174,135,226,660,321,339,0,1,1,p_1.30.24_LL3f_mi,8
286,177,137,226,663,324,339,0,1,1,p_1.30.24_LL3f_mi,8
287,174,133,223,667,316,351,0,1,1,p_1.30.24_LL3f_mi,8
288,176,137,220,671,316,355,0,1,1,p_1.30.24_LL3f_mi,8
289,172,134,214,693,337,356,0,1,1,p_1.30.24_LL3f_mi,8
290,178,134,223,669,332,337,0,1,1,p_1.30.24_LL3f_mi,8
291,171,137,226,655,324,331,0,1,1,p_1.30.24_LL3f_mi,8
292,170,123,222,668,330,338,0,1,1,p_1.30.24_LL3f_mi,8
293,173,138,218,679,346,333,0,1,1,p_1.30.24_LL3f_mi,8
294,176,136,217,686,352,334,0,1,1,p_1.30.24_LL3f_mi,8
295,183,139,226,662,345,317,0,1,1,p_1.30.24_LL3f_mi,8
296,170,130,217,683,356,327,0,1,1,p_1.30.24_LL3f_mi,8
297,170,135,224,667,346,321,0,1,1,p_1.30.24_LL3f_mi,8
298,180,128,231,640,335,305,0,1,1,p_1.30.24_LL3f_mi,8
299,176,128,231,637,329,308,0,1,1,p_1.30.24_LL3f_mi,8
300,170,136,219,675,351,324,0,1,1,p_1.30.24_LL3f_mi,8
301,161,120,205,723,379,344,0,1,1,p_1.30.24_LL3f_mi,8
302,177,134,225,658,345,313,0,1,1,p_1.30.24_LL3f_mi,8
303,175,139,224,666,338,328,0,1,1,p_1.30.24_LL3f_mi,8
304,168,131,220,675,343,332,0,1,1,p_1.30.24_LL3f_mi,8
305,176,134,227,657,334,323,0,1,1,p_1.30.24_LL3f_mi,8
306,171,134,221,668,340,328,0,1,1,p_1.30.24_LL3f_mi,8
307,167,132,226,663,352,311,0,1,1,p_1.30.24_LL3f_mi,8
308,172,131,222,671,356,315,0,1,1,p_1.30.24_LL3f_mi,8
309,169,137,214,694,364,330,0,1,1,p_1.30.24_LL3f_mi,8
310,177,134,227,660,341,319,0,1,1,p_1.30.24_LL3f_mi,8
311,178,135,222,664,341,323,0,1,1,p_1.30.24_LL3f_mi,8
312,165,134,222,673,338,335,0,1,1,p_1.30.24_LL3f_mi,8
313,177,142,225,659,330,329,0,1,1,p_1.30.24_LL3f_mi,8
314,183,148,229,656,324,332,0,1,1,p_1.30.24_LL3f_mi,8
315,170,136,223,665,332,333,0,1,1,p_1.30.24_LL3f_mi,8
316,174,135,219,678,328,350,0,1,1,p_1.30.24_LL3f_mi,8
317,176,144,221,671,320,351,0,1,1,p_1.30.24_LL3f_mi,8
318,176,136,227,656,324,332,0,1,1,p_1.30.24_LL3f_mi,8
319,176,139,224,663,338,325,0,1,1,p_1.30.24_LL3f_mi,8
320,165,132,217,681,334,347,0,1,1,p_1.30.24_LL3f_mi,8
321,173,141,223,675,346,329,0,1,1,p_1.30.24_LL3f_mi,8
322,179,131,226,656,346,310,0,1,1,p_1.30.24_LL3f_mi,8
323,166,129,220,670,343,327,0,1,1,p_1.30.24_LL3f_mi,8
324,172,132,224,663,338,325,0,1,1,p_1.30.24_LL3f_mi,8
325,177,133,227,650,336,314,0,1,1,p_1.30.24_LL3f_mi,8
326,163,137,207,715,375,340,0,1,1,p_1.30.24_LL3f_mi,8
327,175,135,220,672,346,326,0,1,1,p_1.30.24_LL3f_mi,8
328,176,133,228,651,334,317,0,1,1,p_1.30.24_LL3f_mi,8
329,176,129,223,667,337,330,0,1,1,p_1.30.24_LL3f_mi,8
330,167,132,217,675,333,342,0,1,1,p_1.30.24_LL3f_mi,8
331,175,138,226,661,329,332,0,1,1,p_1.30.24_LL3f_mi,8
332,177,142,226,661,328,333,0,1,1,p_1.30.24_LL3f_mi,8
333,174,139,219,675,325,350,0,1,1,p_1.30.24_LL3f_mi,8
334,171,137,219,674,327,347,0,1,1,p_1.30.24_LL3f_mi,8
335,162,126,223,663,334,329,0,1,1,p_1.30.24_LL3f_mi,8
336,178,137,224,658,326,332,0,1,1,p_1.30.24_LL3f_mi,8
337,176,139,222,665,324,341,0,1,1,p_1.30.24_LL3f_mi,8
338,174,131,224,657,313,344,0,1,1,p_1.30.24_LL3f_mi,8
339,182,133,229,650,322,328,0,1,1,p_1.30.24_LL3f_mi,8
340,169,139,220,677,324,353,0,1,1,p_1.30.24_LL3f_mi,8
341,176,130,226,666,327,339,0,1,1,p_1.30.24_LL3f_mi,8
342,183,147,231,640,333,307,0,1,1,p_1.30.24_LL3f_mi,8
343,169,137,223,675,348,327,0,1,1,p_1.30.24_LL3f_mi,8
344,174,136,222,671,341,330,0,1,1,p_1.30.24_LL3f_mi,8
345,172,134,222,672,344,328,0,1,1,p_1.30.24_LL3f_mi,8
346,172,128,222,671,340,331,0,1,1,p_1.30.24_LL3f_mi,8
347,167,139,216,685,344,341,0,1,1,p_1.30.24_LL3f_mi,8
348,164,132,214,694,356,338,0,1,1,p_1.30.24_LL3f_mi,8
349,182,135,229,645,328,317,0,1,1,p_1.30.24_LL3f_mi,8
350,173,135,228,650,331,319,0,1,1,p_1.30.24_LL3f_mi,8
1,0,0,0,631,323,308,0,1,2,p_1.30.24_LL3f_mi,8
2,105,95,132,843,421,422,0,1,2,p_1.30.24_LL3f_mi,8
3,137,119,173,782,382,400,0,1,2,p_1.30.24_LL3f_mi,8
4,169,129,212,701,355,346,0,1,2,p_1.30.24_LL3f_mi,8
5,164,131,218,676,335,341,0,1,2,p_1.30.24_LL3f_mi,8
6,176,143,227,656,331,325,0,1,2,p_1.30.24_LL3f_mi,8
7,180,140,227,655,324,331,0,1,2,p_1.30.24_LL3f_mi,8
8,178,135,227,647,306,341,0,1,2,p_1.30.24_LL3f_mi,8
9,174,131,225,662,308,354,0,1,2,p_1.30.24_LL3f_mi,8
10,173,131,225,653,322,331,0,1,2,p_1.30.24_LL3f_mi,8
11,170,137,219,680,333,347,0,1,2,p_1.30.24_LL3f_mi,8
12,181,146,229,653,322,331,0,1,2,p_1.30.24_LL3f_mi,8
13,182,141,228,647,311,336,0,1,2,p_1.30.24_LL3f_mi,8
14,184,142,224,664,305,359,0,1,2,p_1.30.24_LL3f_mi,8
15,184,137,223,665,311,354,0,1,2,p_1.30.24_LL3f_mi,8
16,172,130,224,670,313,357,0,1,2,p_1.30.24_LL3f_mi,8
17,167,136,217,676,334,342,0,1,2,p_1.30.24_LL3f_mi,8
18,177,133,224,664,316,348,0,1,2,p_1.30.24_LL3f_mi,8
19,181,139,229,658,325,333,0,1,2,p_1.30.24_LL3f_mi,8
20,177,138,224,660,338,322,0,1,2,p_1.30.24_LL3f_mi,8
21,162,133,219,675,331,344,0,1,2,p_1.30.24_LL3f_mi,8
22,169,143,215,684,345,339,0,1,2,p_1.30.24_LL3f_mi,8
23,173,138,229,648,312,336,0,1,2,p_1.30.24_LL3f_mi,8
24,174,137,226,666,329,337,0,1,2,p_1.30.24_LL3f_mi,8
25,169,140,222,668,331,337,0,1,2,p_1.30.24_LL3f_mi,8
26,169,139,207,712,358,354,0,1,2,p_1.30.24_LL3f_mi,8
27,171,131,223,677,349,328,0,1,2,p_1.30.24_LL3f_mi,8
28,178,140,230,645,319,326,0,1,2,p_1.30.24_LL3f_mi,8
29,175,137,225,668,336,332,0,1,2,p_1.30.24_LL3f_mi,8
30,172,133,227,655,352,303,0,1,2,p_1.30.24_LL3f_mi,8
31,177,136,219,673,371,302,0,1,2,p_1.30.24_LL3f_mi,8
32,169,126,219,682,369,313,0,1,2,p_1.30.24_LL3f_mi,8
33,175,135,221,673,350,323,0,1,2,p_1.30.24_LL3f_mi,8
34,169,130,221,675,351,324,0,1,2,p_1.30.24_LL3f_mi,8
35,163,131,222,669,349,320,0,1,2,p_1.30.24_LL3f_mi,8
36,170,134,223,662,335,327,0,1,2,p_1.30.24_LL3f_mi,8
37,179,136,227,654,334,320,0,1,2,p_1.30.24_LL3f_mi,8
38,179,134,226,665,348,317,0,1,2,p_1.30.24_LL3f_mi,8
39,179,141,227,654,338,316,0,1,2,p_1.30.24_LL3f_mi,8
40,178,139,226,658,321,337,0,1,2,p_1.30.24_LL3f_mi,8
41,180,139,228,648,292,356,0,1,2,p_1.30.24_LL3f_mi,8
42,180,142,229,650,297,353,0,1,2,p_1.30.24_LL3f_mi,8
43,170,134,223,669,329,340,0,1,2,p_1.30.24_LL3f_mi,8
44,171,138,217,688,336,352,0,1,2,p_1.30.24_LL3f_mi,8
45,163,135,223,670,330,340,0,1,2,p_1.30.24_LL3f_mi,8
46,183,140,228,647,313,334,0,1,2,p_1.30.24_LL3f_mi,8
47,168,130,217,682,327,355,0,1,2,p_1.30.24_LL3f_mi,8
48,174,138,227,662,322,340,0,1,2,p_1.30.24_LL3f_mi,8
49,176,141,224,663,333,330,0,1,2,p_1.30.24_LL3f_mi,8
50,172,130,226,654,353,301,0,1,2,p_1.30.24_LL3f_mi,8
51,152,120,204,720,397,323,0,1,2,p_1.30.24_LL3f_mi,8
52,177,130,222,666,364,302,0,1,2,p_1.30.24_LL3f_mi,8
53,178,137,226,653,326,327,0,1,2,p_1.30.24_LL3f_mi,8
54,183,148,231,638,313,325,0,1,2,p_1.30.24_LL3f_mi,8
55,175,133,225,660,333,327,0,1,2,p_1.30.24_LL3f_mi,8
56,175,134,228,654,328,326,0,1,2,p_1.30.24_LL3f_mi,8
57,172,138,215,688,345,343,0,1,2,p_1.30.24_LL3f_mi,8
58,160,131,215,691,337,354,0,1,2,p_1.30.24_LL3f_mi,8
59,178,140,223,668,318,350,0,1,2,p_1.30.24_LL3f_mi,8
60,174,136,229,653,318,335,0,1,2,p_1.30.24_LL3f_mi,8
61,183,135,233,641,323,318,0,1,2,p_1.30.24_LL3f_mi,8
62,181,137,227,654,342,312,0,1,2,p_1.30.24_LL3f_mi,8
63,173,138,227,657,353,304,0,1,2,p_1.30.24_LL3f_mi,8
64,172,130,218,680,370,310,0,1,2,p_1.30.24_LL3f_mi,8
65,168,139,216,690,353,337,0,1,2,p_1.30.24_LL3f_mi,8
66,173,133,224,658,333,325,0,1,2,p_1.30.24_LL3f_mi,8
67,179,130,233,643,334,309,0,1,2,p_1.30.24_LL3f_mi,8
68,181,136,234,636,334,302,0,1,2,p_1.30.24_LL3f_mi,8
69,183,140,227,665,344,321,0,1,2,p_1.30.24_LL3f_mi,8
70,171,135,230,645,326,319,0,1,2,p_1.30.24_LL3f_mi,8
71,164,127,218,679,330,349,0,1,2,p_1.30.24_LL3f_mi,8
72,184,140,226,658,318,340,0,1,2,p_1.30.24_LL3f_mi,8
73,164,129,218,687,327,360,0,1,2,p_1.30.24_LL3f_mi,8
74,177,131,230,649,323,326,0,1,2,p_1.30.24_LL3f_mi,8
75,179,145,229,649,296,353,0,1,2,p_1.30.24_LL3f_mi,8
76,158,129,201,721,341,380,0,1,2,p_1.30.24_LL3f_mi,8
77,175,135,223,663,308,355,0,1,2,p_1.30.24_LL3f_mi,8
78,182,142,232,637,295,342,0,1,2,p_1.30.24_LL3f_mi,8
79,172,134,225,662,319,343,0,1,2,p_1.30.24_LL3f_mi,8
80,178,136,227,654,323,331,0,1,2,p_1.30.24_LL3f_mi,8
81,178,141,229,648,339,309,0,1,2,p_1.30.24_LL3f_mi,8
82,180,134,225,657,348,309,0,1,2,p_1.30.24_LL3f_mi,8
83,173,138,219,678,354,324,0,1,2,p_1.30.24_LL3f_mi,8
84,173,133,220,673,354,319,0,1,2,p_1.30.24_LL3f_mi,8
85,174,131,226,659,332,327,0,1,2,p_1.30.24_LL3f_mi,8
86,182,136,230,648,331,317,0,1,2,p_1.30.24_LL3f_mi,8
87,175,124,231,645,325,320,0,1,2,p_1.30.24_LL3f_mi,8
88,177,139,219,669,323,346,0,1,2,p_1.30.24_LL3f_mi,8
89,170,130,219,678,325,353,0,1,2,p_1.30.24_LL3f_mi,8
90,167,132,221,673,316,357,0,1,2,p_1.30.24_LL3f_mi,8
91,173,131,218,678,330,348,0,1,2,p_1.30.24_LL3f_mi,8
92,178,132,223,666,334,332,0,1,2,p_1.30.24_LL3f_mi,8
93,177,136,229,651,321,330,0,1,2,p_1.30.24_LL3f_mi,8
94,172,139,227,654,322,332,0,1,2,p_1.30.24_LL3f_mi,8
95,161,130,213,699,337,362,0,1,2,p_1.30.24_LL3f_mi,8
96,173,137,220,680,336,344,0,1,2,p_1.30.24_LL3f_mi,8
97,166,127,213,692,344,348,0,1,2,p_1.30.24_LL3f_mi,8
98,168,127,221,671,316,355,0,1,2,p_1.30.24_LL3f_mi,8
99,177,140,228,650,310,340,0,1,2,p_1.30.24_LL3f_mi,8
100,157,129,201,631,310,321,0,1,2,p_1.30.24_LL3f_mi,8
101,113,98,150,673,341,332,0,1,2,p_1.30.24_LL3f_mi,8
102,120,101,156,578,288,290,0,1,2,p_1.30.24_LL3f_mi,8
103,109,92,138,533,263,270,0,1,2,p_1.30.24_LL3f_mi,8
104,96,84,124,490,231,259,0,1,2,p_1.30.24_LL3f_mi,8
105,75,63,106,444,210,234,0,1,2,p_1.30.24_LL3f_mi,8
106,76,63,95,385,189,196,0,1,2,p_1.30.24_LL3f_mi,8
107,64,57,74,347,174,173,0,1,2,p_1.30.24_LL3f_mi,8
108,54,43,68,281,143,138,0,1,2,p_1.30.24_LL3f_mi,8
109,35,33,43,250,128,122,0,1,2,p_1.30.24_LL3f_mi,8
110,27,23,35,191,96,95,0,1,2,p_1.30.24_LL3f_mi,8
111,29,26,40,158,82,76,0,1,2,p_1.30.24_LL3f_mi,8
112,28,21,38,144,75,69,0,1,2,p_1.30.24_LL3f_mi,8
113,26,21,37,126,63,63,0,1,2,p_1.30.24_LL3f_mi,8
114,26,19,36,114,58,56,0,1,2,p_1.30.24_LL3f_mi,8
115,28,23,35,103,51,52,0,1,2,p_1.30.24_LL3f_mi,8
116,22,19,31,101,49,52,0,1,2,p_1.30.24_LL3f_mi,8
117,25,19,31,95,44,51,0,1,2,p_1.30.24_LL3f_mi,8
118,27,20,33,99,52,47,0,1,2,p_1.30.24_LL3f_mi,8
119,24,20,32,98,55,43,0,1,2,p_1.30.24_LL3f_mi,8
120,25,21,32,98,59,39,0,1,2,p_1.30.24_LL3f_mi,8
121,27,18,33,89,49,40,0,1,2,p_1.30.24_LL3f_mi,8
122,27,20,30,82,46,36,0,1,2,p_1.30.24_LL3f_mi,8
123,26,19,32,85,45,40,0,1,2,p_1.30.24_LL3f_mi,8
124,27,22,32,90,44,46,0,1,2,p_1.30.24_LL3f_mi,8
125,23,19,35,112,52,60,15,1,2,p_1.30.24_LL3f_mi,8
126,27,20,36,115,62,53,9,1,2,p_1.30.24_LL3f_mi,8
127,23,17,34,110,61,49,6,1,2,p_1.30.24_LL3f_mi,8
128,26,21,34,112,62,50,1,1,2,p_1.30.24_LL3f_mi,8
129,29,19,36,111,61,50,0,1,2,p_1.30.24_LL3f_mi,8
130,26,17,34,104,62,42,0,1,2,p_1.30.24_LL3f_mi,8
131,25,19,34,107,60,47,0,1,2,p_1.30.24_LL3f_mi,8
132,27,22,33,107,60,47,0,1,2,p_1.30.24_LL3f_mi,8
133,23,19,33,104,54,50,0,1,2,p_1.30.24_LL3f_mi,8
134,28,21,35,100,44,56,0,1,2,p_1.30.24_LL3f_mi,8
135,26,21,33,97,45,52,0,1,2,p_1.30.24_LL3f_mi,8
136,28,22,34,105,49,56,0,1,2,p_1.30.24_LL3f_mi,8
137,26,20,33,105,52,53,0,1,2,p_1.30.24_LL3f_mi,8
138,28,21,33,101,59,42,0,1,2,p_1.30.24_LL3f_mi,8
139,25,20,32,94,54,40,0,1,2,p_1.30.24_LL3f_mi,8
140,21,16,38,123,62,61,16,1,2,p_1.30.24_LL3f_mi,8
141,25,20,36,122,62,60,11,1,2,p_1.30.24_LL3f_mi,8
142,29,23,36,126,64,62,8,1,2,p_1.30.24_LL3f_mi,8
143,27,22,35,113,48,65,5,1,2,p_1.30.24_LL3f_mi,8
144,27,22,36,112,52,60,1,1,2,p_1.30.24_LL3f_mi,8
145,27,23,35,120,59,61,1,1,2,p_1.30.24_LL3f_mi,8
146,27,26,36,110,53,57,0,1,2,p_1.30.24_LL3f_mi,8
147,26,19,34,103,51,52,0,1,2,p_1.30.24_LL3f_mi,8
148,27,20,33,100,53,47,0,1,2,p_1.30.24_LL3f_mi,8
149,27,22,34,104,56,48,0,1,2,p_1.30.24_LL3f_mi,8
150,25,20,34,98,55,43,0,1,2,p_1.30.24_LL3f_mi,8
151,49,34,72,100,52,48,0,1,2,p_1.30.24_LL3f_mi,8
152,70,42,97,141,77,64,0,1,2,p_1.30.24_LL3f_mi,8
153,90,60,120,195,100,95,0,1,2,p_1.30.24_LL3f_mi,8
154,109,68,143,257,132,125,0,1,2,p_1.30.24_LL3f_mi,8
155,129,89,162,346,185,161,21,1,2,p_1.30.24_LL3f_mi,8
156,139,92,180,396,205,191,8,1,2,p_1.30.24_LL3f_mi,8
157,156,107,195,448,221,227,3,1,2,p_1.30.24_LL3f_mi,8
158,173,122,212,490,257,233,2,1,2,p_1.30.24_LL3f_mi,8
159,184,132,229,519,273,246,1,1,2,p_1.30.24_LL3f_mi,8
160,194,141,240,597,312,285,0,1,2,p_1.30.24_LL3f_mi,8
161,173,124,233,631,328,303,0,1,2,p_1.30.24_LL3f_mi,8
162,167,131,224,668,356,312,0,1,2,p_1.30.24_LL3f_mi,8
163,173,126,224,663,354,309,0,1,2,p_1.30.24_LL3f_mi,8
164,164,128,212,693,364,329,0,1,2,p_1.30.24_LL3f_mi,8
165,170,124,225,658,329,329,0,1,2,p_1.30.24_LL3f_mi,8
166,176,135,227,649,323,326,0,1,2,p_1.30.24_LL3f_mi,8
167,174,144,216,688,320,368,0,1,2,p_1.30.24_LL3f_mi,8
168,176,144,228,648,291,357,0,1,2,p_1.30.24_LL3f_mi,8
169,178,139,227,658,299,359,0,1,2,p_1.30.24_LL3f_mi,8
170,164,128,217,682,322,360,19,1,2,p_1.30.24_LL3f_mi,8
171,176,131,226,658,327,331,11,1,2,p_1.30.24_LL3f_mi,8
172,172,136,221,673,345,328,7,1,2,p_1.30.24_LL3f_mi,8
173,168,126,223,662,323,339,3,1,2,p_1.30.24_LL3f_mi,8
174,181,139,228,655,321,334,2,1,2,p_1.30.24_LL3f_mi,8
175,181,144,231,637,310,327,0,1,2,p_1.30.24_LL3f_mi,8
176,168,129,212,696,341,355,0,1,2,p_1.30.24_LL3f_mi,8
177,172,145,223,675,345,330,0,1,2,p_1.30.24_LL3f_mi,8
178,173,129,217,684,362,322,0,1,2,p_1.30.24_LL3f_mi,8
179,177,131,228,653,344,309,0,1,2,p_1.30.24_LL3f_mi,8
180,163,134,216,683,335,348,0,1,2,p_1.30.24_LL3f_mi,8
181,167,125,213,686,318,368,0,1,2,p_1.30.24_LL3f_mi,8
182,176,138,227,655,308,347,0,1,2,p_1.30.24_LL3f_mi,8
183,170,135,220,675,321,354,0,1,2,p_1.30.24_LL3f_mi,8
184,169,138,225,658,313,345,0,1,2,p_1.30.24_LL3f_mi,8
185,176,137,219,674,314,360,0,1,2,p_1.30.24_LL3f_mi,8
186,183,145,229,649,295,354,0,1,2,p_1.30.24_LL3f_mi,8
187,173,140,220,673,318,355,0,1,2,p_1.30.24_LL3f_mi,8
188,180,139,228,652,312,340,0,1,2,p_1.30.24_LL3f_mi,8
189,182,137,234,632,293,339,0,1,2,p_1.30.24_LL3f_mi,8
190,176,145,227,654,333,321,0,1,2,p_1.30.24_LL3f_mi,8
191,185,137,232,641,330,311,0,1,2,p_1.30.24_LL3f_mi,8
192,177,134,226,656,342,314,0,1,2,p_1.30.24_LL3f_mi,8
193,178,136,224,667,342,325,0,1,2,p_1.30.24_LL3f_mi,8
194,172,131,224,663,335,328,0,1,2,p_1.30.24_LL3f_mi,8
195,179,147,222,673,332,341,0,1,2,p_1.30.24_LL3f_mi,8
196,169,133,225,661,315,346,0,1,2,p_1.30.24_LL3f_mi,8
197,179,133,229,654,311,343,0,1,2,p_1.30.24_LL3f_mi,8
198,169,129,233,641,312,329,0,1,2,p_1.30.24_LL3f_mi,8
199,172,128,221,671,331,340,0,1,2,p_1.30.24_LL3f_mi,8
200,176,140,225,667,324,343,0,1,2,p_1.30.24_LL3f_mi,8
201,170,135,208,707,344,363,0,1,2,p_1.30.24_LL3f_mi,8
202,175,143,223,669,333,336,0,1,2,p_1.30.24_LL3f_mi,8
203,171,144,223,664,326,338,0,1,2,p_1.30.24_LL3f_mi,8
204,167,134,212,699,340,359,0,1,2,p_1.30.24_LL3f_mi,8
205,170,126,225,655,318,337,0,1,2,p_1.30.24_LL3f_mi,8
206,171,132,225,654,319,335,0,1,2,p_1.30.24_LL3f_mi,8
207,170,134,223,665,329,336,0,1,2,p_1.30.24_LL3f_mi,8
208,184,146,226,659,334,325,0,1,2,p_1.30.24_LL3f_mi,8
209,173,136,225,657,339,318,0,1,2,p_1.30.24_LL3f_mi,8
210,181,138,226,659,330,329,0,1,2,p_1.30.24_LL3f_mi,8
211,173,136,219,676,325,351,0,1,2,p_1.30.24_LL3f_mi,8
212,182,143,230,647,302,345,0,1,2,p_1.30.24_LL3f_mi,8
213,177,141,228,652,318,334,0,1,2,p_1.30.24_LL3f_mi,8
214,172,133,220,676,331,345,0,1,2,p_1.30.24_LL3f_mi,8
215,177,136,226,659,330,329,0,1,2,p_1.30.24_LL3f_mi,8
216,175,134,224,659,337,322,0,1,2,p_1.30.24_LL3f_mi,8
217,169,127,224,665,331,334,0,1,2,p_1.30.24_LL3f_mi,8
218,176,132,229,640,332,308,0,1,2,p_1.30.24_LL3f_mi,8
219,173,133,223,662,339,323,0,1,2,p_1.30.24_LL3f_mi,8
220,172,134,229,647,336,311,0,1,2,p_1.30.24_LL3f_mi,8
221,168,133,218,684,352,332,0,1,2,p_1.30.24_LL3f_mi,8
222,172,136,220,679,338,341,0,1,2,p_1.30.24_LL3f_mi,8
223,174,131,221,670,334,336,0,1,2,p_1.30.24_LL3f_mi,8
224,179,141,226,651,323,328,0,1,2,p_1.30.24_LL3f_mi,8
225,174,135,224,657,320,337,0,1,2,p_1.30.24_LL3f_mi,8
226,153,123,203,715,345,370,0,1,2,p_1.30.24_LL3f_mi,8
227,174,135,227,642,299,343,0,1,2,p_1.30.24_LL3f_mi,8
228,188,139,236,628,300,328,0,1,2,p_1.30.24_LL3f_mi,8
229,178,138,229,652,300,352,0,1,2,p_1.30.24_LL3f_mi,8
230,168,136,219,676,317,359,0,1,2,p_1.30.24_LL3f_mi,8
231,170,134,223,671,326,345,0,1,2,p_1.30.24_LL3f_mi,8
232,171,133,224,662,318,344,0,1,2,p_1.30.24_LL3f_mi,8
233,172,135,222,665,327,338,0,1,2,p_1.30.24_LL3f_mi,8
234,177,145,223,676,334,342,0,1,2,p_1.30.24_LL3f_mi,8
235,183,137,232,639,326,313,0,1,2,p_1.30.24_LL3f_mi,8
236,178,145,224,666,341,325,0,1,2,p_1.30.24_LL3f_mi,8
237,168,138,220,679,353,326,0,1,2,p_1.30.24_LL3f_mi,8
238,179,139,225,661,344,317,0,1,2,p_1.30.24_LL3f_mi,8
239,163,132,213,691,357,334,0,1,2,p_1.30.24_LL3f_mi,8
240,175,145,221,672,334,338,0,1,2,p_1.30.24_LL3f_mi,8
241,178,137,235,629,342,287,0,1,2,p_1.30.24_LL3f_mi,8
242,184,136,232,636,341,295,0,1,2,p_1.30.24_LL3f_mi,8
243,170,133,220,672,336,336,0,1,2,p_1.30.24_LL3f_mi,8
244,172,131,223,666,340,326,0,1,2,p_1.30.24_LL3f_mi,8
245,169,130,222,669,336,333,0,1,2,p_1.30.24_LL3f_mi,8
246,166,137,227,652,336,316,0,1,2,p_1.30.24_LL3f_mi,8
247,175,136,224,669,340,329,0,1,2,p_1.30.24_LL3f_mi,8
248,165,125,220,674,334,340,0,1,2,p_1.30.24_LL3f_mi,8
249,170,128,223,662,341,321,0,1,2,p_1.30.24_LL3f_mi,8
250,178,135,228,648,324,324,0,1,2,p_1.30.24_LL3f_mi,8
251,164,132,205,711,358,353,0,1,2,p_1.30.24_LL3f_mi,8
252,183,141,228,654,333,321,0,1,2,p_1.30.24_LL3f_mi,8
253,173,141,224,662,327,335,0,1,2,p_1.30.24_LL3f_mi,8
254,177,135,224,662,335,327,0,1,2,p_1.30.24_LL3f_mi,8
255,181,147,231,650,325,325,0,1,2,p_1.30.24_LL3f_mi,8
256,180,139,227,659,332,327,0,1,2,p_1.30.24_LL3f_mi,8
257,166,132,222,663,336,327,0,1,2,p_1.30.24_LL3f_mi,8
258,176,125,220,676,355,321,0,1,2,p_1.30.24_LL3f_mi,8
259,176,131,221,678,347,331,0,1,2,p_1.30.24_LL3f_mi,8
260,182,142,226,656,329,327,0,1,2,p_1.30.24_LL3f_mi,8
261,171,140,222,669,313,356,0,1,2,p_1.30.24_LL3f_mi,8
262,177,127,227,651,319,332,0,1,2,p_1.30.24_LL3f_mi,8
263,179,137,227,655,314,341,0,1,2,p_1.30.24_LL3f_mi,8
264,174,130,223,661,333,328,0,1,2,p_1.30.24_LL3f_mi,8
265,176,132,226,656,334,322,0,1,2,p_1.30.24_LL3f_mi,8
266,176,140,220,675,334,341,0,1,2,p_1.30.24_LL3f_mi,8
267,176,149,223,664,320,344,0,1,2,p_1.30.24_LL3f_mi,8
268,177,142,224,664,324,340,0,1,2,p_1.30.24_LL3f_mi,8
269,180,135,230,644,309,335,0,1,2,p_1.30.24_LL3f_mi,8
270,167,130,219,680,323,357,0,1,2,p_1.30.24_LL3f_mi,8
271,175,137,220,677,326,351,0,1,2,p_1.30.24_LL3f_mi,8
272,174,136,225,657,317,340,0,1,2,p_1.30.24_LL3f_mi,8
273,177,148,221,674,338,336,0,1,2,p_1.30.24_LL3f_mi,8
274,171,143,222,665,326,339,0,1,2,p_1.30.24_LL3f_mi,8
275,170,125,222,675,334,341,0,1,2,p_1.30.24_LL3f_mi,8
276,165,132,207,708,352,356,0,1,2,p_1.30.24_LL3f_mi,8
277,168,130,225,658,331,327,0,1,2,p_1.30.24_LL3f_mi,8
278,176,141,225,656,340,316,0,1,2,p_1.30.24_LL3f_mi,8
279,179,137,227,651,324,327,0,1,2,p_1.30.24_LL3f_mi,8
280,175,131,222,672,324,348,0,1,2,p_1.30.24_LL3f_mi,8
281,166,134,223,666,339,327,0,1,2,p_1.30.24_LL3f_mi,8
282,163,131,213,693,350,343,0,1,2,p_1.30.24_LL3f_mi,8
283,182,140,229,649,322,327,0,1,2,p_1.30.24_LL3f_mi,8
284,179,140,231,640,317,323,0,1,2,p_1.30.24_LL3f_mi,8
285,177,138,228,649,319,330,0,1,2,p_1.30.24_LL3f_mi,8
286,179,127,226,661,330,331,0,1,2,p_1.30.24_LL3f_mi,8
287,171,126,224,665,324,341,0,1,2,p_1.30.24_LL3f_mi,8
288,181,140,227,655,322,333,0,1,2,p_1.30.24_LL3f_mi,8
289,178,138,229,642,315,327,0,1,2,p_1.30.24_LL3f_mi,8
290,177,138,228,651,314,337,0,1,2,p_1.30.24_LL3f_mi,8
291,175,139,224,664,323,341,0,1,2,p_1.30.24_LL3f_mi,8
292,178,136,224,665,339,326,0,1,2,p_1.30.24_LL3f_mi,8
293,174,138,226,662,328,334,0,1,2,p_1.30.24_LL3f_mi,8
294,168,140,222,665,341,324,0,1,2,p_1.30.24_LL3f_mi,8
295,172,136,217,688,337,351,0,1,2,p_1.30.24_LL3f_mi,8
296,173,142,216,688,333,355,0,1,2,p_1.30.24_LL3f_mi,8
297,175,137,224,659,316,343,0,1,2,p_1.30.24_LL3f_mi,8
298,176,132,228,649,324,325,0,1,2,p_1.30.24_LL3f_mi,8
299,177,132,230,645,329,316,0,1,2,p_1.30.24_LL3f_mi,8
300,174,130,226,660,333,327,0,1,2,p_1.30.24_LL3f_mi,8
301,160,136,205,721,365,356,0,1,2,p_1.30.24_LL3f_mi,8
302,167,129,215,687,352,335,0,1,2,p_1.30.24_LL3f_mi,8
303,171,135,221,668,335,333,0,1,2,p_1.30.24_LL3f_mi,8
304,172,127,227,656,322,334,0,1,2,p_1.30.24_LL3f_mi,8
305,181,135,225,664,329,335,0,1,2,p_1.30.24_LL3f_mi,8
306,183,145,225,660,323,337,0,1,2,p_1.30.24_LL3f_mi,8
307,178,137,226,660,324,336,0,1,2,p_1.30.24_LL3f_mi,8
308,179,140,225,657,328,329,0,1,2,p_1.30.24_LL3f_mi,8
309,171,132,220,682,324,358,0,1,2,p_1.30.24_LL3f_mi,8
310,175,138,228,656,300,356,0,1,2,p_1.30.24_LL3f_mi,8
311,171,136,219,671,316,355,0,1,2,p_1.30.24_LL3f_mi,8
312,172,135,224,671,302,369,0,1,2,p_1.30.24_LL3f_mi,8
313,178,138,226,657,303,354,0,1,2,p_1.30.24_LL3f_mi,8
314,166,134,219,680,328,352,0,1,2,p_1.30.24_LL3f_mi,8
315,181,139,225,668,328,340,0,1,2,p_1.30.24_LL3f_mi,8
316,175,133,222,666,333,333,0,1,2,p_1.30.24_LL3f_mi,8
317,175,125,232,641,333,308,0,1,2,p_1.30.24_LL3f_mi,8
318,171,134,227,661,336,325,0,1,2,p_1.30.24_LL3f_mi,8
319,166,132,220,678,352,326,0,1,2,p_1.30.24_LL3f_mi,8
320,174,130,225,664,342,322,0,1,2,p_1.30.24_LL3f_mi,8
321,173,140,222,667,342,325,0,1,2,p_1.30.24_LL3f_mi,8
322,178,140,218,689,336,353,0,1,2,p_1.30.24_LL3f_mi,8
323,167,135,221,671,343,328,0,1,2,p_1.30.24_LL3f_mi,8
324,174,129,228,650,332,318,0,1,2,p_1.30.24_LL3f_mi,8
325,175,138,232,631,322,309,0,1,2,p_1.30.24_LL3f_mi,8
326,162,125,210,698,345,353,0,1,2,p_1.30.24_LL3f_mi,8
327,177,142,222,669,306,363,0,1,2,p_1.30.24_LL3f_mi,8
328,181,133,234,627,308,319,0,1,2,p_1.30.24_LL3f_mi,8
329,173,136,229,641,306,335,0,1,2,p_1.30.24_LL3f_mi,8
330,185,134,233,641,312,329,0,1,2,p_1.30.24_LL3f_mi,8
331,170,143,225,659,317,342,0,1,2,p_1.30.24_LL3f_mi,8
332,177,140,219,678,321,357,0,1,2,p_1.30.24_LL3f_mi,8
333,163,137,216,687,327,360,0,1,2,p_1.30.24_LL3f_mi,8
334,179,132,230,639,309,330,0,1,2,p_1.30.24_LL3f_mi,8
335,185,141,229,651,323,328,0,1,2,p_1.30.24_LL3f_mi,8
336,172,139,221,676,331,345,0,1,2,p_1.30.24_LL3f_mi,8
337,178,138,227,656,336,320,0,1,2,p_1.30.24_LL3f_mi,8
338,172,133,219,677,334,343,0,1,2,p_1.30.24_LL3f_mi,8
339,176,139,232,642,317,325,0,1,2,p_1.30.24_LL3f_mi,8
340,171,130,221,673,328,345,0,1,2,p_1.30.24_LL3f_mi,8
341,176,141,222,675,325,350,0,1,2,p_1.30.24_LL3f_mi,8
342,173,138,223,672,319,353,0,1,2,p_1.30.24_LL3f_mi,8
343,177,133,218,687,314,373,0,1,2,p_1.30.24_LL3f_mi,8
344,186,144,229,652,297,355,0,1,2,p_1.30.24_LL3f_mi,8
345,182,142,228,653,311,342,0,1,2,p_1.30.24_LL3f_mi,8
346,171,136,220,679,317,362,0,1,2,p_1.30.24_LL3f_mi,8
347,177,143,230,649,327,322,0,1,2,p_1.30.24_LL3f_mi,8
348,169,134,225,661,329,332,0,1,2,p_1.30.24_LL3f_mi,8
349,173,133,218,678,333,345,0,1,2,p_1.30.24_LL3f_mi,8
350,164,134,217,681,329,352,0,1,2,p_1.30.24_LL3f_mi,8
1,5,5,6,625,324,301,0,1,3,p_1.30.24_LL3f_mi,8
2,95,85,119,862,428,434,0,1,3,p_1.30.24_LL3f_mi,8
3,138,110,175,772,384,388,0,1,3,p_1.30.24_LL3f_mi,8
4,154,136,198,731,363,368,0,1,3,p_1.30.24_LL3f_mi,8
5,173,130,225,662,311,351,0,1,3,p_1.30.24_LL3f_mi,8
6,180,130,230,644,317,327,0,1,3,p_1.30.24_LL3f_mi,8
7,177,136,226,657,351,306,0,1,3,p_1.30.24_LL3f_mi,8
8,178,140,223,668,336,332,0,1,3,p_1.30.24_LL3f_mi,8
9,177,144,221,666,343,323,0,1,3,p_1.30.24_LL3f_mi,8
10,167,132,220,683,344,339,0,1,3,p_1.30.24_LL3f_mi,8
11,177,136,232,647,320,327,0,1,3,p_1.30.24_LL3f_mi,8
12,170,130,218,687,347,340,0,1,3,p_1.30.24_LL3f_mi,8
13,167,136,212,702,353,349,0,1,3,p_1.30.24_LL3f_mi,8
14,174,131,226,661,328,333,0,1,3,p_1.30.24_LL3f_mi,8
15,175,133,225,666,341,325,0,1,3,p_1.30.24_LL3f_mi,8
16,177,133,222,667,343,324,0,1,3,p_1.30.24_LL3f_mi,8
17,171,141,223,663,340,323,0,1,3,p_1.30.24_LL3f_mi,8
18,181,145,222,667,329,338,0,1,3,p_1.30.24_LL3f_mi,8
19,180,138,228,650,320,330,0,1,3,p_1.30.24_LL3f_mi,8
20,180,141,224,666,334,332,0,1,3,p_1.30.24_LL3f_mi,8
21,170,134,219,675,339,336,0,1,3,p_1.30.24_LL3f_mi,8
22,163,126,217,687,346,341,0,1,3,p_1.30.24_LL3f_mi,8
23,169,132,218,678,334,344,0,1,3,p_1.30.24_LL3f_mi,8
24,167,128,221,669,317,352,0,1,3,p_1.30.24_LL3f_mi,8
25,174,149,225,656,310,346,0,1,3,p_1.30.24_LL3f_mi,8
26,168,125,216,693,334,359,0,1,3,p_1.30.24_LL3f_mi,8
27,178,140,228,657,332,325,0,1,3,p_1.30.24_LL3f_mi,8
28,179,144,222,672,328,344,0,1,3,p_1.30.24_LL3f_mi,8
29,170,135,220,674,329,345,0,1,3,p_1.30.24_LL3f_mi,8
30,171,142,217,684,335,349,0,1,3,p_1.30.24_LL3f_mi,8
31,176,129,226,654,325,329,0,1,3,p_1.30.24_LL3f_mi,8
32,172,142,219,678,334,344,0,1,3,p_1.30.24_LL3f_mi,8
33,172,139,220,676,313,363,0,1,3,p_1.30.24_LL3f_mi,8
34,169,134,219,678,314,364,0,1,3,p_1.30.24_LL3f_mi,8
35,171,135,223,669,302,367,0,1,3,p_1.30.24_LL3f_mi,8
36,170,137,221,671,311,360,0,1,3,p_1.30.24_LL3f_mi,8
37,164,134,228,655,317,338,0,1,3,p_1.30.24_LL3f_mi,8
38,174,137,221,673,330,343,0,1,3,p_1.30.24_LL3f_mi,8
39,168,133,221,670,337,333,0,1,3,p_1.30.24_LL3f_mi,8
40,179,135,227,655,339,316,0,1,3,p_1.30.24_LL3f_mi,8
41,168,140,222,669,346,323,0,1,3,p_1.30.24_LL3f_mi,8
42,180,131,227,653,334,319,0,1,3,p_1.30.24_LL3f_mi,8
43,180,142,225,660,332,328,0,1,3,p_1.30.24_LL3f_mi,8
44,172,141,223,664,324,340,0,1,3,p_1.30.24_LL3f_mi,8
45,176,144,227,656,321,335,0,1,3,p_1.30.24_LL3f_mi,8
46,174,140,231,641,309,332,0,1,3,p_1.30.24_LL3f_mi,8
47,179,134,230,650,308,342,0,1,3,p_1.30.24_LL3f_mi,8
48,172,137,224,670,316,354,0,1,3,p_1.30.24_LL3f_mi,8
49,174,143,221,672,315,357,0,1,3,p_1.30.24_LL3f_mi,8
50,181,139,232,644,316,328,0,1,3,p_1.30.24_LL3f_mi,8
51,161,131,212,698,348,350,0,1,3,p_1.30.24_LL3f_mi,8
52,171,134,218,681,346,335,0,1,3,p_1.30.24_LL3f_mi,8
53,173,131,226,655,325,330,0,1,3,p_1.30.24_LL3f_mi,8
54,180,138,222,670,340,330,0,1,3,p_1.30.24_LL3f_mi,8
55,174,131,222,672,346,326,0,1,3,p_1.30.24_LL3f_mi,8
56,172,130,217,681,361,320,0,1,3,p_1.30.24_LL3f_mi,8
57,171,123,220,673,346,327,0,1,3,p_1.30.24_LL3f_mi,8
58,172,133,223,664,360,304,0,1,3,p_1.30.24_LL3f_mi,8
59,184,130,231,639,367,272,0,1,3,p_1.30.24_LL3f_mi,8
60,172,128,229,651,350,301,0,1,3,p_1.30.24_LL3f_mi,8
61,161,130,210,703,367,336,0,1,3,p_1.30.24_LL3f_mi,8
62,178,136,229,641,319,322,0,1,3,p_1.30.24_LL3f_mi,8
63,174,127,222,672,336,336,0,1,3,p_1.30.24_LL3f_mi,8
64,172,140,219,671,322,349,0,1,3,p_1.30.24_LL3f_mi,8
65,173,135,223,662,320,342,0,1,3,p_1.30.24_LL3f_mi,8
66,181,141,233,639,306,333,0,1,3,p_1.30.24_LL3f_mi,8
67,170,139,226,652,311,341,0,1,3,p_1.30.24_LL3f_mi,8
68,174,141,226,658,330,328,0,1,3,p_1.30.24_LL3f_mi,8
69,178,137,224,666,327,339,0,1,3,p_1.30.24_LL3f_mi,8
70,179,141,221,675,335,340,0,1,3,p_1.30.24_LL3f_mi,8
71,175,138,217,685,345,340,0,1,3,p_1.30.24_LL3f_mi,8
72,175,135,225,659,333,326,0,1,3,p_1.30.24_LL3f_mi,8
73,172,133,225,663,318,345,0,1,3,p_1.30.24_LL3f_mi,8
74,175,135,226,654,335,319,0,1,3,p_1.30.24_LL3f_mi,8
75,179,143,226,656,333,323,0,1,3,p_1.30.24_LL3f_mi,8
76,164,131,210,704,353,351,0,1,3,p_1.30.24_LL3f_mi,8
77,181,145,226,660,323,337,0,1,3,p_1.30.24_LL3f_mi,8
78,166,129,220,674,324,350,0,1,3,p_1.30.24_LL3f_mi,8
79,180,138,232,638,302,336,0,1,3,p_1.30.24_LL3f_mi,8
80,182,139,229,654,324,330,0,1,3,p_1.30.24_LL3f_mi,8
81,166,137,212,696,358,338,0,1,3,p_1.30.24_LL3f_mi,8
82,173,140,220,681,350,331,0,1,3,p_1.30.24_LL3f_mi,8
83,182,142,232,645,328,317,0,1,3,p_1.30.24_LL3f_mi,8
84,176,129,226,653,332,321,0,1,3,p_1.30.24_LL3f_mi,8
85,177,131,218,680,339,341,0,1,3,p_1.30.24_LL3f_mi,8
86,180,143,229,654,332,322,0,1,3,p_1.30.24_LL3f_mi,8
87,175,130,226,657,323,334,0,1,3,p_1.30.24_LL3f_mi,8
88,176,135,225,662,329,333,0,1,3,p_1.30.24_LL3f_mi,8
89,171,130,224,667,349,318,0,1,3,p_1.30.24_LL3f_mi,8
90,175,133,223,668,345,323,0,1,3,p_1.30.24_LL3f_mi,8
91,176,130,227,657,337,320,0,1,3,p_1.30.24_LL3f_mi,8
92,179,134,225,668,327,341,0,1,3,p_1.30.24_LL3f_mi,8
93,171,133,226,660,320,340,0,1,3,p_1.30.24_LL3f_mi,8
94,173,135,223,672,336,336,0,1,3,p_1.30.24_LL3f_mi,8
95,178,144,228,652,313,339,0,1,3,p_1.30.24_LL3f_mi,8
96,176,141,226,661,325,336,0,1,3,p_1.30.24_LL3f_mi,8
97,173,132,222,667,331,336,0,1,3,p_1.30.24_LL3f_mi,8
98,169,134,219,680,347,333,0,1,3,p_1.30.24_LL3f_mi,8
99,178,133,228,648,327,321,0,1,3,p_1.30.24_LL3f_mi,8
100,153,124,195,656,344,312,0,1,3,p_1.30.24_LL3f_mi,8
101,117,102,149,671,364,307,0,1,3,p_1.30.24_LL3f_mi,8
102,116,87,151,585,317,268,0,1,3,p_1.30.24_LL3f_mi,8
103,100,83,129,553,305,248,0,1,3,p_1.30.24_LL3f_mi,8
104,107,83,133,467,251,216,0,1,3,p_1.30.24_LL3f_mi,8
105,91,70,118,420,215,205,0,1,3,p_1.30.24_LL3f_mi,8
106,73,57,92,394,200,194,0,1,3,p_1.30.24_LL3f_mi,8
107,57,51,75,348,169,179,0,1,3,p_1.30.24_LL3f_mi,8
108,41,34,55,306,153,153,0,1,3,p_1.30.24_LL3f_mi,8
109,28,25,38,257,133,124,0,1,3,p_1.30.24_LL3f_mi,8
110,26,24,33,199,95,104,0,1,3,p_1.30.24_LL3f_mi,8
111,28,22,35,173,87,86,0,1,3,p_1.30.24_LL3f_mi,8
112,30,23,38,136,72,64,0,1,3,p_1.30.24_LL3f_mi,8
113,30,26,35,126,73,53,0,1,3,p_1.30.24_LL3f_mi,8
114,26,21,34,106,58,48,0,1,3,p_1.30.24_LL3f_mi,8
115,30,23,35,108,56,52,0,1,3,p_1.30.24_LL3f_mi,8
116,26,23,34,100,54,46,0,1,3,p_1.30.24_LL3f_mi,8
117,26,21,33,98,49,49,0,1,3,p_1.30.24_LL3f_mi,8
118,27,23,33,97,47,50,0,1,3,p_1.30.24_LL3f_mi,8
119,29,23,35,101,46,55,0,1,3,p_1.30.24_LL3f_mi,8
120,27,23,33,98,44,54,0,1,3,p_1.30.24_LL3f_mi,8
121,22,17,32,98,46,52,0,1,3,p_1.30.24_LL3f_mi,8
122,22,19,30,89,45,44,0,1,3,p_1.30.24_LL3f_mi,8
123,23,18,31,91,46,45,0,1,3,p_1.30.24_LL3f_mi,8
124,27,21,34,90,39,51,0,1,3,p_1.30.24_LL3f_mi,8
125,27,22,36,110,59,51,21,1,3,p_1.30.24_LL3f_mi,8
126,29,22,36,108,60,48,12,1,3,p_1.30.24_LL3f_mi,8
127,28,22,36,115,66,49,8,1,3,p_1.30.24_LL3f_mi,8
128,28,21,35,113,69,44,2,1,3,p_1.30.24_LL3f_mi,8
129,29,21,35,102,57,45,1,1,3,p_1.30.24_LL3f_mi,8
130,26,18,34,100,61,39,0,1,3,p_1.30.24_LL3f_mi,8
131,26,18,34,109,64,45,0,1,3,p_1.30.24_LL3f_mi,8
132,28,24,35,107,56,51,0,1,3,p_1.30.24_LL3f_mi,8
133,26,19,34,116,65,51,0,1,3,p_1.30.24_LL3f_mi,8
134,25,19,35,108,57,51,0,1,3,p_1.30.24_LL3f_mi,8
135,27,22,33,108,57,51,0,1,3,p_1.30.24_LL3f_mi,8
136,26,23,35,107,51,56,0,1,3,p_1.30.24_LL3f_mi,8
137,27,22,33,105,50,55,0,1,3,p_1.30.24_LL3f_mi,8
138,29,24,32,103,50,53,0,1,3,p_1.30.24_LL3f_mi,8
139,26,20,33,104,53,51,0,1,3,p_1.30.24_LL3f_mi,8
140,31,27,38,129,64,65,17,1,3,p_1.30.24_LL3f_mi,8
141,27,20,36,127,63,64,8,1,3,p_1.30.24_LL3f_mi,8
142,28,21,36,124,59,65,5,1,3,p_1.30.24_LL3f_mi,8
143,28,23,35,123,57,66,5,1,3,p_1.30.24_LL3f_mi,8
144,31,26,38,127,58,69,2,1,3,p_1.30.24_LL3f_mi,8
145,25,20,36,120,64,56,0,1,3,p_1.30.24_LL3f_mi,8
146,31,25,38,122,59,63,0,1,3,p_1.30.24_LL3f_mi,8
147,27,24,35,115,57,58,0,1,3,p_1.30.24_LL3f_mi,8
148,23,16,32,105,59,46,0,1,3,p_1.30.24_LL3f_mi,8
149,27,22,34,104,58,46,0,1,3,p_1.30.24_LL3f_mi,8
150,25,21,33,103,53,50,0,1,3,p_1.30.24_LL3f_mi,8
151,54,33,78,113,56,57,0,1,3,p_1.30.24_LL3f_mi,8
152,76,50,102,159,84,75,0,1,3,p_1.30.24_LL3f_mi,8
153,94,58,122,215,110,105,0,1,3,p_1.30.24_LL3f_mi,8
154,103,71,145,269,128,141,0,1,3,p_1.30.24_LL3f_mi,8
155,125,90,162,357,164,193,17,1,3,p_1.30.24_LL3f_mi,8
156,142,102,179,394,195,199,11,1,3,p_1.30.24_LL3f_mi,8
157,148,110,191,456,223,233,4,1,3,p_1.30.24_LL3f_mi,8
158,172,121,215,487,240,247,3,1,3,p_1.30.24_LL3f_mi,8
159,170,130,224,548,296,252,0,1,3,p_1.30.24_LL3f_mi,8
160,191,143,245,579,309,270,1,1,3,p_1.30.24_LL3f_mi,8
161,185,140,237,630,322,308,0,1,3,p_1.30.24_LL3f_mi,8
162,168,130,221,667,354,313,0,1,3,p_1.30.24_LL3f_mi,8
163,160,124,208,704,373,331,0,1,3,p_1.30.24_LL3f_mi,8
164,164,126,213,694,358,336,0,1,3,p_1.30.24_LL3f_mi,8
165,173,136,225,663,331,332,0,1,3,p_1.30.24_LL3f_mi,8
166,173,131,225,657,319,338,0,1,3,p_1.30.24_LL3f_mi,8
167,174,145,227,657,321,336,0,1,3,p_1.30.24_LL3f_mi,8
168,176,134,221,675,342,333,0,1,3,p_1.30.24_LL3f_mi,8
169,182,139,229,650,325,325,0,1,3,p_1.30.24_LL3f_mi,8
170,164,133,215,691,329,362,16,1,3,p_1.30.24_LL3f_mi,8
171,171,141,225,663,317,346,12,1,3,p_1.30.24_LL3f_mi,8
172,179,137,227,655,316,339,5,1,3,p_1.30.24_LL3f_mi,8
173,176,139,224,666,321,345,3,1,3,p_1.30.24_LL3f_mi,8
174,170,140,220,682,312,370,1,1,3,p_1.30.24_LL3f_mi,8
175,179,140,224,667,318,349,0,1,3,p_1.30.24_LL3f_mi,8
176,169,134,214,694,339,355,0,1,3,p_1.30.24_LL3f_mi,8
177,176,133,226,659,332,327,0,1,3,p_1.30.24_LL3f_mi,8
178,179,143,233,626,315,311,0,1,3,p_1.30.24_LL3f_mi,8
179,176,134,218,678,324,354,0,1,3,p_1.30.24_LL3f_mi,8
180,180,141,228,658,317,341,0,1,3,p_1.30.24_LL3f_mi,8
181,177,135,224,663,318,345,0,1,3,p_1.30.24_LL3f_mi,8
182,167,127,220,677,333,344,0,1,3,p_1.30.24_LL3f_mi,8
183,167,135,227,658,336,322,0,1,3,p_1.30.24_LL3f_mi,8
184,174,134,230,640,322,318,0,1,3,p_1.30.24_LL3f_mi,8
185,178,136,230,643,334,309,0,1,3,p_1.30.24_LL3f_mi,8
186,168,127,223,662,346,316,0,1,3,p_1.30.24_LL3f_mi,8
187,176,138,220,672,327,345,0,1,3,p_1.30.24_LL3f_mi,8
188,177,133,225,665,326,339,0,1,3,p_1.30.24_LL3f_mi,8
189,171,137,219,675,324,351,0,1,3,p_1.30.24_LL3f_mi,8
190,178,135,222,664,355,309,0,1,3,p_1.30.24_LL3f_mi,8
191,181,138,230,647,336,311,0,1,3,p_1.30.24_LL3f_mi,8
192,164,130,214,690,354,336,0,1,3,p_1.30.24_LL3f_mi,8
193,173,139,228,654,323,331,0,1,3,p_1.30.24_LL3f_mi,8
194,182,144,228,652,308,344,0,1,3,p_1.30.24_LL3f_mi,8
195,169,135,217,682,315,367,0,1,3,p_1.30.24_LL3f_mi,8
196,177,139,227,654,305,349,0,1,3,p_1.30.24_LL3f_mi,8
197,184,140,228,652,305,347,0,1,3,p_1.30.24_LL3f_mi,8
198,176,136,226,653,325,328,0,1,3,p_1.30.24_LL3f_mi,8
199,179,139,226,653,323,330,0,1,3,p_1.30.24_LL3f_mi,8
200,170,131,221,682,340,342,0,1,3,p_1.30.24_LL3f_mi,8
201,157,125,209,704,352,352,0,1,3,p_1.30.24_LL3f_mi,8
202,171,142,221,671,337,334,0,1,3,p_1.30.24_LL3f_mi,8
203,162,130,216,682,324,358,0,1,3,p_1.30.24_LL3f_mi,8
204,164,137,221,670,315,355,0,1,3,p_1.30.24_LL3f_mi,8
205,165,139,225,661,314,347,0,1,3,p_1.30.24_LL3f_mi,8
206,178,142,224,665,315,350,0,1,3,p_1.30.24_LL3f_mi,8
207,162,132,223,665,320,345,0,1,3,p_1.30.24_LL3f_mi,8
208,177,136,230,641,299,342,0,1,3,p_1.30.24_LL3f_mi,8
209,177,142,227,653,299,354,0,1,3,p_1.30.24_LL3f_mi,8
210,167,131,220,672,313,359,0,1,3,p_1.30.24_LL3f_mi,8
211,160,133,223,669,318,351,0,1,3,p_1.30.24_LL3f_mi,8
212,176,129,221,676,316,360,0,1,3,p_1.30.24_LL3f_mi,8
213,175,132,221,674,336,338,0,1,3,p_1.30.24_LL3f_mi,8
214,174,141,219,680,323,357,0,1,3,p_1.30.24_LL3f_mi,8
215,175,144,225,659,316,343,0,1,3,p_1.30.24_LL3f_mi,8
216,170,139,218,687,323,364,0,1,3,p_1.30.24_LL3f_mi,8
217,173,139,225,660,298,362,0,1,3,p_1.30.24_LL3f_mi,8
218,182,134,229,646,308,338,0,1,3,p_1.30.24_LL3f_mi,8
219,171,133,221,676,325,351,0,1,3,p_1.30.24_LL3f_mi,8
220,179,141,228,647,314,333,0,1,3,p_1.30.24_LL3f_mi,8
221,178,137,227,650,314,336,0,1,3,p_1.30.24_LL3f_mi,8
222,175,132,226,660,325,335,0,1,3,p_1.30.24_LL3f_mi,8
223,184,141,227,649,316,333,0,1,3,p_1.30.24_LL3f_mi,8
224,168,129,220,684,350,334,0,1,3,p_1.30.24_LL3f_mi,8
225,171,142,220,675,338,337,0,1,3,p_1.30.24_LL3f_mi,8
226,167,137,205,721,356,365,0,1,3,p_1.30.24_LL3f_mi,8
227,174,134,220,674,338,336,0,1,3,p_1.30.24_LL3f_mi,8
228,172,133,222,667,331,336,0,1,3,p_1.30.24_LL3f_mi,8
229,179,135,228,645,315,330,0,1,3,p_1.30.24_LL3f_mi,8
230,180,145,228,652,327,325,0,1,3,p_1.30.24_LL3f_mi,8
231,176,142,225,661,342,319,0,1,3,p_1.30.24_LL3f_mi,8
232,180,142,233,642,324,318,0,1,3,p_1.30.24_LL3f_mi,8
233,176,136,220,679,357,322,0,1,3,p_1.30.24_LL3f_mi,8
234,179,139,224,666,355,311,0,1,3,p_1.30.24_LL3f_mi,8
235,171,136,219,677,348,329,0,1,3,p_1.30.24_LL3f_mi,8
236,170,132,226,660,325,335,0,1,3,p_1.30.24_LL3f_mi,8
237,169,145,221,669,327,342,0,1,3,p_1.30.24_LL3f_mi,8
238,179,136,226,657,312,345,0,1,3,p_1.30.24_LL3f_mi,8
239,164,130,214,693,355,338,0,1,3,p_1.30.24_LL3f_mi,8
240,167,135,215,690,358,332,0,1,3,p_1.30.24_LL3f_mi,8
241,167,134,219,673,357,316,0,1,3,p_1.30.24_LL3f_mi,8
242,181,139,233,637,321,316,0,1,3,p_1.30.24_LL3f_mi,8
243,178,128,227,652,337,315,0,1,3,p_1.30.24_LL3f_mi,8
244,175,135,229,642,319,323,0,1,3,p_1.30.24_LL3f_mi,8
245,171,128,214,690,351,339,0,1,3,p_1.30.24_LL3f_mi,8
246,169,138,218,682,343,339,0,1,3,p_1.30.24_LL3f_mi,8
247,171,129,224,664,334,330,0,1,3,p_1.30.24_LL3f_mi,8
248,173,139,228,653,318,335,0,1,3,p_1.30.24_LL3f_mi,8
249,172,134,227,657,321,336,0,1,3,p_1.30.24_LL3f_mi,8
250,166,127,218,682,327,355,0,1,3,p_1.30.24_LL3f_mi,8
251,160,127,209,707,339,368,0,1,3,p_1.30.24_LL3f_mi,8
252,174,142,228,649,322,327,0,1,3,p_1.30.24_LL3f_mi,8
253,171,137,224,660,322,338,0,1,3,p_1.30.24_LL3f_mi,8
254,179,147,223,664,340,324,0,1,3,p_1.30.24_LL3f_mi,8
255,176,136,226,660,346,314,0,1,3,p_1.30.24_LL3f_mi,8
256,176,132,223,665,334,331,0,1,3,p_1.30.24_LL3f_mi,8
257,176,140,223,665,347,318,0,1,3,p_1.30.24_LL3f_mi,8
258,175,138,228,653,343,310,0,1,3,p_1.30.24_LL3f_mi,8
259,178,136,222,671,339,332,0,1,3,p_1.30.24_LL3f_mi,8
260,171,139,222,670,344,326,0,1,3,p_1.30.24_LL3f_mi,8
261,177,140,225,663,345,318,0,1,3,p_1.30.24_LL3f_mi,8
262,172,131,219,683,365,318,0,1,3,p_1.30.24_LL3f_mi,8
263,170,122,227,655,346,309,0,1,3,p_1.30.24_LL3f_mi,8
264,169,130,222,667,351,316,0,1,3,p_1.30.24_LL3f_mi,8
265,174,129,226,654,334,320,0,1,3,p_1.30.24_LL3f_mi,8
266,176,141,220,675,339,336,0,1,3,p_1.30.24_LL3f_mi,8
267,173,140,225,664,338,326,0,1,3,p_1.30.24_LL3f_mi,8
268,178,130,221,679,353,326,0,1,3,p_1.30.24_LL3f_mi,8
269,173,135,220,672,349,323,0,1,3,p_1.30.24_LL3f_mi,8
270,173,137,229,648,340,308,0,1,3,p_1.30.24_LL3f_mi,8
271,174,137,222,671,353,318,0,1,3,p_1.30.24_LL3f_mi,8
272,167,130,223,669,350,319,0,1,3,p_1.30.24_LL3f_mi,8
273,179,130,228,651,340,311,0,1,3,p_1.30.24_LL3f_mi,8
274,177,132,226,654,339,315,0,1,3,p_1.30.24_LL3f_mi,8
275,183,144,232,650,321,329,0,1,3,p_1.30.24_LL3f_mi,8
276,170,139,216,692,345,347,0,1,3,p_1.30.24_LL3f_mi,8
277,170,142,219,677,327,350,0,1,3,p_1.30.24_LL3f_mi,8
278,173,144,229,654,317,337,0,1,3,p_1.30.24_LL3f_mi,8
279,171,138,223,667,340,327,0,1,3,p_1.30.24_LL3f_mi,8
280,180,134,229,652,336,316,0,1,3,p_1.30.24_LL3f_mi,8
281,169,131,222,673,364,309,0,1,3,p_1.30.24_LL3f_mi,8
282,169,131,215,688,351,337,0,1,3,p_1.30.24_LL3f_mi,8
283,170,134,220,671,352,319,0,1,3,p_1.30.24_LL3f_mi,8
284,177,134,229,651,339,312,0,1,3,p_1.30.24_LL3f_mi,8
285,171,137,218,675,350,325,0,1,3,p_1.30.24_LL3f_mi,8
286,179,138,222,670,342,328,0,1,3,p_1.30.24_LL3f_mi,8
287,178,131,231,644,339,305,0,1,3,p_1.30.24_LL3f_mi,8
288,186,135,228,646,329,317,0,1,3,p_1.30.24_LL3f_mi,8
289,178,138,223,660,319,341,0,1,3,p_1.30.24_LL3f_mi,8
290,165,135,215,695,327,368,0,1,3,p_1.30.24_LL3f_mi,8
291,171,146,219,676,329,347,0,1,3,p_1.30.24_LL3f_mi,8
292,180,133,230,642,318,324,0,1,3,p_1.30.24_LL3f_mi,8
293,175,136,226,653,327,326,0,1,3,p_1.30.24_LL3f_mi,8
294,170,134,224,660,336,324,0,1,3,p_1.30.24_LL3f_mi,8
295,168,137,221,674,332,342,0,1,3,p_1.30.24_LL3f_mi,8
296,178,139,226,659,311,348,0,1,3,p_1.30.24_LL3f_mi,8
297,181,137,233,644,325,319,0,1,3,p_1.30.24_LL3f_mi,8
298,180,138,222,669,329,340,0,1,3,p_1.30.24_LL3f_mi,8
299,174,138,220,679,348,331,0,1,3,p_1.30.24_LL3f_mi,8
300,165,137,217,685,352,333,0,1,3,p_1.30.24_LL3f_mi,8
301,159,129,204,716,358,358,0,1,3,p_1.30.24_LL3f_mi,8
302,177,136,228,649,320,329,0,1,3,p_1.30.24_LL3f_mi,8
303,179,140,227,655,328,327,0,1,3,p_1.30.24_LL3f_mi,8
304,179,144,227,656,308,348,0,1,3,p_1.30.24_LL3f_mi,8
305,175,135,228,645,318,327,0,1,3,p_1.30.24_LL3f_mi,8
306,177,134,224,668,339,329,0,1,3,p_1.30.24_LL3f_mi,8
307,179,146,224,663,326,337,0,1,3,p_1.30.24_LL3f_mi,8
308,183,141,228,647,300,347,0,1,3,p_1.30.24_LL3f_mi,8
309,166,129,219,678,316,362,0,1,3,p_1.30.24_LL3f_mi,8
310,166,137,222,669,319,350,0,1,3,p_1.30.24_LL3f_mi,8
311,171,138,223,668,318,350,0,1,3,p_1.30.24_LL3f_mi,8
312,175,135,220,674,333,341,0,1,3,p_1.30.24_LL3f_mi,8
313,174,127,224,669,339,330,0,1,3,p_1.30.24_LL3f_mi,8
314,175,135,217,688,352,336,0,1,3,p_1.30.24_LL3f_mi,8
315,176,145,222,667,344,323,0,1,3,p_1.30.24_LL3f_mi,8
316,179,133,232,632,325,307,0,1,3,p_1.30.24_LL3f_mi,8
317,171,124,226,655,337,318,0,1,3,p_1.30.24_LL3f_mi,8
318,182,140,227,668,346,322,0,1,3,p_1.30.24_LL3f_mi,8
319,184,145,234,642,334,308,0,1,3,p_1.30.24_LL3f_mi,8
320,179,145,228,652,337,315,0,1,3,p_1.30.24_LL3f_mi,8
321,183,145,224,664,332,332,0,1,3,p_1.30.24_LL3f_mi,8
322,179,141,224,668,337,331,0,1,3,p_1.30.24_LL3f_mi,8
323,165,133,222,667,333,334,0,1,3,p_1.30.24_LL3f_mi,8
324,176,146,223,663,327,336,0,1,3,p_1.30.24_LL3f_mi,8
325,176,131,225,663,334,329,0,1,3,p_1.30.24_LL3f_mi,8
326,164,126,208,712,376,336,0,1,3,p_1.30.24_LL3f_mi,8
327,173,140,227,655,338,317,0,1,3,p_1.30.24_LL3f_mi,8
328,176,135,228,648,320,328,0,1,3,p_1.30.24_LL3f_mi,8
329,175,130,225,665,326,339,0,1,3,p_1.30.24_LL3f_mi,8
330,175,135,221,673,320,353,0,1,3,p_1.30.24_LL3f_mi,8
331,166,132,212,698,333,365,0,1,3,p_1.30.24_LL3f_mi,8
332,181,132,230,639,297,342,0,1,3,p_1.30.24_LL3f_mi,8
333,186,143,231,643,301,342,0,1,3,p_1.30.24_LL3f_mi,8
334,173,134,223,666,306,360,0,1,3,p_1.30.24_LL3f_mi,8
335,175,134,222,677,320,357,0,1,3,p_1.30.24_LL3f_mi,8
336,177,138,222,674,319,355,0,1,3,p_1.30.24_LL3f_mi,8
337,163,135,224,667,313,354,0,1,3,p_1.30.24_LL3f_mi,8
338,167,122,218,679,317,362,0,1,3,p_1.30.24_LL3f_mi,8
339,176,142,224,664,307,357,0,1,3,p_1.30.24_LL3f_mi,8
340,181,135,232,637,315,322,0,1,3,p_1.30.24_LL3f_mi,8
341,176,135,222,678,342,336,0,1,3,p_1.30.24_LL3f_mi,8
342,170,130,219,681,351,330,0,1,3,p_1.30.24_LL3f_mi,8
343,169,142,215,693,349,344,0,1,3,p_1.30.24_LL3f_mi,8
344,169,133,222,671,346,325,0,1,3,p_1.30.24_LL3f_mi,8
345,181,141,229,648,338,310,0,1,3,p_1.30.24_LL3f_mi,8
346,173,137,223,668,347,321,0,1,3,p_1.30.24_LL3f_mi,8
347,170,126,226,655,330,325,0,1,3,p_1.30.24_LL3f_mi,8
348,167,133,220,677,332,345,0,1,3,p_1.30.24_LL3f_mi,8
349,181,134,226,652,328,324,0,1,3,p_1.30.24_LL3f_mi,8
350,183,142,228,652,344,308,0,1,3,p_1.30.24_LL3f_mi,8
1,8,8,9,643,318,325,0,1,4,p_1.30.24_LL3f_mi,8
2,109,96,137,840,421,419,0,1,4,p_1.30.24_LL3f_mi,8
3,133,105,173,781,398,383,0,1,4,p_1.30.24_LL3f_mi,8
4,158,127,200,722,359,363,0,1,4,p_1.30.24_LL3f_mi,8
5,168,131,221,677,332,345,0,1,4,p_1.30.24_LL3f_mi,8
6,180,134,234,630,315,315,0,1,4,p_1.30.24_LL3f_mi,8
7,174,126,235,626,319,307,0,1,4,p_1.30.24_LL3f_mi,8
8,180,137,226,651,327,324,0,1,4,p_1.30.24_LL3f_mi,8
9,172,139,219,685,329,356,0,1,4,p_1.30.24_LL3f_mi,8
10,172,135,223,671,315,356,0,1,4,p_1.30.24_LL3f_mi,8
11,162,130,218,676,314,362,0,1,4,p_1.30.24_LL3f_mi,8
12,185,137,228,659,309,350,0,1,4,p_1.30.24_LL3f_mi,8
13,171,136,225,655,310,345,0,1,4,p_1.30.24_LL3f_mi,8
14,171,138,222,679,313,366,0,1,4,p_1.30.24_LL3f_mi,8
15,170,141,227,657,308,349,0,1,4,p_1.30.24_LL3f_mi,8
16,172,137,226,658,320,338,0,1,4,p_1.30.24_LL3f_mi,8
17,182,148,225,669,335,334,0,1,4,p_1.30.24_LL3f_mi,8
18,166,134,217,681,345,336,0,1,4,p_1.30.24_LL3f_mi,8
19,167,125,220,679,334,345,0,1,4,p_1.30.24_LL3f_mi,8
20,181,143,232,637,321,316,0,1,4,p_1.30.24_LL3f_mi,8
21,171,134,225,654,326,328,0,1,4,p_1.30.24_LL3f_mi,8
22,166,136,218,683,343,340,0,1,4,p_1.30.24_LL3f_mi,8
23,178,145,227,658,325,333,0,1,4,p_1.30.24_LL3f_mi,8
24,177,131,226,657,307,350,0,1,4,p_1.30.24_LL3f_mi,8
25,177,141,225,657,315,342,0,1,4,p_1.30.24_LL3f_mi,8
26,164,131,211,708,348,360,0,1,4,p_1.30.24_LL3f_mi,8
27,168,132,216,687,351,336,0,1,4,p_1.30.24_LL3f_mi,8
28,168,137,221,670,337,333,0,1,4,p_1.30.24_LL3f_mi,8
29,180,139,230,635,329,306,0,1,4,p_1.30.24_LL3f_mi,8
30,190,137,234,632,323,309,0,1,4,p_1.30.24_LL3f_mi,8
31,182,139,230,647,321,326,0,1,4,p_1.30.24_LL3f_mi,8
32,174,145,220,675,336,339,0,1,4,p_1.30.24_LL3f_mi,8
33,170,138,224,666,336,330,0,1,4,p_1.30.24_LL3f_mi,8
34,166,126,218,688,351,337,0,1,4,p_1.30.24_LL3f_mi,8
35,179,139,220,672,348,324,0,1,4,p_1.30.24_LL3f_mi,8
36,171,132,224,665,351,314,0,1,4,p_1.30.24_LL3f_mi,8
37,176,138,225,664,342,322,0,1,4,p_1.30.24_LL3f_mi,8
38,194,142,236,628,321,307,0,1,4,p_1.30.24_LL3f_mi,8
39,167,126,222,668,331,337,0,1,4,p_1.30.24_LL3f_mi,8
40,176,136,226,656,314,342,0,1,4,p_1.30.24_LL3f_mi,8
41,170,134,219,678,336,342,0,1,4,p_1.30.24_LL3f_mi,8
42,170,136,217,680,336,344,0,1,4,p_1.30.24_LL3f_mi,8
43,185,138,225,663,346,317,0,1,4,p_1.30.24_LL3f_mi,8
44,168,133,223,669,342,327,0,1,4,p_1.30.24_LL3f_mi,8
45,178,140,224,663,355,308,0,1,4,p_1.30.24_LL3f_mi,8
46,173,142,228,650,345,305,0,1,4,p_1.30.24_LL3f_mi,8
47,171,131,222,665,353,312,0,1,4,p_1.30.24_LL3f_mi,8
48,175,135,230,645,336,309,0,1,4,p_1.30.24_LL3f_mi,8
49,186,149,226,664,340,324,0,1,4,p_1.30.24_LL3f_mi,8
50,174,139,222,672,336,336,0,1,4,p_1.30.24_LL3f_mi,8
51,163,127,210,698,353,345,0,1,4,p_1.30.24_LL3f_mi,8
52,168,133,221,670,334,336,0,1,4,p_1.30.24_LL3f_mi,8
53,177,136,228,661,335,326,0,1,4,p_1.30.24_LL3f_mi,8
54,173,135,227,653,325,328,0,1,4,p_1.30.24_LL3f_mi,8
55,177,135,229,654,329,325,0,1,4,p_1.30.24_LL3f_mi,8
56,175,136,217,684,337,347,0,1,4,p_1.30.24_LL3f_mi,8
57,173,135,224,667,323,344,0,1,4,p_1.30.24_LL3f_mi,8
58,179,140,231,645,310,335,0,1,4,p_1.30.24_LL3f_mi,8
59,171,138,222,665,312,353,0,1,4,p_1.30.24_LL3f_mi,8
60,168,135,215,682,324,358,0,1,4,p_1.30.24_LL3f_mi,8
61,176,135,226,657,315,342,0,1,4,p_1.30.24_LL3f_mi,8
62,172,125,227,657,330,327,0,1,4,p_1.30.24_LL3f_mi,8
63,171,144,219,678,330,348,0,1,4,p_1.30.24_LL3f_mi,8
64,172,136,219,679,348,331,0,1,4,p_1.30.24_LL3f_mi,8
65,179,139,229,641,326,315,0,1,4,p_1.30.24_LL3f_mi,8
66,181,130,229,645,321,324,0,1,4,p_1.30.24_LL3f_mi,8
67,183,132,234,635,320,315,0,1,4,p_1.30.24_LL3f_mi,8
68,167,130,214,689,332,357,0,1,4,p_1.30.24_LL3f_mi,8
69,166,135,213,692,340,352,0,1,4,p_1.30.24_LL3f_mi,8
70,184,141,227,654,336,318,0,1,4,p_1.30.24_LL3f_mi,8
71,180,151,224,664,308,356,0,1,4,p_1.30.24_LL3f_mi,8
72,167,126,221,669,324,345,0,1,4,p_1.30.24_LL3f_mi,8
73,167,129,216,681,352,329,0,1,4,p_1.30.24_LL3f_mi,8
74,169,136,224,667,339,328,0,1,4,p_1.30.24_LL3f_mi,8
75,181,138,232,640,334,306,0,1,4,p_1.30.24_LL3f_mi,8
76,166,128,212,689,351,338,0,1,4,p_1.30.24_LL3f_mi,8
77,182,133,223,670,349,321,0,1,4,p_1.30.24_LL3f_mi,8
78,179,136,224,668,352,316,0,1,4,p_1.30.24_LL3f_mi,8
79,179,121,228,660,347,313,0,1,4,p_1.30.24_LL3f_mi,8
80,172,132,223,662,363,299,0,1,4,p_1.30.24_LL3f_mi,8
81,177,140,225,661,373,288,0,1,4,p_1.30.24_LL3f_mi,8
82,179,136,231,646,357,289,0,1,4,p_1.30.24_LL3f_mi,8
83,170,128,221,677,358,319,0,1,4,p_1.30.24_LL3f_mi,8
84,175,135,226,659,335,324,0,1,4,p_1.30.24_LL3f_mi,8
85,165,127,219,677,341,336,0,1,4,p_1.30.24_LL3f_mi,8
86,175,131,225,662,336,326,0,1,4,p_1.30.24_LL3f_mi,8
87,177,137,222,670,339,331,0,1,4,p_1.30.24_LL3f_mi,8
88,175,137,222,663,335,328,0,1,4,p_1.30.24_LL3f_mi,8
89,170,139,224,664,333,331,0,1,4,p_1.30.24_LL3f_mi,8
90,176,132,222,666,330,336,0,1,4,p_1.30.24_LL3f_mi,8
91,172,131,220,677,330,347,0,1,4,p_1.30.24_LL3f_mi,8
92,169,128,222,668,323,345,0,1,4,p_1.30.24_LL3f_mi,8
93,180,138,227,651,312,339,0,1,4,p_1.30.24_LL3f_mi,8
94,184,145,233,632,307,325,0,1,4,p_1.30.24_LL3f_mi,8
95,183,139,232,638,307,331,0,1,4,p_1.30.24_LL3f_mi,8
96,180,141,225,667,318,349,0,1,4,p_1.30.24_LL3f_mi,8
97,169,134,220,679,327,352,0,1,4,p_1.30.24_LL3f_mi,8
98,179,135,229,646,324,322,0,1,4,p_1.30.24_LL3f_mi,8
99,179,140,226,660,330,330,0,1,4,p_1.30.24_LL3f_mi,8
100,134,110,183,684,343,341,0,1,4,p_1.30.24_LL3f_mi,8
101,97,81,133,698,347,351,0,1,4,p_1.30.24_LL3f_mi,8
102,115,97,148,593,292,301,0,1,4,p_1.30.24_LL3f_mi,8
103,113,94,149,512,242,270,0,1,4,p_1.30.24_LL3f_mi,8
104,97,81,126,478,229,249,0,1,4,p_1.30.24_LL3f_mi,8
105,75,63,96,458,211,247,0,1,4,p_1.30.24_LL3f_mi,8
106,66,56,88,399,188,211,0,1,4,p_1.30.24_LL3f_mi,8
107,56,55,70,353,162,191,0,1,4,p_1.30.24_LL3f_mi,8
108,54,44,68,284,130,154,0,1,4,p_1.30.24_LL3f_mi,8
109,35,28,45,245,110,135,0,1,4,p_1.30.24_LL3f_mi,8
110,23,22,30,210,97,113,0,1,4,p_1.30.24_LL3f_mi,8
111,27,26,35,172,79,93,0,1,4,p_1.30.24_LL3f_mi,8
112,29,25,37,154,71,83,0,1,4,p_1.30.24_LL3f_mi,8
113,28,21,36,133,71,62,0,1,4,p_1.30.24_LL3f_mi,8
114,29,20,36,115,63,52,0,1,4,p_1.30.24_LL3f_mi,8
115,25,21,34,113,53,60,0,1,4,p_1.30.24_LL3f_mi,8
116,25,20,32,94,39,55,0,1,4,p_1.30.24_LL3f_mi,8
117,28,22,32,100,46,54,0,1,4,p_1.30.24_LL3f_mi,8
118,25,21,34,95,45,50,0,1,4,p_1.30.24_LL3f_mi,8
119,26,20,35,104,51,53,0,1,4,p_1.30.24_LL3f_mi,8
120,28,21,34,99,44,55,0,1,4,p_1.30.24_LL3f_mi,8
121,27,23,35,104,50,54,0,1,4,p_1.30.24_LL3f_mi,8
122,28,25,34,106,43,63,0,1,4,p_1.30.24_LL3f_mi,8
123,27,19,34,102,51,51,0,1,4,p_1.30.24_LL3f_mi,8
124,28,21,35,100,49,51,0,1,4,p_1.30.24_LL3f_mi,8
125,29,21,37,128,61,67,18,1,4,p_1.30.24_LL3f_mi,8
126,24,19,36,132,61,71,12,1,4,p_1.30.24_LL3f_mi,8
127,27,20,36,107,57,50,8,1,4,p_1.30.24_LL3f_mi,8
128,26,16,32,107,60,47,2,1,4,p_1.30.24_LL3f_mi,8
129,26,19,35,105,55,50,0,1,4,p_1.30.24_LL3f_mi,8
130,30,24,36,106,53,53,0,1,4,p_1.30.24_LL3f_mi,8
131,28,25,35,111,56,55,0,1,4,p_1.30.24_LL3f_mi,8
132,28,21,38,114,58,56,0,1,4,p_1.30.24_LL3f_mi,8
133,27,20,36,110,62,48,0,1,4,p_1.30.24_LL3f_mi,8
134,28,24,36,123,71,52,0,1,4,p_1.30.24_LL3f_mi,8
135,25,19,36,107,56,51,0,1,4,p_1.30.24_LL3f_mi,8
136,28,20,35,109,54,55,0,1,4,p_1.30.24_LL3f_mi,8
137,27,20,36,114,59,55,0,1,4,p_1.30.24_LL3f_mi,8
138,24,18,34,103,53,50,0,1,4,p_1.30.24_LL3f_mi,8
139,25,20,33,101,58,43,0,1,4,p_1.30.24_LL3f_mi,8
140,24,18,34,117,69,48,19,1,4,p_1.30.24_LL3f_mi,8
141,25,22,36,111,58,53,11,1,4,p_1.30.24_LL3f_mi,8
142,24,19,33,107,59,48,4,1,4,p_1.30.24_LL3f_mi,8
143,27,24,33,101,58,43,1,1,4,p_1.30.24_LL3f_mi,8
144,26,22,34,101,50,51,0,1,4,p_1.30.24_LL3f_mi,8
145,25,22,34,102,51,51,0,1,4,p_1.30.24_LL3f_mi,8
146,26,19,33,101,49,52,0,1,4,p_1.30.24_LL3f_mi,8
147,25,19,31,94,46,48,0,1,4,p_1.30.24_LL3f_mi,8
148,25,22,32,94,42,52,0,1,4,p_1.30.24_LL3f_mi,8
149,26,19,33,98,45,53,0,1,4,p_1.30.24_LL3f_mi,8
150,25,18,31,89,42,47,0,1,4,p_1.30.24_LL3f_mi,8
151,49,32,66,102,51,51,0,1,4,p_1.30.24_LL3f_mi,8
152,67,42,93,140,68,72,0,1,4,p_1.30.24_LL3f_mi,8
153,80,53,116,182,91,91,0,1,4,p_1.30.24_LL3f_mi,8
154,109,71,140,236,121,115,0,1,4,p_1.30.24_LL3f_mi,8
155,121,82,160,325,159,166,14,1,4,p_1.30.24_LL3f_mi,8
156,140,92,182,369,197,172,8,1,4,p_1.30.24_LL3f_mi,8
157,155,110,196,431,227,204,6,1,4,p_1.30.24_LL3f_mi,8
158,161,116,209,499,247,252,4,1,4,p_1.30.24_LL3f_mi,8
159,176,130,227,537,272,265,0,1,4,p_1.30.24_LL3f_mi,8
160,192,139,241,598,289,309,0,1,4,p_1.30.24_LL3f_mi,8
161,180,140,233,641,317,324,0,1,4,p_1.30.24_LL3f_mi,8
162,171,134,221,675,337,338,0,1,4,p_1.30.24_LL3f_mi,8
163,173,135,219,681,341,340,0,1,4,p_1.30.24_LL3f_mi,8
164,177,140,228,648,332,316,0,1,4,p_1.30.24_LL3f_mi,8
165,175,137,222,669,326,343,0,1,4,p_1.30.24_LL3f_mi,8
166,173,140,231,638,324,314,0,1,4,p_1.30.24_LL3f_mi,8
167,175,139,222,672,334,338,0,1,4,p_1.30.24_LL3f_mi,8
168,176,146,220,679,323,356,0,1,4,p_1.30.24_LL3f_mi,8
169,169,136,217,685,343,342,0,1,4,p_1.30.24_LL3f_mi,8
170,163,133,214,686,331,355,15,1,4,p_1.30.24_LL3f_mi,8
171,176,133,233,631,303,328,9,1,4,p_1.30.24_LL3f_mi,8
172,179,129,232,637,320,317,6,1,4,p_1.30.24_LL3f_mi,8
173,175,134,227,663,336,327,4,1,4,p_1.30.24_LL3f_mi,8
174,158,128,215,686,354,332,1,1,4,p_1.30.24_LL3f_mi,8
175,173,138,219,683,345,338,0,1,4,p_1.30.24_LL3f_mi,8
176,159,127,199,726,371,355,0,1,4,p_1.30.24_LL3f_mi,8
177,171,130,227,654,345,309,0,1,4,p_1.30.24_LL3f_mi,8
178,166,126,219,676,344,332,0,1,4,p_1.30.24_LL3f_mi,8
179,176,127,231,647,334,313,0,1,4,p_1.30.24_LL3f_mi,8
180,181,138,228,647,343,304,0,1,4,p_1.30.24_LL3f_mi,8
181,175,132,226,660,340,320,0,1,4,p_1.30.24_LL3f_mi,8
182,170,133,220,683,332,351,0,1,4,p_1.30.24_LL3f_mi,8
183,161,128,208,703,343,360,0,1,4,p_1.30.24_LL3f_mi,8
184,164,132,213,691,333,358,0,1,4,p_1.30.24_LL3f_mi,8
185,169,133,221,673,328,345,0,1,4,p_1.30.24_LL3f_mi,8
186,172,136,216,688,334,354,0,1,4,p_1.30.24_LL3f_mi,8
187,179,137,227,655,327,328,0,1,4,p_1.30.24_LL3f_mi,8
188,172,141,229,648,312,336,0,1,4,p_1.30.24_LL3f_mi,8
189,168,119,220,679,333,346,0,1,4,p_1.30.24_LL3f_mi,8
190,172,142,225,661,319,342,0,1,4,p_1.30.24_LL3f_mi,8
191,179,136,233,637,326,311,0,1,4,p_1.30.24_LL3f_mi,8
192,171,130,220,670,335,335,0,1,4,p_1.30.24_LL3f_mi,8
193,172,134,221,673,331,342,0,1,4,p_1.30.24_LL3f_mi,8
194,176,132,227,651,322,329,0,1,4,p_1.30.24_LL3f_mi,8
195,171,130,226,656,323,333,0,1,4,p_1.30.24_LL3f_mi,8
196,169,128,221,669,335,334,0,1,4,p_1.30.24_LL3f_mi,8
197,169,130,218,682,334,348,0,1,4,p_1.30.24_LL3f_mi,8
198,170,139,217,680,349,331,0,1,4,p_1.30.24_LL3f_mi,8
199,174,135,225,655,339,316,0,1,4,p_1.30.24_LL3f_mi,8
200,179,133,230,644,329,315,0,1,4,p_1.30.24_LL3f_mi,8
201,163,135,210,703,365,338,0,1,4,p_1.30.24_LL3f_mi,8
202,180,135,225,658,334,324,0,1,4,p_1.30.24_LL3f_mi,8
203,169,136,220,674,347,327,0,1,4,p_1.30.24_LL3f_mi,8
204,179,132,229,646,330,316,0,1,4,p_1.30.24_LL3f_mi,8
205,177,139,223,669,325,344,0,1,4,p_1.30.24_LL3f_mi,8
206,182,145,223,672,325,347,0,1,4,p_1.30.24_LL3f_mi,8
207,180,144,233,628,309,319,0,1,4,p_1.30.24_LL3f_mi,8
208,177,135,229,650,329,321,0,1,4,p_1.30.24_LL3f_mi,8
209,162,126,225,661,329,332,0,1,4,p_1.30.24_LL3f_mi,8
210,180,146,228,661,334,327,0,1,4,p_1.30.24_LL3f_mi,8
211,173,139,225,669,330,339,0,1,4,p_1.30.24_LL3f_mi,8
212,173,127,228,655,334,321,0,1,4,p_1.30.24_LL3f_mi,8
213,169,132,220,677,341,336,0,1,4,p_1.30.24_LL3f_mi,8
214,179,134,222,668,342,326,0,1,4,p_1.30.24_LL3f_mi,8
215,173,127,223,663,333,330,0,1,4,p_1.30.24_LL3f_mi,8
216,171,140,220,678,339,339,0,1,4,p_1.30.24_LL3f_mi,8
217,180,142,230,641,292,349,0,1,4,p_1.30.24_LL3f_mi,8
218,177,136,223,661,331,330,0,1,4,p_1.30.24_LL3f_mi,8
219,167,134,219,680,331,349,0,1,4,p_1.30.24_LL3f_mi,8
220,168,134,220,673,327,346,0,1,4,p_1.30.24_LL3f_mi,8
221,167,137,213,696,355,341,0,1,4,p_1.30.24_LL3f_mi,8
222,176,132,227,659,323,336,0,1,4,p_1.30.24_LL3f_mi,8
223,181,141,229,649,312,337,0,1,4,p_1.30.24_LL3f_mi,8
224,183,147,229,648,312,336,0,1,4,p_1.30.24_LL3f_mi,8
225,178,145,227,649,325,324,0,1,4,p_1.30.24_LL3f_mi,8
226,163,128,210,702,359,343,0,1,4,p_1.30.24_LL3f_mi,8
227,167,129,212,694,341,353,0,1,4,p_1.30.24_LL3f_mi,8
228,162,130,216,682,350,332,0,1,4,p_1.30.24_LL3f_mi,8
229,175,134,231,638,326,312,0,1,4,p_1.30.24_LL3f_mi,8
230,181,140,223,666,338,328,0,1,4,p_1.30.24_LL3f_mi,8
231,174,135,224,662,345,317,0,1,4,p_1.30.24_LL3f_mi,8
232,172,139,219,681,326,355,0,1,4,p_1.30.24_LL3f_mi,8
233,167,125,222,669,305,364,0,1,4,p_1.30.24_LL3f_mi,8
234,177,135,231,649,301,348,0,1,4,p_1.30.24_LL3f_mi,8
235,179,142,223,666,313,353,0,1,4,p_1.30.24_LL3f_mi,8
236,181,146,230,646,310,336,0,1,4,p_1.30.24_LL3f_mi,8
237,183,145,226,658,346,312,0,1,4,p_1.30.24_LL3f_mi,8
238,172,134,224,672,354,318,0,1,4,p_1.30.24_LL3f_mi,8
239,176,139,225,664,335,329,0,1,4,p_1.30.24_LL3f_mi,8
240,164,127,220,673,326,347,0,1,4,p_1.30.24_LL3f_mi,8
241,166,134,217,685,343,342,0,1,4,p_1.30.24_LL3f_mi,8
242,168,141,212,695,347,348,0,1,4,p_1.30.24_LL3f_mi,8
243,169,141,216,685,349,336,0,1,4,p_1.30.24_LL3f_mi,8
244,179,132,230,650,332,318,0,1,4,p_1.30.24_LL3f_mi,8
245,174,137,228,656,323,333,0,1,4,p_1.30.24_LL3f_mi,8
246,167,134,216,686,332,354,0,1,4,p_1.30.24_LL3f_mi,8
247,170,134,220,679,346,333,0,1,4,p_1.30.24_LL3f_mi,8
248,176,126,221,674,333,341,0,1,4,p_1.30.24_LL3f_mi,8
249,180,135,221,674,323,351,0,1,4,p_1.30.24_LL3f_mi,8
250,167,135,222,675,315,360,0,1,4,p_1.30.24_LL3f_mi,8
251,162,127,210,706,333,373,0,1,4,p_1.30.24_LL3f_mi,8
252,174,133,224,659,326,333,0,1,4,p_1.30.24_LL3f_mi,8
253,169,139,223,670,327,343,0,1,4,p_1.30.24_LL3f_mi,8
254,164,135,217,684,340,344,0,1,4,p_1.30.24_LL3f_mi,8
255,174,145,226,663,329,334,0,1,4,p_1.30.24_LL3f_mi,8
256,169,127,216,688,361,327,0,1,4,p_1.30.24_LL3f_mi,8
257,181,135,225,660,335,325,0,1,4,p_1.30.24_LL3f_mi,8
258,179,139,224,662,334,328,0,1,4,p_1.30.24_LL3f_mi,8
259,173,136,226,655,335,320,0,1,4,p_1.30.24_LL3f_mi,8
260,179,136,229,650,338,312,0,1,4,p_1.30.24_LL3f_mi,8
261,173,133,231,639,314,325,0,1,4,p_1.30.24_LL3f_mi,8
262,180,127,227,663,331,332,0,1,4,p_1.30.24_LL3f_mi,8
263,163,138,210,699,340,359,0,1,4,p_1.30.24_LL3f_mi,8
264,175,139,222,666,334,332,0,1,4,p_1.30.24_LL3f_mi,8
265,181,139,226,657,333,324,0,1,4,p_1.30.24_LL3f_mi,8
266,177,136,234,632,331,301,0,1,4,p_1.30.24_LL3f_mi,8
267,179,134,230,649,338,311,0,1,4,p_1.30.24_LL3f_mi,8
268,172,131,223,673,362,311,0,1,4,p_1.30.24_LL3f_mi,8
269,167,131,220,674,361,313,0,1,4,p_1.30.24_LL3f_mi,8
270,168,132,224,662,347,315,0,1,4,p_1.30.24_LL3f_mi,8
271,178,121,215,684,340,344,0,1,4,p_1.30.24_LL3f_mi,8
272,170,128,217,684,335,349,0,1,4,p_1.30.24_LL3f_mi,8
273,165,132,208,709,344,365,0,1,4,p_1.30.24_LL3f_mi,8
274,181,148,227,646,296,350,0,1,4,p_1.30.24_LL3f_mi,8
275,169,134,220,669,329,340,0,1,4,p_1.30.24_LL3f_mi,8
276,162,130,207,711,357,354,0,1,4,p_1.30.24_LL3f_mi,8
277,183,137,228,648,305,343,0,1,4,p_1.30.24_LL3f_mi,8
278,175,134,236,621,292,329,0,1,4,p_1.30.24_LL3f_mi,8
279,181,136,231,645,303,342,0,1,4,p_1.30.24_LL3f_mi,8
280,164,132,221,672,315,357,0,1,4,p_1.30.24_LL3f_mi,8
281,159,123,208,708,365,343,0,1,4,p_1.30.24_LL3f_mi,8
282,169,126,212,694,364,330,0,1,4,p_1.30.24_LL3f_mi,8
283,175,133,223,657,326,331,0,1,4,p_1.30.24_LL3f_mi,8
284,179,140,224,658,334,324,0,1,4,p_1.30.24_LL3f_mi,8
285,172,136,221,676,318,358,0,1,4,p_1.30.24_LL3f_mi,8
286,165,124,217,683,328,355,0,1,4,p_1.30.24_LL3f_mi,8
287,164,138,218,684,340,344,0,1,4,p_1.30.24_LL3f_mi,8
288,175,142,225,661,307,354,0,1,4,p_1.30.24_LL3f_mi,8
289,171,134,219,672,310,362,0,1,4,p_1.30.24_LL3f_mi,8
290,175,139,225,660,306,354,0,1,4,p_1.30.24_LL3f_mi,8
291,170,132,219,680,303,377,0,1,4,p_1.30.24_LL3f_mi,8
292,181,145,230,643,293,350,0,1,4,p_1.30.24_LL3f_mi,8
293,176,148,223,662,326,336,0,1,4,p_1.30.24_LL3f_mi,8
294,180,140,225,653,314,339,0,1,4,p_1.30.24_LL3f_mi,8
295,166,127,217,684,325,359,0,1,4,p_1.30.24_LL3f_mi,8
296,174,131,226,661,325,336,0,1,4,p_1.30.24_LL3f_mi,8
297,164,126,212,692,333,359,0,1,4,p_1.30.24_LL3f_mi,8
298,177,137,228,645,324,321,0,1,4,p_1.30.24_LL3f_mi,8
299,174,130,224,668,331,337,0,1,4,p_1.30.24_LL3f_mi,8
300,183,136,225,663,326,337,0,1,4,p_1.30.24_LL3f_mi,8
301,169,135,211,706,353,353,0,1,4,p_1.30.24_LL3f_mi,8
302,164,115,214,685,343,342,0,1,4,p_1.30.24_LL3f_mi,8
303,172,135,227,655,302,353,0,1,4,p_1.30.24_LL3f_mi,8
304,180,140,225,664,315,349,0,1,4,p_1.30.24_LL3f_mi,8
305,176,142,227,659,314,345,0,1,4,p_1.30.24_LL3f_mi,8
306,168,128,219,680,338,342,0,1,4,p_1.30.24_LL3f_mi,8
307,176,139,223,667,333,334,0,1,4,p_1.30.24_LL3f_mi,8
308,181,137,227,658,331,327,0,1,4,p_1.30.24_LL3f_mi,8
309,176,138,222,670,328,342,0,1,4,p_1.30.24_LL3f_mi,8
310,171,135,223,669,342,327,0,1,4,p_1.30.24_LL3f_mi,8
311,177,141,224,668,343,325,0,1,4,p_1.30.24_LL3f_mi,8
312,180,136,219,676,362,314,0,1,4,p_1.30.24_LL3f_mi,8
313,182,133,231,646,343,303,0,1,4,p_1.30.24_LL3f_mi,8
314,166,126,223,673,342,331,0,1,4,p_1.30.24_LL3f_mi,8
315,172,142,223,668,333,335,0,1,4,p_1.30.24_LL3f_mi,8
316,177,145,231,647,316,331,0,1,4,p_1.30.24_LL3f_mi,8
317,177,133,228,651,337,314,0,1,4,p_1.30.24_LL3f_mi,8
318,169,128,222,666,354,312,0,1,4,p_1.30.24_LL3f_mi,8
319,178,139,229,650,337,313,0,1,4,p_1.30.24_LL3f_mi,8
320,169,126,218,681,362,319,0,1,4,p_1.30.24_LL3f_mi,8
321,176,128,226,659,341,318,0,1,4,p_1.30.24_LL3f_mi,8
322,178,135,225,659,331,328,0,1,4,p_1.30.24_LL3f_mi,8
323,173,132,224,662,322,340,0,1,4,p_1.30.24_LL3f_mi,8
324,178,142,224,667,327,340,0,1,4,p_1.30.24_LL3f_mi,8
325,175,139,222,671,343,328,0,1,4,p_1.30.24_LL3f_mi,8
326,155,124,197,728,376,352,0,1,4,p_1.30.24_LL3f_mi,8
327,178,139,228,645,339,306,0,1,4,p_1.30.24_LL3f_mi,8
328,191,144,237,619,307,312,0,1,4,p_1.30.24_LL3f_mi,8
329,182,144,227,649,313,336,0,1,4,p_1.30.24_LL3f_mi,8
330,169,129,221,671,318,353,0,1,4,p_1.30.24_LL3f_mi,8
331,177,127,227,661,344,317,0,1,4,p_1.30.24_LL3f_mi,8
332,176,135,223,668,355,313,0,1,4,p_1.30.24_LL3f_mi,8
333,170,132,214,688,358,330,0,1,4,p_1.30.24_LL3f_mi,8
334,172,136,222,671,336,335,0,1,4,p_1.30.24_LL3f_mi,8
335,176,136,225,659,321,338,0,1,4,p_1.30.24_LL3f_mi,8
336,166,127,221,670,327,343,0,1,4,p_1.30.24_LL3f_mi,8
337,171,134,229,648,311,337,0,1,4,p_1.30.24_LL3f_mi,8
338,179,146,226,660,313,347,0,1,4,p_1.30.24_LL3f_mi,8
339,174,142,222,670,335,335,0,1,4,p_1.30.24_LL3f_mi,8
340,172,135,219,679,349,330,0,1,4,p_1.30.24_LL3f_mi,8
341,168,130,217,684,350,334,0,1,4,p_1.30.24_LL3f_mi,8
342,163,134,213,694,345,349,0,1,4,p_1.30.24_LL3f_mi,8
343,171,137,221,675,339,336,0,1,4,p_1.30.24_LL3f_mi,8
344,184,133,228,653,335,318,0,1,4,p_1.30.24_LL3f_mi,8
345,179,137,226,662,339,323,0,1,4,p_1.30.24_LL3f_mi,8
346,183,141,226,662,337,325,0,1,4,p_1.30.24_LL3f_mi,8
347,173,135,226,656,337,319,0,1,4,p_1.30.24_LL3f_mi,8
348,178,132,221,671,325,346,0,1,4,p_1.30.24_LL3f_mi,8
349,175,134,229,649,332,317,0,1,4,p_1.30.24_LL3f_mi,8
350,166,126,218,677,352,325,0,1,4,p_1.30.24_LL3f_mi,8
1,4,4,5,621,297,324,0,1,5,p_1.30.24_LL3f_mi,8
2,103,92,129,846,427,419,0,1,5,p_1.30.24_LL3f_mi,8
3,129,106,171,782,391,391,0,1,5,p_1.30.24_LL3f_mi,8
4,163,126,209,709,359,350,0,1,5,p_1.30.24_LL3f_mi,8
5,169,134,223,674,340,334,0,1,5,p_1.30.24_LL3f_mi,8
6,185,150,229,642,309,333,0,1,5,p_1.30.24_LL3f_mi,8
7,174,137,227,653,302,351,0,1,5,p_1.30.24_LL3f_mi,8
8,177,144,225,666,304,362,0,1,5,p_1.30.24_LL3f_mi,8
9,173,141,217,693,323,370,0,1,5,p_1.30.24_LL3f_mi,8
10,176,144,223,667,312,355,0,1,5,p_1.30.24_LL3f_mi,8
11,167,127,220,669,319,350,0,1,5,p_1.30.24_LL3f_mi,8
12,173,136,221,671,319,352,0,1,5,p_1.30.24_LL3f_mi,8
13,175,138,223,666,313,353,0,1,5,p_1.30.24_LL3f_mi,8
14,177,142,220,672,329,343,0,1,5,p_1.30.24_LL3f_mi,8
15,169,128,223,670,322,348,0,1,5,p_1.30.24_LL3f_mi,8
16,184,132,227,657,325,332,0,1,5,p_1.30.24_LL3f_mi,8
17,177,132,223,662,345,317,0,1,5,p_1.30.24_LL3f_mi,8
18,172,127,223,664,338,326,0,1,5,p_1.30.24_LL3f_mi,8
19,170,134,223,672,334,338,0,1,5,p_1.30.24_LL3f_mi,8
20,169,137,219,674,333,341,0,1,5,p_1.30.24_LL3f_mi,8
21,171,130,221,670,327,343,0,1,5,p_1.30.24_LL3f_mi,8
22,175,137,220,676,334,342,0,1,5,p_1.30.24_LL3f_mi,8
23,176,138,223,668,329,339,0,1,5,p_1.30.24_LL3f_mi,8
24,172,135,227,658,338,320,0,1,5,p_1.30.24_LL3f_mi,8
25,172,140,224,669,347,322,0,1,5,p_1.30.24_LL3f_mi,8
26,167,131,215,686,354,332,0,1,5,p_1.30.24_LL3f_mi,8
27,179,143,229,643,329,314,0,1,5,p_1.30.24_LL3f_mi,8
28,170,127,227,656,329,327,0,1,5,p_1.30.24_LL3f_mi,8
29,164,134,213,696,361,335,0,1,5,p_1.30.24_LL3f_mi,8
30,170,135,215,691,340,351,0,1,5,p_1.30.24_LL3f_mi,8
31,180,132,234,642,314,328,0,1,5,p_1.30.24_LL3f_mi,8
32,183,146,228,649,320,329,0,1,5,p_1.30.24_LL3f_mi,8
33,176,130,227,662,328,334,0,1,5,p_1.30.24_LL3f_mi,8
34,178,148,229,644,313,331,0,1,5,p_1.30.24_LL3f_mi,8
35,167,131,221,674,334,340,0,1,5,p_1.30.24_LL3f_mi,8
36,166,128,227,657,329,328,0,1,5,p_1.30.24_LL3f_mi,8
37,173,139,220,676,345,331,0,1,5,p_1.30.24_LL3f_mi,8
38,178,133,222,673,356,317,0,1,5,p_1.30.24_LL3f_mi,8
39,181,128,228,651,351,300,0,1,5,p_1.30.24_LL3f_mi,8
40,188,150,234,635,315,320,0,1,5,p_1.30.24_LL3f_mi,8
41,186,141,233,635,304,331,0,1,5,p_1.30.24_LL3f_mi,8
42,176,133,229,654,328,326,0,1,5,p_1.30.24_LL3f_mi,8
43,176,146,227,653,314,339,0,1,5,p_1.30.24_LL3f_mi,8
44,173,143,229,646,309,337,0,1,5,p_1.30.24_LL3f_mi,8
45,167,137,216,688,331,357,0,1,5,p_1.30.24_LL3f_mi,8
46,178,136,224,664,315,349,0,1,5,p_1.30.24_LL3f_mi,8
47,175,138,217,685,330,355,0,1,5,p_1.30.24_LL3f_mi,8
48,173,139,223,663,330,333,0,1,5,p_1.30.24_LL3f_mi,8
49,173,142,224,662,326,336,0,1,5,p_1.30.24_LL3f_mi,8
50,187,143,233,639,312,327,0,1,5,p_1.30.24_LL3f_mi,8
51,173,140,214,703,349,354,0,1,5,p_1.30.24_LL3f_mi,8
52,184,143,230,648,321,327,0,1,5,p_1.30.24_LL3f_mi,8
53,180,131,229,648,331,317,0,1,5,p_1.30.24_LL3f_mi,8
54,178,145,226,660,322,338,0,1,5,p_1.30.24_LL3f_mi,8
55,178,133,228,655,325,330,0,1,5,p_1.30.24_LL3f_mi,8
56,177,143,229,648,332,316,0,1,5,p_1.30.24_LL3f_mi,8
57,173,138,219,684,350,334,0,1,5,p_1.30.24_LL3f_mi,8
58,163,129,211,694,362,332,0,1,5,p_1.30.24_LL3f_mi,8
59,167,125,217,677,366,311,0,1,5,p_1.30.24_LL3f_mi,8
60,177,139,225,656,346,310,0,1,5,p_1.30.24_LL3f_mi,8
61,178,146,231,641,342,299,0,1,5,p_1.30.24_LL3f_mi,8
62,183,138,226,662,332,330,0,1,5,p_1.30.24_LL3f_mi,8
63,168,135,215,687,359,328,0,1,5,p_1.30.24_LL3f_mi,8
64,174,133,226,654,333,321,0,1,5,p_1.30.24_LL3f_mi,8
65,177,136,223,670,351,319,0,1,5,p_1.30.24_LL3f_mi,8
66,169,128,218,678,342,336,0,1,5,p_1.30.24_LL3f_mi,8
67,178,141,227,656,313,343,0,1,5,p_1.30.24_LL3f_mi,8
68,175,140,226,655,314,341,0,1,5,p_1.30.24_LL3f_mi,8
69,173,135,221,676,336,340,0,1,5,p_1.30.24_LL3f_mi,8
70,169,134,219,683,354,329,0,1,5,p_1.30.24_LL3f_mi,8
71,178,128,221,678,344,334,0,1,5,p_1.30.24_LL3f_mi,8
72,173,136,217,684,338,346,0,1,5,p_1.30.24_LL3f_mi,8
73,175,135,227,653,315,338,0,1,5,p_1.30.24_LL3f_mi,8
74,179,138,226,659,322,337,0,1,5,p_1.30.24_LL3f_mi,8
75,170,135,219,676,332,344,0,1,5,p_1.30.24_LL3f_mi,8
76,159,134,205,708,352,356,0,1,5,p_1.30.24_LL3f_mi,8
77,176,134,231,643,341,302,0,1,5,p_1.30.24_LL3f_mi,8
78,181,135,231,642,335,307,0,1,5,p_1.30.24_LL3f_mi,8
79,182,136,226,658,348,310,0,1,5,p_1.30.24_LL3f_mi,8
80,176,138,222,666,346,320,0,1,5,p_1.30.24_LL3f_mi,8
81,167,125,219,683,349,334,0,1,5,p_1.30.24_LL3f_mi,8
82,178,141,220,675,340,335,0,1,5,p_1.30.24_LL3f_mi,8
83,178,149,219,679,343,336,0,1,5,p_1.30.24_LL3f_mi,8
84,170,137,223,667,319,348,0,1,5,p_1.30.24_LL3f_mi,8
85,175,133,228,657,319,338,0,1,5,p_1.30.24_LL3f_mi,8
86,181,140,233,627,303,324,0,1,5,p_1.30.24_LL3f_mi,8
87,171,137,221,670,326,344,0,1,5,p_1.30.24_LL3f_mi,8
88,174,135,217,681,325,356,0,1,5,p_1.30.24_LL3f_mi,8
89,174,133,226,660,294,366,0,1,5,p_1.30.24_LL3f_mi,8
90,173,135,217,679,321,358,0,1,5,p_1.30.24_LL3f_mi,8
91,172,130,218,677,334,343,0,1,5,p_1.30.24_LL3f_mi,8
92,178,132,228,655,325,330,0,1,5,p_1.30.24_LL3f_mi,8
93,170,137,219,684,346,338,0,1,5,p_1.30.24_LL3f_mi,8
94,177,134,224,664,327,337,0,1,5,p_1.30.24_LL3f_mi,8
95,174,136,217,681,336,345,0,1,5,p_1.30.24_LL3f_mi,8
96,173,134,227,659,325,334,0,1,5,p_1.30.24_LL3f_mi,8
97,178,135,226,655,336,319,0,1,5,p_1.30.24_LL3f_mi,8
98,170,133,221,677,345,332,0,1,5,p_1.30.24_LL3f_mi,8
99,173,138,216,686,360,326,0,1,5,p_1.30.24_LL3f_mi,8
100,153,123,198,649,350,299,0,1,5,p_1.30.24_LL3f_mi,8
101,120,94,154,662,350,312,0,1,5,p_1.30.24_LL3f_mi,8
102,122,101,158,573,286,287,0,1,5,p_1.30.24_LL3f_mi,8
103,109,90,144,522,255,267,0,1,5,p_1.30.24_LL3f_mi,8
104,91,75,117,498,250,248,0,1,5,p_1.30.24_LL3f_mi,8
105,97,80,117,423,225,198,0,1,5,p_1.30.24_LL3f_mi,8
106,75,57,97,385,186,199,0,1,5,p_1.30.24_LL3f_mi,8
107,63,54,75,346,150,196,0,1,5,p_1.30.24_LL3f_mi,8
108,39,35,52,309,143,166,0,1,5,p_1.30.24_LL3f_mi,8
109,38,35,52,229,104,125,0,1,5,p_1.30.24_LL3f_mi,8
110,26,22,35,194,91,103,0,1,5,p_1.30.24_LL3f_mi,8
111,28,25,39,155,77,78,0,1,5,p_1.30.24_LL3f_mi,8
112,26,20,38,138,80,58,0,1,5,p_1.30.24_LL3f_mi,8
113,27,21,36,136,83,53,0,1,5,p_1.30.24_LL3f_mi,8
114,30,21,37,121,73,48,0,1,5,p_1.30.24_LL3f_mi,8
115,29,21,35,125,72,53,0,1,5,p_1.30.24_LL3f_mi,8
116,29,22,36,113,59,54,0,1,5,p_1.30.24_LL3f_mi,8
117,26,22,33,103,50,53,0,1,5,p_1.30.24_LL3f_mi,8
118,22,18,33,97,42,55,0,1,5,p_1.30.24_LL3f_mi,8
119,25,22,33,97,41,56,0,1,5,p_1.30.24_LL3f_mi,8
120,30,26,35,103,42,61,0,1,5,p_1.30.24_LL3f_mi,8
121,29,24,36,107,41,66,0,1,5,p_1.30.24_LL3f_mi,8
122,28,23,36,108,46,62,0,1,5,p_1.30.24_LL3f_mi,8
123,27,23,34,108,49,59,0,1,5,p_1.30.24_LL3f_mi,8
124,24,19,34,112,53,59,0,1,5,p_1.30.24_LL3f_mi,8
125,28,17,38,125,61,64,18,1,5,p_1.30.24_LL3f_mi,8
126,28,22,38,126,61,65,10,1,5,p_1.30.24_LL3f_mi,8
127,29,21,36,121,56,65,6,1,5,p_1.30.24_LL3f_mi,8
128,27,23,36,119,59,60,1,1,5,p_1.30.24_LL3f_mi,8
129,30,26,38,124,61,63,1,1,5,p_1.30.24_LL3f_mi,8
130,27,22,35,111,57,54,0,1,5,p_1.30.24_LL3f_mi,8
131,28,21,35,112,58,54,0,1,5,p_1.30.24_LL3f_mi,8
132,28,19,35,108,46,62,0,1,5,p_1.30.24_LL3f_mi,8
133,27,21,36,105,44,61,0,1,5,p_1.30.24_LL3f_mi,8
134,28,23,35,111,54,57,0,1,5,p_1.30.24_LL3f_mi,8
135,27,22,34,103,55,48,0,1,5,p_1.30.24_LL3f_mi,8
136,29,23,34,99,50,49,0,1,5,p_1.30.24_LL3f_mi,8
137,25,19,34,104,50,54,0,1,5,p_1.30.24_LL3f_mi,8
138,26,20,33,108,53,55,0,1,5,p_1.30.24_LL3f_mi,8
139,29,22,36,108,62,46,0,1,5,p_1.30.24_LL3f_mi,8
140,27,22,37,125,69,56,18,1,5,p_1.30.24_LL3f_mi,8
141,27,21,37,130,66,64,14,1,5,p_1.30.24_LL3f_mi,8
142,24,20,36,126,57,69,6,1,5,p_1.30.24_LL3f_mi,8
143,27,24,36,118,57,61,2,1,5,p_1.30.24_LL3f_mi,8
144,27,23,35,114,48,66,1,1,5,p_1.30.24_LL3f_mi,8
145,25,20,34,107,49,58,0,1,5,p_1.30.24_LL3f_mi,8
146,26,20,35,109,54,55,0,1,5,p_1.30.24_LL3f_mi,8
147,28,22,33,96,47,49,0,1,5,p_1.30.24_LL3f_mi,8
148,25,22,34,97,43,54,0,1,5,p_1.30.24_LL3f_mi,8
149,26,18,33,102,43,59,0,1,5,p_1.30.24_LL3f_mi,8
150,25,20,32,96,45,51,0,1,5,p_1.30.24_LL3f_mi,8
151,52,31,79,111,52,59,0,1,5,p_1.30.24_LL3f_mi,8
152,65,37,94,150,66,84,0,1,5,p_1.30.24_LL3f_mi,8
153,86,61,120,196,94,102,0,1,5,p_1.30.24_LL3f_mi,8
154,108,76,145,263,134,129,0,1,5,p_1.30.24_LL3f_mi,8
155,125,90,160,362,180,182,19,1,5,p_1.30.24_LL3f_mi,8
156,137,99,176,407,207,200,9,1,5,p_1.30.24_LL3f_mi,8
157,148,106,196,442,236,206,4,1,5,p_1.30.24_LL3f_mi,8
158,155,111,209,505,262,243,2,1,5,p_1.30.24_LL3f_mi,8
159,185,128,229,533,269,264,0,1,5,p_1.30.24_LL3f_mi,8
160,192,144,240,602,302,300,0,1,5,p_1.30.24_LL3f_mi,8
161,185,142,232,637,334,303,0,1,5,p_1.30.24_LL3f_mi,8
162,171,130,219,677,365,312,0,1,5,p_1.30.24_LL3f_mi,8
163,169,136,225,662,342,320,0,1,5,p_1.30.24_LL3f_mi,8
164,178,135,225,658,351,307,0,1,5,p_1.30.24_LL3f_mi,8
165,181,141,227,659,339,320,0,1,5,p_1.30.24_LL3f_mi,8
166,179,137,224,663,330,333,0,1,5,p_1.30.24_LL3f_mi,8
167,177,136,232,640,312,328,0,1,5,p_1.30.24_LL3f_mi,8
168,183,135,225,655,333,322,0,1,5,p_1.30.24_LL3f_mi,8
169,171,129,220,673,316,357,0,1,5,p_1.30.24_LL3f_mi,8
170,169,135,213,693,321,372,17,1,5,p_1.30.24_LL3f_mi,8
171,180,143,226,654,300,354,10,1,5,p_1.30.24_LL3f_mi,8
172,178,144,224,661,308,353,7,1,5,p_1.30.24_LL3f_mi,8
173,170,142,218,681,330,351,3,1,5,p_1.30.24_LL3f_mi,8
174,182,136,232,642,321,321,2,1,5,p_1.30.24_LL3f_mi,8
175,162,123,215,687,364,323,1,1,5,p_1.30.24_LL3f_mi,8
176,150,120,203,716,364,352,0,1,5,p_1.30.24_LL3f_mi,8
177,178,136,224,660,323,337,0,1,5,p_1.30.24_LL3f_mi,8
178,175,139,233,632,304,328,0,1,5,p_1.30.24_LL3f_mi,8
179,171,132,222,672,330,342,0,1,5,p_1.30.24_LL3f_mi,8
180,166,131,212,693,345,348,0,1,5,p_1.30.24_LL3f_mi,8
181,171,139,221,674,340,334,0,1,5,p_1.30.24_LL3f_mi,8
182,183,139,226,657,339,318,0,1,5,p_1.30.24_LL3f_mi,8
183,176,136,223,665,335,330,0,1,5,p_1.30.24_LL3f_mi,8
184,176,146,218,686,352,334,0,1,5,p_1.30.24_LL3f_mi,8
185,173,136,229,649,318,331,0,1,5,p_1.30.24_LL3f_mi,8
186,179,132,232,637,310,327,0,1,5,p_1.30.24_LL3f_mi,8
187,174,138,228,659,320,339,0,1,5,p_1.30.24_LL3f_mi,8
188,168,127,220,680,347,333,0,1,5,p_1.30.24_LL3f_mi,8
189,174,138,219,673,347,326,0,1,5,p_1.30.24_LL3f_mi,8
190,171,135,227,649,343,306,0,1,5,p_1.30.24_LL3f_mi,8
191,174,137,220,672,346,326,0,1,5,p_1.30.24_LL3f_mi,8
192,171,130,221,672,327,345,0,1,5,p_1.30.24_LL3f_mi,8
193,181,141,223,664,329,335,0,1,5,p_1.30.24_LL3f_mi,8
194,171,143,217,687,331,356,0,1,5,p_1.30.24_LL3f_mi,8
195,171,130,224,669,333,336,0,1,5,p_1.30.24_LL3f_mi,8
196,171,141,232,641,317,324,0,1,5,p_1.30.24_LL3f_mi,8
197,173,136,223,671,336,335,0,1,5,p_1.30.24_LL3f_mi,8
198,172,142,216,683,342,341,0,1,5,p_1.30.24_LL3f_mi,8
199,168,131,218,681,338,343,0,1,5,p_1.30.24_LL3f_mi,8
200,175,140,225,665,319,346,0,1,5,p_1.30.24_LL3f_mi,8
201,167,139,210,704,335,369,0,1,5,p_1.30.24_LL3f_mi,8
202,169,137,217,684,324,360,0,1,5,p_1.30.24_LL3f_mi,8
203,171,127,223,669,330,339,0,1,5,p_1.30.24_LL3f_mi,8
204,178,129,222,673,323,350,0,1,5,p_1.30.24_LL3f_mi,8
205,161,135,213,689,344,345,0,1,5,p_1.30.24_LL3f_mi,8
206,169,135,219,681,347,334,0,1,5,p_1.30.24_LL3f_mi,8
207,169,130,221,674,351,323,0,1,5,p_1.30.24_LL3f_mi,8
208,175,134,224,666,328,338,0,1,5,p_1.30.24_LL3f_mi,8
209,176,137,225,663,314,349,0,1,5,p_1.30.24_LL3f_mi,8
210,177,141,225,656,329,327,0,1,5,p_1.30.24_LL3f_mi,8
211,162,130,218,686,334,352,0,1,5,p_1.30.24_LL3f_mi,8
212,165,130,217,688,347,341,0,1,5,p_1.30.24_LL3f_mi,8
213,170,127,221,670,328,342,0,1,5,p_1.30.24_LL3f_mi,8
214,183,142,231,651,296,355,0,1,5,p_1.30.24_LL3f_mi,8
215,171,141,223,661,311,350,0,1,5,p_1.30.24_LL3f_mi,8
216,169,139,224,663,304,359,0,1,5,p_1.30.24_LL3f_mi,8
217,184,143,232,645,298,347,0,1,5,p_1.30.24_LL3f_mi,8
218,179,138,228,655,304,351,0,1,5,p_1.30.24_LL3f_mi,8
219,178,141,224,663,315,348,0,1,5,p_1.30.24_LL3f_mi,8
220,176,132,226,665,312,353,0,1,5,p_1.30.24_LL3f_mi,8
221,164,139,214,692,342,350,0,1,5,p_1.30.24_LL3f_mi,8
222,171,126,220,674,335,339,0,1,5,p_1.30.24_LL3f_mi,8
223,182,141,230,647,324,323,0,1,5,p_1.30.24_LL3f_mi,8
224,175,133,225,658,327,331,0,1,5,p_1.30.24_LL3f_mi,8
225,164,138,227,656,325,331,0,1,5,p_1.30.24_LL3f_mi,8
226,166,133,211,704,343,361,0,1,5,p_1.30.24_LL3f_mi,8
227,177,144,223,669,330,339,0,1,5,p_1.30.24_LL3f_mi,8
228,170,144,220,675,336,339,0,1,5,p_1.30.24_LL3f_mi,8
229,172,136,225,659,322,337,0,1,5,p_1.30.24_LL3f_mi,8
230,173,140,225,657,319,338,0,1,5,p_1.30.24_LL3f_mi,8
231,174,134,226,664,332,332,0,1,5,p_1.30.24_LL3f_mi,8
232,168,140,216,692,340,352,0,1,5,p_1.30.24_LL3f_mi,8
233,169,136,220,673,324,349,0,1,5,p_1.30.24_LL3f_mi,8
234,183,143,224,665,316,349,0,1,5,p_1.30.24_LL3f_mi,8
235,173,134,226,656,324,332,0,1,5,p_1.30.24_LL3f_mi,8
236,174,136,226,661,312,349,0,1,5,p_1.30.24_LL3f_mi,8
237,172,128,227,663,332,331,0,1,5,p_1.30.24_LL3f_mi,8
238,176,130,227,654,320,334,0,1,5,p_1.30.24_LL3f_mi,8
239,172,137,223,661,321,340,0,1,5,p_1.30.24_LL3f_mi,8
240,176,124,229,648,323,325,0,1,5,p_1.30.24_LL3f_mi,8
241,175,135,225,661,327,334,0,1,5,p_1.30.24_LL3f_mi,8
242,173,139,225,659,325,334,0,1,5,p_1.30.24_LL3f_mi,8
243,175,130,225,658,329,329,0,1,5,p_1.30.24_LL3f_mi,8
244,181,143,224,658,346,312,0,1,5,p_1.30.24_LL3f_mi,8
245,168,137,223,665,337,328,0,1,5,p_1.30.24_LL3f_mi,8
246,176,139,225,662,326,336,0,1,5,p_1.30.24_LL3f_mi,8
247,169,127,218,675,308,367,0,1,5,p_1.30.24_LL3f_mi,8
248,179,136,226,661,308,353,0,1,5,p_1.30.24_LL3f_mi,8
249,175,145,222,670,322,348,0,1,5,p_1.30.24_LL3f_mi,8
250,171,136,223,665,324,341,0,1,5,p_1.30.24_LL3f_mi,8
251,165,131,208,706,364,342,0,1,5,p_1.30.24_LL3f_mi,8
252,180,146,227,658,339,319,0,1,5,p_1.30.24_LL3f_mi,8
253,185,143,226,658,336,322,0,1,5,p_1.30.24_LL3f_mi,8
254,174,137,230,647,345,302,0,1,5,p_1.30.24_LL3f_mi,8
255,170,134,222,672,332,340,0,1,5,p_1.30.24_LL3f_mi,8
256,167,134,217,686,330,356,0,1,5,p_1.30.24_LL3f_mi,8
257,180,136,228,651,322,329,0,1,5,p_1.30.24_LL3f_mi,8
258,179,141,224,661,322,339,0,1,5,p_1.30.24_LL3f_mi,8
259,180,141,222,669,327,342,0,1,5,p_1.30.24_LL3f_mi,8
260,175,134,219,683,335,348,0,1,5,p_1.30.24_LL3f_mi,8
261,175,136,225,663,325,338,0,1,5,p_1.30.24_LL3f_mi,8
262,171,140,225,661,339,322,0,1,5,p_1.30.24_LL3f_mi,8
263,169,137,227,661,343,318,0,1,5,p_1.30.24_LL3f_mi,8
264,174,132,221,671,330,341,0,1,5,p_1.30.24_LL3f_mi,8
265,176,140,218,680,352,328,0,1,5,p_1.30.24_LL3f_mi,8
266,174,139,225,665,343,322,0,1,5,p_1.30.24_LL3f_mi,8
267,166,129,221,679,339,340,0,1,5,p_1.30.24_LL3f_mi,8
268,171,136,224,660,330,330,0,1,5,p_1.30.24_LL3f_mi,8
269,177,137,233,642,330,312,0,1,5,p_1.30.24_LL3f_mi,8
270,174,137,220,670,333,337,0,1,5,p_1.30.24_LL3f_mi,8
271,169,130,222,676,324,352,0,1,5,p_1.30.24_LL3f_mi,8
272,165,135,214,694,348,346,0,1,5,p_1.30.24_LL3f_mi,8
273,174,133,222,670,357,313,0,1,5,p_1.30.24_LL3f_mi,8
274,169,127,224,661,341,320,0,1,5,p_1.30.24_LL3f_mi,8
275,169,141,221,668,330,338,0,1,5,p_1.30.24_LL3f_mi,8
276,159,133,206,716,358,358,0,1,5,p_1.30.24_LL3f_mi,8
277,175,140,226,658,327,331,0,1,5,p_1.30.24_LL3f_mi,8
278,170,131,224,659,330,329,0,1,5,p_1.30.24_LL3f_mi,8
279,177,134,229,652,324,328,0,1,5,p_1.30.24_LL3f_mi,8
280,165,133,216,685,333,352,0,1,5,p_1.30.24_LL3f_mi,8
281,172,128,216,683,336,347,0,1,5,p_1.30.24_LL3f_mi,8
282,175,130,226,662,326,336,0,1,5,p_1.30.24_LL3f_mi,8
283,171,128,227,658,313,345,0,1,5,p_1.30.24_LL3f_mi,8
284,181,151,232,640,298,342,0,1,5,p_1.30.24_LL3f_mi,8
285,163,139,212,702,334,368,0,1,5,p_1.30.24_LL3f_mi,8
286,174,132,227,655,325,330,0,1,5,p_1.30.24_LL3f_mi,8
287,176,135,226,657,337,320,0,1,5,p_1.30.24_LL3f_mi,8
288,174,140,223,661,342,319,0,1,5,p_1.30.24_LL3f_mi,8
289,183,130,230,638,328,310,0,1,5,p_1.30.24_LL3f_mi,8
290,168,128,226,656,352,304,0,1,5,p_1.30.24_LL3f_mi,8
291,172,132,216,687,359,328,0,1,5,p_1.30.24_LL3f_mi,8
292,174,135,226,658,353,305,0,1,5,p_1.30.24_LL3f_mi,8
293,172,133,219,675,366,309,0,1,5,p_1.30.24_LL3f_mi,8
294,179,143,230,641,321,320,0,1,5,p_1.30.24_LL3f_mi,8
295,166,127,218,682,346,336,0,1,5,p_1.30.24_LL3f_mi,8
296,178,140,224,671,337,334,0,1,5,p_1.30.24_LL3f_mi,8
297,171,132,225,667,317,350,0,1,5,p_1.30.24_LL3f_mi,8
298,182,140,227,658,324,334,0,1,5,p_1.30.24_LL3f_mi,8
299,176,143,227,656,320,336,0,1,5,p_1.30.24_LL3f_mi,8
300,176,138,225,659,316,343,0,1,5,p_1.30.24_LL3f_mi,8
301,152,127,205,716,346,370,0,1,5,p_1.30.24_LL3f_mi,8
302,170,135,220,672,334,338,0,1,5,p_1.30.24_LL3f_mi,8
303,173,135,226,654,313,341,0,1,5,p_1.30.24_LL3f_mi,8
304,178,143,226,657,317,340,0,1,5,p_1.30.24_LL3f_mi,8
305,159,127,219,679,324,355,0,1,5,p_1.30.24_LL3f_mi,8
306,166,133,223,672,317,355,0,1,5,p_1.30.24_LL3f_mi,8
307,176,135,227,665,327,338,0,1,5,p_1.30.24_LL3f_mi,8
308,167,127,217,683,339,344,0,1,5,p_1.30.24_LL3f_mi,8
309,169,132,212,696,335,361,0,1,5,p_1.30.24_LL3f_mi,8
310,175,140,222,669,325,344,0,1,5,p_1.30.24_LL3f_mi,8
311,174,137,218,679,330,349,0,1,5,p_1.30.24_LL3f_mi,8
312,176,137,221,673,331,342,0,1,5,p_1.30.24_LL3f_mi,8
313,186,145,226,663,320,343,0,1,5,p_1.30.24_LL3f_mi,8
314,170,135,219,674,329,345,0,1,5,p_1.30.24_LL3f_mi,8
315,171,131,218,683,329,354,0,1,5,p_1.30.24_LL3f_mi,8
316,170,125,212,692,333,359,0,1,5,p_1.30.24_LL3f_mi,8
317,175,139,227,656,311,345,0,1,5,p_1.30.24_LL3f_mi,8
318,178,130,225,665,323,342,0,1,5,p_1.30.24_LL3f_mi,8
319,178,139,229,647,302,345,0,1,5,p_1.30.24_LL3f_mi,8
320,175,133,222,669,319,350,0,1,5,p_1.30.24_LL3f_mi,8
321,169,141,224,666,312,354,0,1,5,p_1.30.24_LL3f_mi,8
322,165,134,212,694,321,373,0,1,5,p_1.30.24_LL3f_mi,8
323,164,129,213,694,332,362,0,1,5,p_1.30.24_LL3f_mi,8
324,165,131,210,696,334,362,0,1,5,p_1.30.24_LL3f_mi,8
325,178,138,228,656,305,351,0,1,5,p_1.30.24_LL3f_mi,8
326,172,139,218,695,345,350,0,1,5,p_1.30.24_LL3f_mi,8
327,171,130,214,689,340,349,0,1,5,p_1.30.24_LL3f_mi,8
328,171,129,228,654,321,333,0,1,5,p_1.30.24_LL3f_mi,8
329,177,147,223,661,309,352,0,1,5,p_1.30.24_LL3f_mi,8
330,170,139,218,679,316,363,0,1,5,p_1.30.24_LL3f_mi,8
331,176,140,221,679,320,359,0,1,5,p_1.30.24_LL3f_mi,8
332,171,140,222,661,321,340,0,1,5,p_1.30.24_LL3f_mi,8
333,179,146,224,665,324,341,0,1,5,p_1.30.24_LL3f_mi,8
334,175,135,217,686,333,353,0,1,5,p_1.30.24_LL3f_mi,8
335,167,142,223,663,316,347,0,1,5,p_1.30.24_LL3f_mi,8
336,184,142,229,646,313,333,0,1,5,p_1.30.24_LL3f_mi,8
337,174,137,227,656,315,341,0,1,5,p_1.30.24_LL3f_mi,8
338,166,127,214,692,337,355,0,1,5,p_1.30.24_LL3f_mi,8
339,163,127,213,700,340,360,0,1,5,p_1.30.24_LL3f_mi,8
340,169,135,224,662,311,351,0,1,5,p_1.30.24_LL3f_mi,8
341,179,138,229,647,304,343,0,1,5,p_1.30.24_LL3f_mi,8
342,174,140,220,679,323,356,0,1,5,p_1.30.24_LL3f_mi,8
343,163,134,214,689,333,356,0,1,5,p_1.30.24_LL3f_mi,8
344,166,132,211,697,349,348,0,1,5,p_1.30.24_LL3f_mi,8
345,176,137,222,671,331,340,0,1,5,p_1.30.24_LL3f_mi,8
346,165,137,216,687,343,344,0,1,5,p_1.30.24_LL3f_mi,8
347,174,131,225,660,325,335,0,1,5,p_1.30.24_LL3f_mi,8
348,180,153,235,634,298,336,0,1,5,p_1.30.24_LL3f_mi,8
349,180,135,224,660,311,349,0,1,5,p_1.30.24_LL3f_mi,8
350,177,132,222,668,327,341,0,1,5,p_1.30.24_LL3f_mi,8
1,6,6,9,624,318,306,0,1,1,p_1.30.24_LL3f_mi,9
2,99,91,128,847,419,428,0,1,1,p_1.30.24_LL3f_mi,9
3,122,106,156,809,406,403,0,1,1,p_1.30.24_LL3f_mi,9
4,167,130,218,686,345,341,0,1,1,p_1.30.24_LL3f_mi,9
5,186,132,233,637,347,290,0,1,1,p_1.30.24_LL3f_mi,9
6,179,134,232,640,332,308,0,1,1,p_1.30.24_LL3f_mi,9
7,174,136,228,644,319,325,0,1,1,p_1.30.24_LL3f_mi,9
8,172,130,227,654,326,328,0,1,1,p_1.30.24_LL3f_mi,9
9,171,142,217,687,329,358,0,1,1,p_1.30.24_LL3f_mi,9
10,178,143,223,674,326,348,0,1,1,p_1.30.24_LL3f_mi,9
11,181,145,229,648,321,327,0,1,1,p_1.30.24_LL3f_mi,9
12,175,138,228,658,323,335,0,1,1,p_1.30.24_LL3f_mi,9
13,175,139,224,659,319,340,0,1,1,p_1.30.24_LL3f_mi,9
14,168,133,212,692,356,336,0,1,1,p_1.30.24_LL3f_mi,9
15,171,134,220,671,335,336,0,1,1,p_1.30.24_LL3f_mi,9
16,183,137,232,644,330,314,0,1,1,p_1.30.24_LL3f_mi,9
17,184,147,234,640,339,301,0,1,1,p_1.30.24_LL3f_mi,9
18,171,133,221,676,367,309,0,1,1,p_1.30.24_LL3f_mi,9
19,172,136,219,676,359,317,0,1,1,p_1.30.24_LL3f_mi,9
20,169,128,219,678,341,337,0,1,1,p_1.30.24_LL3f_mi,9
21,177,144,226,659,332,327,0,1,1,p_1.30.24_LL3f_mi,9
22,168,134,217,677,347,330,0,1,1,p_1.30.24_LL3f_mi,9
23,170,137,221,668,336,332,0,1,1,p_1.30.24_LL3f_mi,9
24,180,139,232,635,319,316,0,1,1,p_1.30.24_LL3f_mi,9
25,174,132,223,669,325,344,0,1,1,p_1.30.24_LL3f_mi,9
26,165,137,209,705,348,357,0,1,1,p_1.30.24_LL3f_mi,9
27,180,135,229,655,321,334,0,1,1,p_1.30.24_LL3f_mi,9
28,178,139,227,656,329,327,0,1,1,p_1.30.24_LL3f_mi,9
29,172,127,218,682,354,328,0,1,1,p_1.30.24_LL3f_mi,9
30,180,134,230,648,358,290,0,1,1,p_1.30.24_LL3f_mi,9
31,180,142,224,663,337,326,0,1,1,p_1.30.24_LL3f_mi,9
32,169,133,219,679,323,356,0,1,1,p_1.30.24_LL3f_mi,9
33,169,140,220,673,324,349,0,1,1,p_1.30.24_LL3f_mi,9
34,181,136,226,656,315,341,0,1,1,p_1.30.24_LL3f_mi,9
35,173,126,225,659,326,333,0,1,1,p_1.30.24_LL3f_mi,9
36,174,136,220,670,346,324,0,1,1,p_1.30.24_LL3f_mi,9
37,181,140,221,672,329,343,0,1,1,p_1.30.24_LL3f_mi,9
38,177,138,221,675,345,330,0,1,1,p_1.30.24_LL3f_mi,9
39,171,138,223,662,333,329,0,1,1,p_1.30.24_LL3f_mi,9
40,176,136,230,648,335,313,0,1,1,p_1.30.24_LL3f_mi,9
41,169,129,217,678,346,332,0,1,1,p_1.30.24_LL3f_mi,9
42,174,137,224,667,330,337,0,1,1,p_1.30.24_LL3f_mi,9
43,174,141,225,655,311,344,0,1,1,p_1.30.24_LL3f_mi,9
44,174,142,221,672,341,331,0,1,1,p_1.30.24_LL3f_mi,9
45,175,128,228,649,321,328,0,1,1,p_1.30.24_LL3f_mi,9
46,178,142,228,654,319,335,0,1,1,p_1.30.24_LL3f_mi,9
47,174,135,219,683,336,347,0,1,1,p_1.30.24_LL3f_mi,9
48,176,135,223,668,336,332,0,1,1,p_1.30.24_LL3f_mi,9
49,173,138,223,674,352,322,0,1,1,p_1.30.24_LL3f_mi,9
50,170,130,224,662,357,305,0,1,1,p_1.30.24_LL3f_mi,9
51,160,127,207,707,362,345,0,1,1,p_1.30.24_LL3f_mi,9
52,166,123,218,676,364,312,0,1,1,p_1.30.24_LL3f_mi,9
53,179,133,231,642,343,299,0,1,1,p_1.30.24_LL3f_mi,9
54,175,142,227,663,340,323,0,1,1,p_1.30.24_LL3f_mi,9
55,171,133,226,658,347,311,0,1,1,p_1.30.24_LL3f_mi,9
56,171,136,213,693,355,338,0,1,1,p_1.30.24_LL3f_mi,9
57,176,134,228,653,345,308,0,1,1,p_1.30.24_LL3f_mi,9
58,178,143,224,661,343,318,0,1,1,p_1.30.24_LL3f_mi,9
59,180,134,231,640,330,310,0,1,1,p_1.30.24_LL3f_mi,9
60,169,129,222,672,354,318,0,1,1,p_1.30.24_LL3f_mi,9
61,174,136,220,678,328,350,0,1,1,p_1.30.24_LL3f_mi,9
62,173,145,225,663,320,343,0,1,1,p_1.30.24_LL3f_mi,9
63,174,139,221,673,336,337,0,1,1,p_1.30.24_LL3f_mi,9
64,170,133,221,679,326,353,0,1,1,p_1.30.24_LL3f_mi,9
65,169,125,217,682,350,332,0,1,1,p_1.30.24_LL3f_mi,9
66,166,128,209,704,355,349,0,1,1,p_1.30.24_LL3f_mi,9
67,179,140,225,656,326,330,0,1,1,p_1.30.24_LL3f_mi,9
68,164,137,223,660,315,345,0,1,1,p_1.30.24_LL3f_mi,9
69,177,137,226,662,321,341,0,1,1,p_1.30.24_LL3f_mi,9
70,175,142,224,667,317,350,0,1,1,p_1.30.24_LL3f_mi,9
71,170,140,214,695,326,369,0,1,1,p_1.30.24_LL3f_mi,9
72,163,134,218,677,313,364,0,1,1,p_1.30.24_LL3f_mi,9
73,169,132,218,687,317,370,0,1,1,p_1.30.24_LL3f_mi,9
74,175,139,220,675,319,356,0,1,1,p_1.30.24_LL3f_mi,9
75,176,138,220,673,347,326,0,1,1,p_1.30.24_LL3f_mi,9
76,149,111,201,724,382,342,0,1,1,p_1.30.24_LL3f_mi,9
77,179,123,233,638,344,294,0,1,1,p_1.30.24_LL3f_mi,9
78,182,143,227,662,350,312,0,1,1,p_1.30.24_LL3f_mi,9
79,182,138,220,674,353,321,0,1,1,p_1.30.24_LL3f_mi,9
80,182,136,228,652,333,319,0,1,1,p_1.30.24_LL3f_mi,9
81,181,136,229,643,326,317,0,1,1,p_1.30.24_LL3f_mi,9
82,178,140,227,656,323,333,0,1,1,p_1.30.24_LL3f_mi,9
83,176,136,224,664,319,345,0,1,1,p_1.30.24_LL3f_mi,9
84,176,141,226,659,309,350,0,1,1,p_1.30.24_LL3f_mi,9
85,165,130,213,694,348,346,0,1,1,p_1.30.24_LL3f_mi,9
86,172,131,224,660,341,319,0,1,1,p_1.30.24_LL3f_mi,9
87,173,134,219,685,350,335,0,1,1,p_1.30.24_LL3f_mi,9
88,176,134,225,658,328,330,0,1,1,p_1.30.24_LL3f_mi,9
89,180,138,231,637,296,341,0,1,1,p_1.30.24_LL3f_mi,9
90,183,138,230,649,307,342,0,1,1,p_1.30.24_LL3f_mi,9
91,182,139,227,661,312,349,0,1,1,p_1.30.24_LL3f_mi,9
92,174,138,224,662,310,352,0,1,1,p_1.30.24_LL3f_mi,9
93,172,134,220,676,324,352,0,1,1,p_1.30.24_LL3f_mi,9
94,168,130,219,673,313,360,0,1,1,p_1.30.24_LL3f_mi,9
95,176,142,224,666,301,365,0,1,1,p_1.30.24_LL3f_mi,9
96,180,143,228,648,302,346,0,1,1,p_1.30.24_LL3f_mi,9
97,168,140,219,679,325,354,0,1,1,p_1.30.24_LL3f_mi,9
98,174,138,225,658,316,342,0,1,1,p_1.30.24_LL3f_mi,9
99,169,136,219,674,336,338,0,1,1,p_1.30.24_LL3f_mi,9
100,147,119,184,680,357,323,0,1,1,p_1.30.24_LL3f_mi,9
101,112,93,144,676,359,317,0,1,1,p_1.30.24_LL3f_mi,9
102,128,102,157,576,309,267,0,1,1,p_1.30.24_LL3f_mi,9
103,112,90,140,536,279,257,0,1,1,p_1.30.24_LL3f_mi,9
104,98,83,126,478,251,227,0,1,1,p_1.30.24_LL3f_mi,9
105,90,77,110,432,213,219,0,1,1,p_1.30.24_LL3f_mi,9
106,74,63,98,377,194,183,0,1,1,p_1.30.24_LL3f_mi,9
107,63,54,76,342,168,174,0,1,1,p_1.30.24_LL3f_mi,9
108,44,38,57,301,158,143,0,1,1,p_1.30.24_LL3f_mi,9
109,28,25,37,257,141,116,0,1,1,p_1.30.24_LL3f_mi,9
110,27,27,33,209,111,98,0,1,1,p_1.30.24_LL3f_mi,9
111,29,26,36,148,72,76,0,1,1,p_1.30.24_LL3f_mi,9
112,31,25,38,131,56,75,0,1,1,p_1.30.24_LL3f_mi,9
113,27,21,36,138,66,72,0,1,1,p_1.30.24_LL3f_mi,9
114,27,23,37,133,66,67,0,1,1,p_1.30.24_LL3f_mi,9
115,27,22,37,119,56,63,0,1,1,p_1.30.24_LL3f_mi,9
116,28,23,36,119,64,55,0,1,1,p_1.30.24_LL3f_mi,9
117,27,23,35,111,56,55,0,1,1,p_1.30.24_LL3f_mi,9
118,27,22,34,106,54,52,0,1,1,p_1.30.24_LL3f_mi,9
119,26,17,35,100,55,45,0,1,1,p_1.30.24_LL3f_mi,9
120,28,21,33,97,51,46,0,1,1,p_1.30.24_LL3f_mi,9
121,28,19,34,106,56,50,0,1,1,p_1.30.24_LL3f_mi,9
122,28,22,37,109,50,59,0,1,1,p_1.30.24_LL3f_mi,9
123,28,24,34,100,44,56,0,1,1,p_1.30.24_LL3f_mi,9
124,27,21,33,100,45,55,0,1,1,p_1.30.24_LL3f_mi,9
125,27,20,36,117,58,59,14,1,1,p_1.30.24_LL3f_mi,9
126,26,19,34,122,62,60,12,1,1,p_1.30.24_LL3f_mi,9
127,26,21,34,105,60,45,9,1,1,p_1.30.24_LL3f_mi,9
128,26,21,35,103,58,45,2,1,1,p_1.30.24_LL3f_mi,9
129,30,23,35,111,57,54,0,1,1,p_1.30.24_LL3f_mi,9
130,24,21,34,104,53,51,0,1,1,p_1.30.24_LL3f_mi,9
131,25,22,31,97,54,43,0,1,1,p_1.30.24_LL3f_mi,9
132,26,18,34,99,55,44,0,1,1,p_1.30.24_LL3f_mi,9
133,23,20,31,89,42,47,0,1,1,p_1.30.24_LL3f_mi,9
134,24,18,33,91,44,47,0,1,1,p_1.30.24_LL3f_mi,9
135,23,18,30,95,44,51,0,1,1,p_1.30.24_LL3f_mi,9
136,28,22,34,110,53,57,0,1,1,p_1.30.24_LL3f_mi,9
137,26,19,33,97,49,48,0,1,1,p_1.30.24_LL3f_mi,9
138,27,21,32,96,47,49,0,1,1,p_1.30.24_LL3f_mi,9
139,24,20,32,98,49,49,0,1,1,p_1.30.24_LL3f_mi,9
140,28,20,38,132,65,67,20,1,1,p_1.30.24_LL3f_mi,9
141,27,18,33,114,57,57,10,1,1,p_1.30.24_LL3f_mi,9
142,30,27,36,114,55,59,4,1,1,p_1.30.24_LL3f_mi,9
143,29,26,35,109,53,56,0,1,1,p_1.30.24_LL3f_mi,9
144,26,21,36,111,62,49,0,1,1,p_1.30.24_LL3f_mi,9
145,30,28,35,117,58,59,0,1,1,p_1.30.24_LL3f_mi,9
146,27,21,36,122,64,58,0,1,1,p_1.30.24_LL3f_mi,9
147,24,21,34,114,57,57,0,1,1,p_1.30.24_LL3f_mi,9
148,28,23,36,112,56,56,0,1,1,p_1.30.24_LL3f_mi,9
149,25,20,34,105,49,56,0,1,1,p_1.30.24_LL3f_mi,9
150,27,23,33,107,43,64,0,1,1,p_1.30.24_LL3f_mi,9
151,47,36,67,110,50,60,0,1,1,p_1.30.24_LL3f_mi,9
152,57,37,85,140,59,81,0,1,1,p_1.30.24_LL3f_mi,9
153,75,54,116,180,77,103,0,1,1,p_1.30.24_LL3f_mi,9
154,98,71,141,237,105,132,0,1,1,p_1.30.24_LL3f_mi,9
155,126,95,163,339,158,181,19,1,1,p_1.30.24_LL3f_mi,9
156,137,94,178,385,191,194,7,1,1,p_1.30.24_LL3f_mi,9
157,155,113,196,434,222,212,4,1,1,p_1.30.24_LL3f_mi,9
158,162,122,210,500,246,254,2,1,1,p_1.30.24_LL3f_mi,9
159,179,126,231,520,255,265,0,1,1,p_1.30.24_LL3f_mi,9
160,198,144,244,582,285,297,0,1,1,p_1.30.24_LL3f_mi,9
161,185,141,234,633,313,320,0,1,1,p_1.30.24_LL3f_mi,9
162,171,131,223,675,330,345,0,1,1,p_1.30.24_LL3f_mi,9
163,173,133,223,675,330,345,0,1,1,p_1.30.24_LL3f_mi,9
164,177,137,225,660,318,342,0,1,1,p_1.30.24_LL3f_mi,9
165,171,132,229,657,309,348,0,1,1,p_1.30.24_LL3f_mi,9
166,181,146,231,646,319,327,0,1,1,p_1.30.24_LL3f_mi,9
167,174,137,230,639,307,332,0,1,1,p_1.30.24_LL3f_mi,9
168,179,135,226,660,330,330,0,1,1,p_1.30.24_LL3f_mi,9
169,179,135,224,663,352,311,0,1,1,p_1.30.24_LL3f_mi,9
170,159,125,205,715,373,342,17,1,1,p_1.30.24_LL3f_mi,9
171,168,126,216,686,350,336,12,1,1,p_1.30.24_LL3f_mi,9
172,181,136,227,654,335,319,3,1,1,p_1.30.24_LL3f_mi,9
173,184,145,231,641,311,330,2,1,1,p_1.30.24_LL3f_mi,9
174,173,137,227,661,318,343,1,1,1,p_1.30.24_LL3f_mi,9
175,181,130,228,651,319,332,1,1,1,p_1.30.24_LL3f_mi,9
176,160,132,206,715,360,355,0,1,1,p_1.30.24_LL3f_mi,9
177,187,141,230,648,336,312,0,1,1,p_1.30.24_LL3f_mi,9
178,174,137,231,641,323,318,0,1,1,p_1.30.24_LL3f_mi,9
179,165,129,221,676,324,352,0,1,1,p_1.30.24_LL3f_mi,9
180,175,130,223,670,319,351,0,1,1,p_1.30.24_LL3f_mi,9
181,179,140,226,651,331,320,0,1,1,p_1.30.24_LL3f_mi,9
182,188,147,236,623,309,314,0,1,1,p_1.30.24_LL3f_mi,9
183,175,143,226,666,333,333,0,1,1,p_1.30.24_LL3f_mi,9
184,166,129,218,685,337,348,0,1,1,p_1.30.24_LL3f_mi,9
185,172,141,222,673,333,340,0,1,1,p_1.30.24_LL3f_mi,9
186,180,138,224,667,337,330,0,1,1,p_1.30.24_LL3f_mi,9
187,173,146,228,648,322,326,0,1,1,p_1.30.24_LL3f_mi,9
188,178,136,227,654,340,314,0,1,1,p_1.30.24_LL3f_mi,9
189,169,132,224,663,335,328,0,1,1,p_1.30.24_LL3f_mi,9
190,177,127,223,667,331,336,0,1,1,p_1.30.24_LL3f_mi,9
191,177,146,224,663,322,341,0,1,1,p_1.30.24_LL3f_mi,9
192,171,131,229,647,321,326,0,1,1,p_1.30.24_LL3f_mi,9
193,172,132,222,669,327,342,0,1,1,p_1.30.24_LL3f_mi,9
194,172,138,218,677,323,354,0,1,1,p_1.30.24_LL3f_mi,9
195,171,137,213,689,335,354,0,1,1,p_1.30.24_LL3f_mi,9
196,177,138,228,653,321,332,0,1,1,p_1.30.24_LL3f_mi,9
197,177,134,228,650,317,333,0,1,1,p_1.30.24_LL3f_mi,9
198,184,145,228,651,321,330,0,1,1,p_1.30.24_LL3f_mi,9
199,180,138,231,638,318,320,0,1,1,p_1.30.24_LL3f_mi,9
200,184,143,234,630,328,302,0,1,1,p_1.30.24_LL3f_mi,9
201,157,130,212,702,370,332,0,1,1,p_1.30.24_LL3f_mi,9
202,175,133,223,670,346,324,0,1,1,p_1.30.24_LL3f_mi,9
203,175,136,222,672,340,332,0,1,1,p_1.30.24_LL3f_mi,9
204,172,129,225,659,321,338,0,1,1,p_1.30.24_LL3f_mi,9
205,181,135,225,659,319,340,0,1,1,p_1.30.24_LL3f_mi,9
206,179,141,225,656,326,330,0,1,1,p_1.30.24_LL3f_mi,9
207,178,142,229,653,313,340,0,1,1,p_1.30.24_LL3f_mi,9
208,174,136,223,668,315,353,0,1,1,p_1.30.24_LL3f_mi,9
209,176,143,220,675,312,363,0,1,1,p_1.30.24_LL3f_mi,9
210,162,128,216,685,334,351,0,1,1,p_1.30.24_LL3f_mi,9
211,174,139,223,665,326,339,0,1,1,p_1.30.24_LL3f_mi,9
212,177,135,227,651,305,346,0,1,1,p_1.30.24_LL3f_mi,9
213,176,136,227,657,307,350,0,1,1,p_1.30.24_LL3f_mi,9
214,165,142,219,680,302,378,0,1,1,p_1.30.24_LL3f_mi,9
215,164,128,219,676,300,376,0,1,1,p_1.30.24_LL3f_mi,9
216,172,135,226,656,325,331,0,1,1,p_1.30.24_LL3f_mi,9
217,182,138,230,642,325,317,0,1,1,p_1.30.24_LL3f_mi,9
218,178,136,230,650,341,309,0,1,1,p_1.30.24_LL3f_mi,9
219,166,133,218,678,344,334,0,1,1,p_1.30.24_LL3f_mi,9
220,167,137,217,675,339,336,0,1,1,p_1.30.24_LL3f_mi,9
221,181,134,230,645,316,329,0,1,1,p_1.30.24_LL3f_mi,9
222,181,139,224,658,317,341,0,1,1,p_1.30.24_LL3f_mi,9
223,181,152,230,649,307,342,0,1,1,p_1.30.24_LL3f_mi,9
224,167,132,216,689,335,354,0,1,1,p_1.30.24_LL3f_mi,9
225,171,130,228,656,317,339,0,1,1,p_1.30.24_LL3f_mi,9
226,164,137,206,706,332,374,0,1,1,p_1.30.24_LL3f_mi,9
227,180,140,232,644,290,354,0,1,1,p_1.30.24_LL3f_mi,9
228,171,138,221,667,316,351,0,1,1,p_1.30.24_LL3f_mi,9
229,187,133,228,649,315,334,0,1,1,p_1.30.24_LL3f_mi,9
230,175,131,222,668,341,327,0,1,1,p_1.30.24_LL3f_mi,9
231,175,135,223,663,331,332,0,1,1,p_1.30.24_LL3f_mi,9
232,182,136,233,633,301,332,0,1,1,p_1.30.24_LL3f_mi,9
233,183,142,228,662,316,346,0,1,1,p_1.30.24_LL3f_mi,9
234,177,138,225,654,317,337,0,1,1,p_1.30.24_LL3f_mi,9
235,182,141,233,642,306,336,0,1,1,p_1.30.24_LL3f_mi,9
236,174,130,224,668,343,325,0,1,1,p_1.30.24_LL3f_mi,9
237,171,126,225,659,333,326,0,1,1,p_1.30.24_LL3f_mi,9
238,177,131,225,663,332,331,0,1,1,p_1.30.24_LL3f_mi,9
239,174,135,223,669,337,332,0,1,1,p_1.30.24_LL3f_mi,9
240,179,134,223,669,334,335,0,1,1,p_1.30.24_LL3f_mi,9
241,170,135,224,667,326,341,0,1,1,p_1.30.24_LL3f_mi,9
242,180,141,227,655,316,339,0,1,1,p_1.30.24_LL3f_mi,9
243,181,141,224,668,305,363,0,1,1,p_1.30.24_LL3f_mi,9
244,172,142,219,684,309,375,0,1,1,p_1.30.24_LL3f_mi,9
245,173,136,229,652,298,354,0,1,1,p_1.30.24_LL3f_mi,9
246,176,134,224,669,325,344,0,1,1,p_1.30.24_LL3f_mi,9
247,171,135,222,671,321,350,0,1,1,p_1.30.24_LL3f_mi,9
248,178,136,225,662,315,347,0,1,1,p_1.30.24_LL3f_mi,9
249,181,140,229,651,306,345,0,1,1,p_1.30.24_LL3f_mi,9
250,181,142,231,641,303,338,0,1,1,p_1.30.24_LL3f_mi,9
251,161,129,209,706,349,357,0,1,1,p_1.30.24_LL3f_mi,9
252,176,136,224,663,329,334,0,1,1,p_1.30.24_LL3f_mi,9
253,180,138,228,644,311,333,0,1,1,p_1.30.24_LL3f_mi,9
254,172,140,220,682,340,342,0,1,1,p_1.30.24_LL3f_mi,9
255,178,139,227,658,317,341,0,1,1,p_1.30.24_LL3f_mi,9
256,174,134,225,668,331,337,0,1,1,p_1.30.24_LL3f_mi,9
257,178,136,225,656,313,343,0,1,1,p_1.30.24_LL3f_mi,9
258,171,141,224,666,313,353,0,1,1,p_1.30.24_LL3f_mi,9
259,166,139,217,685,310,375,0,1,1,p_1.30.24_LL3f_mi,9
260,174,146,222,669,309,360,0,1,1,p_1.30.24_LL3f_mi,9
261,183,141,233,645,300,345,0,1,1,p_1.30.24_LL3f_mi,9
262,179,141,224,658,304,354,0,1,1,p_1.30.24_LL3f_mi,9
263,177,147,225,663,304,359,0,1,1,p_1.30.24_LL3f_mi,9
264,175,139,223,665,330,335,0,1,1,p_1.30.24_LL3f_mi,9
265,176,132,229,645,331,314,0,1,1,p_1.30.24_LL3f_mi,9
266,176,130,226,659,352,307,0,1,1,p_1.30.24_LL3f_mi,9
267,169,131,216,686,370,316,0,1,1,p_1.30.24_LL3f_mi,9
268,177,136,228,646,334,312,0,1,1,p_1.30.24_LL3f_mi,9
269,174,135,221,671,331,340,0,1,1,p_1.30.24_LL3f_mi,9
270,164,130,220,678,329,349,0,1,1,p_1.30.24_LL3f_mi,9
271,177,136,225,662,330,332,0,1,1,p_1.30.24_LL3f_mi,9
272,181,136,232,643,320,323,0,1,1,p_1.30.24_LL3f_mi,9
273,178,135,231,646,327,319,0,1,1,p_1.30.24_LL3f_mi,9
274,168,134,213,696,351,345,0,1,1,p_1.30.24_LL3f_mi,9
275,165,131,221,675,339,336,0,1,1,p_1.30.24_LL3f_mi,9
276,158,122,203,723,367,356,0,1,1,p_1.30.24_LL3f_mi,9
277,175,130,226,656,350,306,0,1,1,p_1.30.24_LL3f_mi,9
278,183,137,230,650,351,299,0,1,1,p_1.30.24_LL3f_mi,9
279,178,138,226,659,349,310,0,1,1,p_1.30.24_LL3f_mi,9
280,178,128,224,663,354,309,0,1,1,p_1.30.24_LL3f_mi,9
281,169,134,217,686,356,330,0,1,1,p_1.30.24_LL3f_mi,9
282,178,141,233,636,332,304,0,1,1,p_1.30.24_LL3f_mi,9
283,169,132,221,673,342,331,0,1,1,p_1.30.24_LL3f_mi,9
284,170,128,228,644,343,301,0,1,1,p_1.30.24_LL3f_mi,9
285,183,144,230,636,323,313,0,1,1,p_1.30.24_LL3f_mi,9
286,177,133,230,639,335,304,0,1,1,p_1.30.24_LL3f_mi,9
287,169,135,222,676,327,349,0,1,1,p_1.30.24_LL3f_mi,9
288,168,126,215,688,333,355,0,1,1,p_1.30.24_LL3f_mi,9
289,159,130,210,695,339,356,0,1,1,p_1.30.24_LL3f_mi,9
290,166,131,222,677,318,359,0,1,1,p_1.30.24_LL3f_mi,9
291,171,137,220,668,318,350,0,1,1,p_1.30.24_LL3f_mi,9
292,176,136,228,650,314,336,0,1,1,p_1.30.24_LL3f_mi,9
293,180,146,227,654,332,322,0,1,1,p_1.30.24_LL3f_mi,9
294,170,130,219,676,357,319,0,1,1,p_1.30.24_LL3f_mi,9
295,176,133,224,665,337,328,0,1,1,p_1.30.24_LL3f_mi,9
296,174,136,223,675,338,337,0,1,1,p_1.30.24_LL3f_mi,9
297,178,136,236,626,307,319,0,1,1,p_1.30.24_LL3f_mi,9
298,174,131,226,660,336,324,0,1,1,p_1.30.24_LL3f_mi,9
299,174,135,222,668,328,340,0,1,1,p_1.30.24_LL3f_mi,9
300,176,135,226,663,324,339,0,1,1,p_1.30.24_LL3f_mi,9
301,158,125,202,723,355,368,0,1,1,p_1.30.24_LL3f_mi,9
302,165,128,221,675,332,343,0,1,1,p_1.30.24_LL3f_mi,9
303,175,139,231,648,313,335,0,1,1,p_1.30.24_LL3f_mi,9
304,175,135,228,659,333,326,0,1,1,p_1.30.24_LL3f_mi,9
305,171,135,222,669,331,338,0,1,1,p_1.30.24_LL3f_mi,9
306,168,129,224,664,313,351,0,1,1,p_1.30.24_LL3f_mi,9
307,176,134,226,663,300,363,0,1,1,p_1.30.24_LL3f_mi,9
308,176,140,224,664,310,354,0,1,1,p_1.30.24_LL3f_mi,9
309,182,136,232,640,285,355,0,1,1,p_1.30.24_LL3f_mi,9
310,172,143,226,653,300,353,0,1,1,p_1.30.24_LL3f_mi,9
311,166,133,215,691,336,355,0,1,1,p_1.30.24_LL3f_mi,9
312,168,132,216,685,328,357,0,1,1,p_1.30.24_LL3f_mi,9
313,167,135,217,689,337,352,0,1,1,p_1.30.24_LL3f_mi,9
314,179,141,231,649,333,316,0,1,1,p_1.30.24_LL3f_mi,9
315,170,133,218,678,336,342,0,1,1,p_1.30.24_LL3f_mi,9
316,178,138,229,656,311,345,0,1,1,p_1.30.24_LL3f_mi,9
317,187,148,227,653,302,351,0,1,1,p_1.30.24_LL3f_mi,9
318,169,133,223,666,306,360,0,1,1,p_1.30.24_LL3f_mi,9
319,163,130,216,681,315,366,0,1,1,p_1.30.24_LL3f_mi,9
320,178,148,220,680,313,367,0,1,1,p_1.30.24_LL3f_mi,9
321,177,139,227,653,318,335,0,1,1,p_1.30.24_LL3f_mi,9
322,176,134,220,676,333,343,0,1,1,p_1.30.24_LL3f_mi,9
323,176,132,226,654,327,327,0,1,1,p_1.30.24_LL3f_mi,9
324,176,135,231,643,310,333,0,1,1,p_1.30.24_LL3f_mi,9
325,170,132,223,665,327,338,0,1,1,p_1.30.24_LL3f_mi,9
326,165,133,206,713,376,337,0,1,1,p_1.30.24_LL3f_mi,9
327,186,133,228,651,359,292,0,1,1,p_1.30.24_LL3f_mi,9
328,176,133,231,648,349,299,0,1,1,p_1.30.24_LL3f_mi,9
329,176,138,225,656,333,323,0,1,1,p_1.30.24_LL3f_mi,9
330,181,139,230,651,336,315,0,1,1,p_1.30.24_LL3f_mi,9
331,177,136,220,670,341,329,0,1,1,p_1.30.24_LL3f_mi,9
332,172,128,222,669,352,317,0,1,1,p_1.30.24_LL3f_mi,9
333,178,135,227,655,332,323,0,1,1,p_1.30.24_LL3f_mi,9
334,171,136,223,663,331,332,0,1,1,p_1.30.24_LL3f_mi,9
335,173,133,218,683,344,339,0,1,1,p_1.30.24_LL3f_mi,9
336,176,138,224,663,337,326,0,1,1,p_1.30.24_LL3f_mi,9
337,175,133,222,666,331,335,0,1,1,p_1.30.24_LL3f_mi,9
338,176,146,223,669,339,330,0,1,1,p_1.30.24_LL3f_mi,9
339,170,136,228,650,318,332,0,1,1,p_1.30.24_LL3f_mi,9
340,175,141,222,668,314,354,0,1,1,p_1.30.24_LL3f_mi,9
341,182,140,230,639,316,323,0,1,1,p_1.30.24_LL3f_mi,9
342,177,130,231,647,329,318,0,1,1,p_1.30.24_LL3f_mi,9
343,178,139,223,666,342,324,0,1,1,p_1.30.24_LL3f_mi,9
344,173,137,225,659,341,318,0,1,1,p_1.30.24_LL3f_mi,9
345,176,147,226,662,354,308,0,1,1,p_1.30.24_LL3f_mi,9
346,179,135,232,645,343,302,0,1,1,p_1.30.24_LL3f_mi,9
347,184,134,225,670,354,316,0,1,1,p_1.30.24_LL3f_mi,9
348,170,130,221,668,369,299,0,1,1,p_1.30.24_LL3f_mi,9
349,175,127,229,647,355,292,0,1,1,p_1.30.24_LL3f_mi,9
350,182,136,225,658,340,318,0,1,1,p_1.30.24_LL3f_mi,9
1,5,5,8,629,327,302,0,1,2,p_1.30.24_LL3f_mi,9
2,83,71,113,870,453,417,0,1,2,p_1.30.24_LL3f_mi,9
3,124,104,163,797,410,387,0,1,2,p_1.30.24_LL3f_mi,9
4,155,122,197,734,380,354,0,1,2,p_1.30.24_LL3f_mi,9
5,175,134,224,663,350,313,0,1,2,p_1.30.24_LL3f_mi,9
6,186,137,229,642,335,307,0,1,2,p_1.30.24_LL3f_mi,9
7,168,128,227,655,319,336,0,1,2,p_1.30.24_LL3f_mi,9
8,171,133,222,678,335,343,0,1,2,p_1.30.24_LL3f_mi,9
9,174,138,222,675,332,343,0,1,2,p_1.30.24_LL3f_mi,9
10,168,143,221,669,325,344,0,1,2,p_1.30.24_LL3f_mi,9
11,176,141,226,661,312,349,0,1,2,p_1.30.24_LL3f_mi,9
12,169,123,225,663,321,342,0,1,2,p_1.30.24_LL3f_mi,9
13,169,129,220,672,335,337,0,1,2,p_1.30.24_LL3f_mi,9
14,175,133,224,662,333,329,0,1,2,p_1.30.24_LL3f_mi,9
15,176,135,225,657,350,307,0,1,2,p_1.30.24_LL3f_mi,9
16,176,137,219,681,350,331,0,1,2,p_1.30.24_LL3f_mi,9
17,174,139,227,657,325,332,0,1,2,p_1.30.24_LL3f_mi,9
18,180,144,225,665,334,331,0,1,2,p_1.30.24_LL3f_mi,9
19,169,129,215,684,347,337,0,1,2,p_1.30.24_LL3f_mi,9
20,168,131,219,686,342,344,0,1,2,p_1.30.24_LL3f_mi,9
21,177,136,228,654,320,334,0,1,2,p_1.30.24_LL3f_mi,9
22,176,129,227,649,328,321,0,1,2,p_1.30.24_LL3f_mi,9
23,177,130,225,668,341,327,0,1,2,p_1.30.24_LL3f_mi,9
24,175,135,225,660,346,314,0,1,2,p_1.30.24_LL3f_mi,9
25,178,135,223,671,346,325,0,1,2,p_1.30.24_LL3f_mi,9
26,163,129,209,707,367,340,0,1,2,p_1.30.24_LL3f_mi,9
27,182,136,228,644,340,304,0,1,2,p_1.30.24_LL3f_mi,9
28,174,135,224,665,340,325,0,1,2,p_1.30.24_LL3f_mi,9
29,176,141,232,639,306,333,0,1,2,p_1.30.24_LL3f_mi,9
30,164,126,221,673,335,338,0,1,2,p_1.30.24_LL3f_mi,9
31,175,136,226,665,331,334,0,1,2,p_1.30.24_LL3f_mi,9
32,169,136,220,672,335,337,0,1,2,p_1.30.24_LL3f_mi,9
33,168,137,219,678,329,349,0,1,2,p_1.30.24_LL3f_mi,9
34,173,138,221,676,325,351,0,1,2,p_1.30.24_LL3f_mi,9
35,182,141,227,654,298,356,0,1,2,p_1.30.24_LL3f_mi,9
36,174,138,226,654,312,342,0,1,2,p_1.30.24_LL3f_mi,9
37,174,136,220,673,327,346,0,1,2,p_1.30.24_LL3f_mi,9
38,176,133,229,651,321,330,0,1,2,p_1.30.24_LL3f_mi,9
39,178,132,228,646,330,316,0,1,2,p_1.30.24_LL3f_mi,9
40,166,132,218,680,349,331,0,1,2,p_1.30.24_LL3f_mi,9
41,186,142,235,624,316,308,0,1,2,p_1.30.24_LL3f_mi,9
42,167,131,220,677,335,342,0,1,2,p_1.30.24_LL3f_mi,9
43,174,136,224,667,345,322,0,1,2,p_1.30.24_LL3f_mi,9
44,180,137,229,651,341,310,0,1,2,p_1.30.24_LL3f_mi,9
45,181,136,226,655,335,320,0,1,2,p_1.30.24_LL3f_mi,9
46,174,131,220,675,350,325,0,1,2,p_1.30.24_LL3f_mi,9
47,171,136,223,668,327,341,0,1,2,p_1.30.24_LL3f_mi,9
48,167,132,220,678,333,345,0,1,2,p_1.30.24_LL3f_mi,9
49,168,126,220,668,325,343,0,1,2,p_1.30.24_LL3f_mi,9
50,182,140,228,651,328,323,0,1,2,p_1.30.24_LL3f_mi,9
51,161,130,207,715,370,345,0,1,2,p_1.30.24_LL3f_mi,9
52,175,138,229,655,331,324,0,1,2,p_1.30.24_LL3f_mi,9
53,181,144,229,643,321,322,0,1,2,p_1.30.24_LL3f_mi,9
54,172,139,222,671,334,337,0,1,2,p_1.30.24_LL3f_mi,9
55,165,140,216,687,343,344,0,1,2,p_1.30.24_LL3f_mi,9
56,167,130,219,681,349,332,0,1,2,p_1.30.24_LL3f_mi,9
57,175,130,220,678,348,330,0,1,2,p_1.30.24_LL3f_mi,9
58,166,138,218,676,346,330,0,1,2,p_1.30.24_LL3f_mi,9
59,174,130,224,660,349,311,0,1,2,p_1.30.24_LL3f_mi,9
60,178,134,225,659,329,330,0,1,2,p_1.30.24_LL3f_mi,9
61,178,138,221,671,332,339,0,1,2,p_1.30.24_LL3f_mi,9
62,179,137,228,652,330,322,0,1,2,p_1.30.24_LL3f_mi,9
63,171,131,217,687,352,335,0,1,2,p_1.30.24_LL3f_mi,9
64,181,139,229,645,315,330,0,1,2,p_1.30.24_LL3f_mi,9
65,170,133,221,669,318,351,0,1,2,p_1.30.24_LL3f_mi,9
66,178,136,225,666,310,356,0,1,2,p_1.30.24_LL3f_mi,9
67,174,134,222,667,316,351,0,1,2,p_1.30.24_LL3f_mi,9
68,161,129,220,678,333,345,0,1,2,p_1.30.24_LL3f_mi,9
69,185,152,228,646,324,322,0,1,2,p_1.30.24_LL3f_mi,9
70,183,134,229,646,329,317,0,1,2,p_1.30.24_LL3f_mi,9
71,176,129,223,671,353,318,0,1,2,p_1.30.24_LL3f_mi,9
72,183,133,231,647,333,314,0,1,2,p_1.30.24_LL3f_mi,9
73,174,133,225,665,345,320,0,1,2,p_1.30.24_LL3f_mi,9
74,176,134,225,658,345,313,0,1,2,p_1.30.24_LL3f_mi,9
75,173,136,223,663,336,327,0,1,2,p_1.30.24_LL3f_mi,9
76,164,128,210,709,351,358,0,1,2,p_1.30.24_LL3f_mi,9
77,173,134,227,654,312,342,0,1,2,p_1.30.24_LL3f_mi,9
78,180,142,235,627,298,329,0,1,2,p_1.30.24_LL3f_mi,9
79,181,132,231,643,302,341,0,1,2,p_1.30.24_LL3f_mi,9
80,166,132,224,666,326,340,0,1,2,p_1.30.24_LL3f_mi,9
81,174,132,223,665,328,337,0,1,2,p_1.30.24_LL3f_mi,9
82,171,130,228,663,330,333,0,1,2,p_1.30.24_LL3f_mi,9
83,175,139,223,668,334,334,0,1,2,p_1.30.24_LL3f_mi,9
84,171,129,228,654,336,318,0,1,2,p_1.30.24_LL3f_mi,9
85,179,131,231,646,316,330,0,1,2,p_1.30.24_LL3f_mi,9
86,169,133,223,669,327,342,0,1,2,p_1.30.24_LL3f_mi,9
87,171,133,229,649,325,324,0,1,2,p_1.30.24_LL3f_mi,9
88,172,133,219,670,335,335,0,1,2,p_1.30.24_LL3f_mi,9
89,184,145,231,641,328,313,0,1,2,p_1.30.24_LL3f_mi,9
90,175,129,226,656,335,321,0,1,2,p_1.30.24_LL3f_mi,9
91,163,128,220,678,351,327,0,1,2,p_1.30.24_LL3f_mi,9
92,175,129,222,674,335,339,0,1,2,p_1.30.24_LL3f_mi,9
93,164,128,215,689,329,360,0,1,2,p_1.30.24_LL3f_mi,9
94,165,130,216,681,335,346,0,1,2,p_1.30.24_LL3f_mi,9
95,173,136,228,649,310,339,0,1,2,p_1.30.24_LL3f_mi,9
96,177,136,224,666,317,349,0,1,2,p_1.30.24_LL3f_mi,9
97,164,132,212,696,333,363,0,1,2,p_1.30.24_LL3f_mi,9
98,166,131,220,673,319,354,0,1,2,p_1.30.24_LL3f_mi,9
99,173,139,225,657,319,338,0,1,2,p_1.30.24_LL3f_mi,9
100,150,117,192,660,344,316,0,1,2,p_1.30.24_LL3f_mi,9
101,113,96,141,681,355,326,0,1,2,p_1.30.24_LL3f_mi,9
102,120,93,151,598,291,307,0,1,2,p_1.30.24_LL3f_mi,9
103,113,92,139,534,262,272,0,1,2,p_1.30.24_LL3f_mi,9
104,100,84,126,483,231,252,0,1,2,p_1.30.24_LL3f_mi,9
105,83,67,108,437,211,226,0,1,2,p_1.30.24_LL3f_mi,9
106,68,59,90,390,188,202,0,1,2,p_1.30.24_LL3f_mi,9
107,56,51,71,353,172,181,0,1,2,p_1.30.24_LL3f_mi,9
108,56,45,68,288,138,150,0,1,2,p_1.30.24_LL3f_mi,9
109,37,31,47,240,114,126,0,1,2,p_1.30.24_LL3f_mi,9
110,25,20,32,203,109,94,0,1,2,p_1.30.24_LL3f_mi,9
111,30,25,38,153,80,73,0,1,2,p_1.30.24_LL3f_mi,9
112,31,26,38,136,81,55,0,1,2,p_1.30.24_LL3f_mi,9
113,27,21,36,133,70,63,0,1,2,p_1.30.24_LL3f_mi,9
114,28,23,35,119,62,57,0,1,2,p_1.30.24_LL3f_mi,9
115,23,19,33,115,55,60,0,1,2,p_1.30.24_LL3f_mi,9
116,24,21,33,111,45,66,0,1,2,p_1.30.24_LL3f_mi,9
117,32,30,38,110,41,69,0,1,2,p_1.30.24_LL3f_mi,9
118,26,22,34,107,39,68,0,1,2,p_1.30.24_LL3f_mi,9
119,25,21,34,102,43,59,0,1,2,p_1.30.24_LL3f_mi,9
120,28,21,35,108,49,59,0,1,2,p_1.30.24_LL3f_mi,9
121,27,20,34,105,47,58,0,1,2,p_1.30.24_LL3f_mi,9
122,25,23,32,97,42,55,0,1,2,p_1.30.24_LL3f_mi,9
123,25,20,32,100,40,60,0,1,2,p_1.30.24_LL3f_mi,9
124,24,21,33,103,49,54,0,1,2,p_1.30.24_LL3f_mi,9
125,24,18,35,112,55,57,17,1,2,p_1.30.24_LL3f_mi,9
126,27,22,35,123,55,68,10,1,2,p_1.30.24_LL3f_mi,9
127,29,20,37,120,58,62,5,1,2,p_1.30.24_LL3f_mi,9
128,27,20,34,120,54,66,6,1,2,p_1.30.24_LL3f_mi,9
129,27,20,35,109,45,64,1,1,2,p_1.30.24_LL3f_mi,9
130,24,20,33,100,43,57,0,1,2,p_1.30.24_LL3f_mi,9
131,31,23,34,98,45,53,0,1,2,p_1.30.24_LL3f_mi,9
132,26,20,32,96,53,43,0,1,2,p_1.30.24_LL3f_mi,9
133,28,21,34,103,51,52,0,1,2,p_1.30.24_LL3f_mi,9
134,25,21,34,111,54,57,0,1,2,p_1.30.24_LL3f_mi,9
135,28,23,37,108,51,57,0,1,2,p_1.30.24_LL3f_mi,9
136,27,24,34,110,50,60,0,1,2,p_1.30.24_LL3f_mi,9
137,26,18,35,96,41,55,0,1,2,p_1.30.24_LL3f_mi,9
138,26,21,35,102,46,56,0,1,2,p_1.30.24_LL3f_mi,9
139,26,21,32,97,46,51,0,1,2,p_1.30.24_LL3f_mi,9
140,24,19,37,112,54,58,21,1,2,p_1.30.24_LL3f_mi,9
141,29,23,36,114,52,62,10,1,2,p_1.30.24_LL3f_mi,9
142,29,23,34,102,46,56,3,1,2,p_1.30.24_LL3f_mi,9
143,24,21,33,103,45,58,0,1,2,p_1.30.24_LL3f_mi,9
144,24,20,31,92,40,52,0,1,2,p_1.30.24_LL3f_mi,9
145,26,22,33,101,53,48,0,1,2,p_1.30.24_LL3f_mi,9
146,26,19,34,108,62,46,0,1,2,p_1.30.24_LL3f_mi,9
147,26,19,32,99,56,43,0,1,2,p_1.30.24_LL3f_mi,9
148,28,20,35,109,69,40,0,1,2,p_1.30.24_LL3f_mi,9
149,25,19,33,102,55,47,0,1,2,p_1.30.24_LL3f_mi,9
150,28,21,33,99,49,50,0,1,2,p_1.30.24_LL3f_mi,9
151,50,34,75,106,53,53,0,1,2,p_1.30.24_LL3f_mi,9
152,59,42,92,135,61,74,0,1,2,p_1.30.24_LL3f_mi,9
153,84,54,119,189,102,87,0,1,2,p_1.30.24_LL3f_mi,9
154,111,69,141,253,142,111,0,1,2,p_1.30.24_LL3f_mi,9
155,123,81,162,341,188,153,20,1,2,p_1.30.24_LL3f_mi,9
156,138,88,178,385,202,183,13,1,2,p_1.30.24_LL3f_mi,9
157,150,110,196,426,219,207,4,1,2,p_1.30.24_LL3f_mi,9
158,157,118,208,507,261,246,0,1,2,p_1.30.24_LL3f_mi,9
159,177,129,222,558,269,289,0,1,2,p_1.30.24_LL3f_mi,9
160,181,144,240,602,276,326,0,1,2,p_1.30.24_LL3f_mi,9
161,178,134,225,661,310,351,0,1,2,p_1.30.24_LL3f_mi,9
162,172,139,217,686,338,348,0,1,2,p_1.30.24_LL3f_mi,9
163,169,121,217,684,356,328,0,1,2,p_1.30.24_LL3f_mi,9
164,163,126,219,676,354,322,0,1,2,p_1.30.24_LL3f_mi,9
165,178,136,232,636,336,300,0,1,2,p_1.30.24_LL3f_mi,9
166,169,130,223,664,346,318,0,1,2,p_1.30.24_LL3f_mi,9
167,173,137,222,664,342,322,0,1,2,p_1.30.24_LL3f_mi,9
168,175,137,225,663,356,307,0,1,2,p_1.30.24_LL3f_mi,9
169,180,137,224,667,334,333,0,1,2,p_1.30.24_LL3f_mi,9
170,168,129,217,683,322,361,16,1,2,p_1.30.24_LL3f_mi,9
171,171,131,217,687,321,366,5,1,2,p_1.30.24_LL3f_mi,9
172,176,137,229,642,300,342,2,1,2,p_1.30.24_LL3f_mi,9
173,172,133,226,654,310,344,1,1,2,p_1.30.24_LL3f_mi,9
174,173,133,225,657,313,344,0,1,2,p_1.30.24_LL3f_mi,9
175,181,139,231,651,314,337,0,1,2,p_1.30.24_LL3f_mi,9
176,148,128,197,731,351,380,0,1,2,p_1.30.24_LL3f_mi,9
177,170,131,214,697,341,356,0,1,2,p_1.30.24_LL3f_mi,9
178,170,131,225,660,324,336,0,1,2,p_1.30.24_LL3f_mi,9
179,177,135,229,649,319,330,0,1,2,p_1.30.24_LL3f_mi,9
180,169,138,222,666,318,348,0,1,2,p_1.30.24_LL3f_mi,9
181,171,134,219,672,316,356,0,1,2,p_1.30.24_LL3f_mi,9
182,171,138,220,670,322,348,0,1,2,p_1.30.24_LL3f_mi,9
183,181,138,230,645,305,340,0,1,2,p_1.30.24_LL3f_mi,9
184,170,141,227,655,308,347,0,1,2,p_1.30.24_LL3f_mi,9
185,169,135,219,675,321,354,0,1,2,p_1.30.24_LL3f_mi,9
186,168,130,218,681,338,343,0,1,2,p_1.30.24_LL3f_mi,9
187,166,130,222,662,346,316,0,1,2,p_1.30.24_LL3f_mi,9
188,178,141,223,668,329,339,0,1,2,p_1.30.24_LL3f_mi,9
189,179,134,228,649,310,339,0,1,2,p_1.30.24_LL3f_mi,9
190,176,140,231,646,314,332,0,1,2,p_1.30.24_LL3f_mi,9
191,174,133,225,656,325,331,0,1,2,p_1.30.24_LL3f_mi,9
192,173,141,219,674,352,322,0,1,2,p_1.30.24_LL3f_mi,9
193,167,135,224,663,354,309,0,1,2,p_1.30.24_LL3f_mi,9
194,175,140,231,645,334,311,0,1,2,p_1.30.24_LL3f_mi,9
195,179,141,230,641,321,320,0,1,2,p_1.30.24_LL3f_mi,9
196,178,130,230,649,324,325,0,1,2,p_1.30.24_LL3f_mi,9
197,174,130,222,677,349,328,0,1,2,p_1.30.24_LL3f_mi,9
198,178,134,226,665,338,327,0,1,2,p_1.30.24_LL3f_mi,9
199,181,141,223,669,338,331,0,1,2,p_1.30.24_LL3f_mi,9
200,179,136,227,655,323,332,0,1,2,p_1.30.24_LL3f_mi,9
201,165,132,209,710,346,364,0,1,2,p_1.30.24_LL3f_mi,9
202,168,139,213,694,340,354,0,1,2,p_1.30.24_LL3f_mi,9
203,164,133,215,689,337,352,0,1,2,p_1.30.24_LL3f_mi,9
204,185,134,235,629,325,304,0,1,2,p_1.30.24_LL3f_mi,9
205,180,142,231,645,322,323,0,1,2,p_1.30.24_LL3f_mi,9
206,178,132,229,645,331,314,0,1,2,p_1.30.24_LL3f_mi,9
207,173,133,222,668,330,338,0,1,2,p_1.30.24_LL3f_mi,9
208,169,140,221,676,343,333,0,1,2,p_1.30.24_LL3f_mi,9
209,172,134,213,691,351,340,0,1,2,p_1.30.24_LL3f_mi,9
210,179,138,231,642,309,333,0,1,2,p_1.30.24_LL3f_mi,9
211,171,130,228,657,327,330,0,1,2,p_1.30.24_LL3f_mi,9
212,178,130,225,662,341,321,0,1,2,p_1.30.24_LL3f_mi,9
213,180,136,224,660,352,308,0,1,2,p_1.30.24_LL3f_mi,9
214,173,133,224,664,349,315,0,1,2,p_1.30.24_LL3f_mi,9
215,181,142,229,649,315,334,0,1,2,p_1.30.24_LL3f_mi,9
216,177,145,232,646,305,341,0,1,2,p_1.30.24_LL3f_mi,9
217,179,133,221,678,334,344,0,1,2,p_1.30.24_LL3f_mi,9
218,179,141,224,659,350,309,0,1,2,p_1.30.24_LL3f_mi,9
219,172,135,223,666,361,305,0,1,2,p_1.30.24_LL3f_mi,9
220,165,129,221,669,358,311,0,1,2,p_1.30.24_LL3f_mi,9
221,173,131,222,664,347,317,0,1,2,p_1.30.24_LL3f_mi,9
222,172,144,222,673,336,337,0,1,2,p_1.30.24_LL3f_mi,9
223,173,136,229,653,309,344,0,1,2,p_1.30.24_LL3f_mi,9
224,173,134,224,667,324,343,0,1,2,p_1.30.24_LL3f_mi,9
225,177,140,233,627,303,324,0,1,2,p_1.30.24_LL3f_mi,9
226,163,131,208,707,358,349,0,1,2,p_1.30.24_LL3f_mi,9
227,174,128,220,675,361,314,0,1,2,p_1.30.24_LL3f_mi,9
228,173,128,226,659,359,300,0,1,2,p_1.30.24_LL3f_mi,9
229,175,133,225,657,334,323,0,1,2,p_1.30.24_LL3f_mi,9
230,168,134,221,672,339,333,0,1,2,p_1.30.24_LL3f_mi,9
231,174,141,221,666,330,336,0,1,2,p_1.30.24_LL3f_mi,9
232,176,136,231,643,331,312,0,1,2,p_1.30.24_LL3f_mi,9
233,176,151,225,666,338,328,0,1,2,p_1.30.24_LL3f_mi,9
234,182,134,230,648,333,315,0,1,2,p_1.30.24_LL3f_mi,9
235,177,134,223,670,344,326,0,1,2,p_1.30.24_LL3f_mi,9
236,182,136,236,625,323,302,0,1,2,p_1.30.24_LL3f_mi,9
237,175,138,220,676,329,347,0,1,2,p_1.30.24_LL3f_mi,9
238,173,140,222,671,328,343,0,1,2,p_1.30.24_LL3f_mi,9
239,187,153,232,635,321,314,0,1,2,p_1.30.24_LL3f_mi,9
240,174,145,225,663,331,332,0,1,2,p_1.30.24_LL3f_mi,9
241,179,144,224,669,337,332,0,1,2,p_1.30.24_LL3f_mi,9
242,182,138,227,654,318,336,0,1,2,p_1.30.24_LL3f_mi,9
243,163,131,219,677,331,346,0,1,2,p_1.30.24_LL3f_mi,9
244,180,148,227,657,327,330,0,1,2,p_1.30.24_LL3f_mi,9
245,170,131,228,654,321,333,0,1,2,p_1.30.24_LL3f_mi,9
246,178,140,223,669,334,335,0,1,2,p_1.30.24_LL3f_mi,9
247,175,132,218,685,334,351,0,1,2,p_1.30.24_LL3f_mi,9
248,176,130,225,660,316,344,0,1,2,p_1.30.24_LL3f_mi,9
249,169,139,221,673,324,349,0,1,2,p_1.30.24_LL3f_mi,9
250,172,135,224,662,342,320,0,1,2,p_1.30.24_LL3f_mi,9
251,154,123,200,726,369,357,0,1,2,p_1.30.24_LL3f_mi,9
252,171,131,223,660,337,323,0,1,2,p_1.30.24_LL3f_mi,9
253,166,124,223,667,329,338,0,1,2,p_1.30.24_LL3f_mi,9
254,172,134,225,664,329,335,0,1,2,p_1.30.24_LL3f_mi,9
255,179,142,227,647,313,334,0,1,2,p_1.30.24_LL3f_mi,9
256,175,137,223,664,316,348,0,1,2,p_1.30.24_LL3f_mi,9
257,167,133,217,689,341,348,0,1,2,p_1.30.24_LL3f_mi,9
258,171,137,219,674,338,336,0,1,2,p_1.30.24_LL3f_mi,9
259,177,141,226,656,338,318,0,1,2,p_1.30.24_LL3f_mi,9
260,175,134,229,645,340,305,0,1,2,p_1.30.24_LL3f_mi,9
261,183,133,230,656,342,314,0,1,2,p_1.30.24_LL3f_mi,9
262,174,136,226,660,334,326,0,1,2,p_1.30.24_LL3f_mi,9
263,163,127,212,697,360,337,0,1,2,p_1.30.24_LL3f_mi,9
264,179,142,226,660,321,339,0,1,2,p_1.30.24_LL3f_mi,9
265,176,130,227,663,315,348,0,1,2,p_1.30.24_LL3f_mi,9
266,172,145,217,681,318,363,0,1,2,p_1.30.24_LL3f_mi,9
267,190,135,238,617,291,326,0,1,2,p_1.30.24_LL3f_mi,9
268,180,149,225,665,305,360,0,1,2,p_1.30.24_LL3f_mi,9
269,170,133,218,679,326,353,0,1,2,p_1.30.24_LL3f_mi,9
270,163,130,214,689,324,365,0,1,2,p_1.30.24_LL3f_mi,9
271,172,136,220,680,326,354,0,1,2,p_1.30.24_LL3f_mi,9
272,174,138,217,679,330,349,0,1,2,p_1.30.24_LL3f_mi,9
273,174,130,225,664,334,330,0,1,2,p_1.30.24_LL3f_mi,9
274,172,134,227,654,322,332,0,1,2,p_1.30.24_LL3f_mi,9
275,178,131,227,655,312,343,0,1,2,p_1.30.24_LL3f_mi,9
276,165,131,208,706,350,356,0,1,2,p_1.30.24_LL3f_mi,9
277,175,131,220,674,331,343,0,1,2,p_1.30.24_LL3f_mi,9
278,172,136,225,662,332,330,0,1,2,p_1.30.24_LL3f_mi,9
279,174,131,229,646,323,323,0,1,2,p_1.30.24_LL3f_mi,9
280,176,141,222,671,322,349,0,1,2,p_1.30.24_LL3f_mi,9
281,180,144,229,645,324,321,0,1,2,p_1.30.24_LL3f_mi,9
282,181,135,229,639,308,331,0,1,2,p_1.30.24_LL3f_mi,9
283,184,132,230,639,311,328,0,1,2,p_1.30.24_LL3f_mi,9
284,175,138,225,656,314,342,0,1,2,p_1.30.24_LL3f_mi,9
285,173,143,221,675,318,357,0,1,2,p_1.30.24_LL3f_mi,9
286,171,135,224,667,318,349,0,1,2,p_1.30.24_LL3f_mi,9
287,168,124,217,685,338,347,0,1,2,p_1.30.24_LL3f_mi,9
288,175,136,223,675,333,342,0,1,2,p_1.30.24_LL3f_mi,9
289,184,149,231,644,310,334,0,1,2,p_1.30.24_LL3f_mi,9
290,182,137,231,645,322,323,0,1,2,p_1.30.24_LL3f_mi,9
291,163,133,216,692,359,333,0,1,2,p_1.30.24_LL3f_mi,9
292,183,148,225,660,347,313,0,1,2,p_1.30.24_LL3f_mi,9
293,179,132,223,671,361,310,0,1,2,p_1.30.24_LL3f_mi,9
294,179,139,226,652,355,297,0,1,2,p_1.30.24_LL3f_mi,9
295,176,135,227,656,341,315,0,1,2,p_1.30.24_LL3f_mi,9
296,176,137,220,679,346,333,0,1,2,p_1.30.24_LL3f_mi,9
297,159,129,217,685,347,338,0,1,2,p_1.30.24_LL3f_mi,9
298,173,140,220,672,329,343,0,1,2,p_1.30.24_LL3f_mi,9
299,176,142,229,647,314,333,0,1,2,p_1.30.24_LL3f_mi,9
300,172,134,226,660,324,336,0,1,2,p_1.30.24_LL3f_mi,9
301,162,129,214,692,342,350,0,1,2,p_1.30.24_LL3f_mi,9
302,177,138,222,674,346,328,0,1,2,p_1.30.24_LL3f_mi,9
303,173,139,226,659,332,327,0,1,2,p_1.30.24_LL3f_mi,9
304,175,131,223,663,336,327,0,1,2,p_1.30.24_LL3f_mi,9
305,170,127,220,676,336,340,0,1,2,p_1.30.24_LL3f_mi,9
306,175,127,229,646,318,328,0,1,2,p_1.30.24_LL3f_mi,9
307,171,132,224,659,315,344,0,1,2,p_1.30.24_LL3f_mi,9
308,185,138,232,645,331,314,0,1,2,p_1.30.24_LL3f_mi,9
309,180,136,229,642,329,313,0,1,2,p_1.30.24_LL3f_mi,9
310,176,138,220,678,331,347,0,1,2,p_1.30.24_LL3f_mi,9
311,168,135,219,673,330,343,0,1,2,p_1.30.24_LL3f_mi,9
312,170,139,221,667,303,364,0,1,2,p_1.30.24_LL3f_mi,9
313,172,137,222,666,306,360,0,1,2,p_1.30.24_LL3f_mi,9
314,173,134,225,663,318,345,0,1,2,p_1.30.24_LL3f_mi,9
315,184,141,233,635,321,314,0,1,2,p_1.30.24_LL3f_mi,9
316,179,141,230,645,323,322,0,1,2,p_1.30.24_LL3f_mi,9
317,178,137,228,659,335,324,0,1,2,p_1.30.24_LL3f_mi,9
318,174,133,223,668,346,322,0,1,2,p_1.30.24_LL3f_mi,9
319,179,133,227,657,330,327,0,1,2,p_1.30.24_LL3f_mi,9
320,178,139,226,653,331,322,0,1,2,p_1.30.24_LL3f_mi,9
321,176,137,228,654,333,321,0,1,2,p_1.30.24_LL3f_mi,9
322,180,148,232,648,334,314,0,1,2,p_1.30.24_LL3f_mi,9
323,173,131,222,670,344,326,0,1,2,p_1.30.24_LL3f_mi,9
324,172,144,223,665,327,338,0,1,2,p_1.30.24_LL3f_mi,9
325,175,134,226,661,312,349,0,1,2,p_1.30.24_LL3f_mi,9
326,165,135,205,717,340,377,0,1,2,p_1.30.24_LL3f_mi,9
327,174,135,229,645,316,329,0,1,2,p_1.30.24_LL3f_mi,9
328,178,138,226,660,315,345,0,1,2,p_1.30.24_LL3f_mi,9
329,174,134,220,676,334,342,0,1,2,p_1.30.24_LL3f_mi,9
330,181,131,226,663,316,347,0,1,2,p_1.30.24_LL3f_mi,9
331,176,139,225,664,310,354,0,1,2,p_1.30.24_LL3f_mi,9
332,182,144,228,653,320,333,0,1,2,p_1.30.24_LL3f_mi,9
333,170,132,227,654,334,320,0,1,2,p_1.30.24_LL3f_mi,9
334,177,130,221,678,344,334,0,1,2,p_1.30.24_LL3f_mi,9
335,165,127,213,693,345,348,0,1,2,p_1.30.24_LL3f_mi,9
336,164,128,218,679,334,345,0,1,2,p_1.30.24_LL3f_mi,9
337,168,134,222,665,327,338,0,1,2,p_1.30.24_LL3f_mi,9
338,180,149,233,640,309,331,0,1,2,p_1.30.24_LL3f_mi,9
339,183,143,230,646,318,328,0,1,2,p_1.30.24_LL3f_mi,9
340,177,140,228,653,306,347,0,1,2,p_1.30.24_LL3f_mi,9
341,163,135,211,697,341,356,0,1,2,p_1.30.24_LL3f_mi,9
342,169,130,221,670,331,339,0,1,2,p_1.30.24_LL3f_mi,9
343,178,141,221,669,329,340,0,1,2,p_1.30.24_LL3f_mi,9
344,174,136,226,662,336,326,0,1,2,p_1.30.24_LL3f_mi,9
345,180,140,230,641,315,326,0,1,2,p_1.30.24_LL3f_mi,9
346,180,134,230,647,311,336,0,1,2,p_1.30.24_LL3f_mi,9
347,174,142,229,645,313,332,0,1,2,p_1.30.24_LL3f_mi,9
348,171,133,216,682,337,345,0,1,2,p_1.30.24_LL3f_mi,9
349,181,135,229,643,310,333,0,1,2,p_1.30.24_LL3f_mi,9
350,166,129,218,678,334,344,0,1,2,p_1.30.24_LL3f_mi,9
1,3,3,5,640,335,305,0,1,3,p_1.30.24_LL3f_mi,9
2,93,82,121,859,447,412,0,1,3,p_1.30.24_LL3f_mi,9
3,128,107,168,788,409,379,0,1,3,p_1.30.24_LL3f_mi,9
4,160,129,205,712,358,354,0,1,3,p_1.30.24_LL3f_mi,9
5,172,125,224,666,341,325,0,1,3,p_1.30.24_LL3f_mi,9
6,176,135,225,661,342,319,0,1,3,p_1.30.24_LL3f_mi,9
7,174,134,221,669,346,323,0,1,3,p_1.30.24_LL3f_mi,9
8,173,127,226,658,329,329,0,1,3,p_1.30.24_LL3f_mi,9
9,167,136,218,677,335,342,0,1,3,p_1.30.24_LL3f_mi,9
10,177,144,223,664,337,327,0,1,3,p_1.30.24_LL3f_mi,9
11,175,134,225,660,342,318,0,1,3,p_1.30.24_LL3f_mi,9
12,177,144,223,660,343,317,0,1,3,p_1.30.24_LL3f_mi,9
13,170,128,220,675,364,311,0,1,3,p_1.30.24_LL3f_mi,9
14,182,134,227,658,350,308,0,1,3,p_1.30.24_LL3f_mi,9
15,172,136,228,644,328,316,0,1,3,p_1.30.24_LL3f_mi,9
16,177,135,225,660,328,332,0,1,3,p_1.30.24_LL3f_mi,9
17,171,128,226,651,312,339,0,1,3,p_1.30.24_LL3f_mi,9
18,178,138,226,656,322,334,0,1,3,p_1.30.24_LL3f_mi,9
19,176,134,222,672,336,336,0,1,3,p_1.30.24_LL3f_mi,9
20,175,130,223,678,353,325,0,1,3,p_1.30.24_LL3f_mi,9
21,183,139,223,667,330,337,0,1,3,p_1.30.24_LL3f_mi,9
22,175,140,221,675,328,347,0,1,3,p_1.30.24_LL3f_mi,9
23,171,138,219,682,348,334,0,1,3,p_1.30.24_LL3f_mi,9
24,175,126,226,647,336,311,0,1,3,p_1.30.24_LL3f_mi,9
25,180,135,226,662,345,317,0,1,3,p_1.30.24_LL3f_mi,9
26,168,135,208,710,357,353,0,1,3,p_1.30.24_LL3f_mi,9
27,170,139,225,664,326,338,0,1,3,p_1.30.24_LL3f_mi,9
28,180,131,227,655,300,355,0,1,3,p_1.30.24_LL3f_mi,9
29,177,137,220,673,312,361,0,1,3,p_1.30.24_LL3f_mi,9
30,184,144,227,654,302,352,0,1,3,p_1.30.24_LL3f_mi,9
31,170,134,220,672,328,344,0,1,3,p_1.30.24_LL3f_mi,9
32,187,140,228,655,332,323,0,1,3,p_1.30.24_LL3f_mi,9
33,168,137,223,660,324,336,0,1,3,p_1.30.24_LL3f_mi,9
34,182,143,221,671,322,349,0,1,3,p_1.30.24_LL3f_mi,9
35,175,138,222,673,329,344,0,1,3,p_1.30.24_LL3f_mi,9
36,169,135,220,673,346,327,0,1,3,p_1.30.24_LL3f_mi,9
37,169,134,220,669,348,321,0,1,3,p_1.30.24_LL3f_mi,9
38,177,146,226,662,332,330,0,1,3,p_1.30.24_LL3f_mi,9
39,176,134,220,678,327,351,0,1,3,p_1.30.24_LL3f_mi,9
40,171,142,211,697,342,355,0,1,3,p_1.30.24_LL3f_mi,9
41,165,124,218,681,341,340,0,1,3,p_1.30.24_LL3f_mi,9
42,173,142,226,657,332,325,0,1,3,p_1.30.24_LL3f_mi,9
43,164,134,223,673,341,332,0,1,3,p_1.30.24_LL3f_mi,9
44,179,136,227,652,324,328,0,1,3,p_1.30.24_LL3f_mi,9
45,171,132,224,664,325,339,0,1,3,p_1.30.24_LL3f_mi,9
46,178,142,230,635,296,339,0,1,3,p_1.30.24_LL3f_mi,9
47,176,141,226,658,301,357,0,1,3,p_1.30.24_LL3f_mi,9
48,171,137,228,653,297,356,0,1,3,p_1.30.24_LL3f_mi,9
49,169,134,221,670,318,352,0,1,3,p_1.30.24_LL3f_mi,9
50,179,137,227,653,323,330,0,1,3,p_1.30.24_LL3f_mi,9
51,161,127,211,705,360,345,0,1,3,p_1.30.24_LL3f_mi,9
52,177,128,226,660,344,316,0,1,3,p_1.30.24_LL3f_mi,9
53,179,134,225,661,348,313,0,1,3,p_1.30.24_LL3f_mi,9
54,185,142,232,639,325,314,0,1,3,p_1.30.24_LL3f_mi,9
55,170,129,216,688,352,336,0,1,3,p_1.30.24_LL3f_mi,9
56,165,131,218,683,351,332,0,1,3,p_1.30.24_LL3f_mi,9
57,174,133,225,662,339,323,0,1,3,p_1.30.24_LL3f_mi,9
58,185,145,236,630,315,315,0,1,3,p_1.30.24_LL3f_mi,9
59,175,137,226,662,325,337,0,1,3,p_1.30.24_LL3f_mi,9
60,178,136,224,668,327,341,0,1,3,p_1.30.24_LL3f_mi,9
61,171,134,225,667,320,347,0,1,3,p_1.30.24_LL3f_mi,9
62,174,130,224,666,329,337,0,1,3,p_1.30.24_LL3f_mi,9
63,178,136,229,643,343,300,0,1,3,p_1.30.24_LL3f_mi,9
64,169,123,223,666,349,317,0,1,3,p_1.30.24_LL3f_mi,9
65,170,135,221,671,335,336,0,1,3,p_1.30.24_LL3f_mi,9
66,186,142,228,650,332,318,0,1,3,p_1.30.24_LL3f_mi,9
67,178,135,227,662,342,320,0,1,3,p_1.30.24_LL3f_mi,9
68,167,125,217,684,341,343,0,1,3,p_1.30.24_LL3f_mi,9
69,178,133,226,656,326,330,0,1,3,p_1.30.24_LL3f_mi,9
70,170,134,219,675,341,334,0,1,3,p_1.30.24_LL3f_mi,9
71,174,125,221,671,333,338,0,1,3,p_1.30.24_LL3f_mi,9
72,174,137,226,667,346,321,0,1,3,p_1.30.24_LL3f_mi,9
73,173,132,227,654,329,325,0,1,3,p_1.30.24_LL3f_mi,9
74,177,141,224,663,324,339,0,1,3,p_1.30.24_LL3f_mi,9
75,174,139,224,664,320,344,0,1,3,p_1.30.24_LL3f_mi,9
76,165,132,209,708,360,348,0,1,3,p_1.30.24_LL3f_mi,9
77,184,140,232,638,330,308,0,1,3,p_1.30.24_LL3f_mi,9
78,173,138,226,662,333,329,0,1,3,p_1.30.24_LL3f_mi,9
79,175,135,228,646,329,317,0,1,3,p_1.30.24_LL3f_mi,9
80,179,142,232,641,313,328,0,1,3,p_1.30.24_LL3f_mi,9
81,179,143,224,666,323,343,0,1,3,p_1.30.24_LL3f_mi,9
82,170,132,222,670,323,347,0,1,3,p_1.30.24_LL3f_mi,9
83,170,138,221,674,322,352,0,1,3,p_1.30.24_LL3f_mi,9
84,177,144,229,642,315,327,0,1,3,p_1.30.24_LL3f_mi,9
85,172,135,220,674,358,316,0,1,3,p_1.30.24_LL3f_mi,9
86,172,135,217,683,354,329,0,1,3,p_1.30.24_LL3f_mi,9
87,174,135,224,665,341,324,0,1,3,p_1.30.24_LL3f_mi,9
88,180,128,226,658,343,315,0,1,3,p_1.30.24_LL3f_mi,9
89,169,132,219,683,364,319,0,1,3,p_1.30.24_LL3f_mi,9
90,166,131,218,685,333,352,0,1,3,p_1.30.24_LL3f_mi,9
91,173,137,221,667,325,342,0,1,3,p_1.30.24_LL3f_mi,9
92,185,146,229,649,322,327,0,1,3,p_1.30.24_LL3f_mi,9
93,184,133,230,653,326,327,0,1,3,p_1.30.24_LL3f_mi,9
94,173,140,218,681,331,350,0,1,3,p_1.30.24_LL3f_mi,9
95,178,131,227,657,319,338,0,1,3,p_1.30.24_LL3f_mi,9
96,185,138,233,629,331,298,0,1,3,p_1.30.24_LL3f_mi,9
97,174,134,222,664,349,315,0,1,3,p_1.30.24_LL3f_mi,9
98,178,143,228,658,344,314,0,1,3,p_1.30.24_LL3f_mi,9
99,172,129,228,650,332,318,0,1,3,p_1.30.24_LL3f_mi,9
100,158,127,199,643,322,321,0,1,3,p_1.30.24_LL3f_mi,9
101,112,96,140,689,366,323,0,1,3,p_1.30.24_LL3f_mi,9
102,109,90,145,600,324,276,0,1,3,p_1.30.24_LL3f_mi,9
103,110,91,140,526,280,246,0,1,3,p_1.30.24_LL3f_mi,9
104,104,87,132,466,253,213,0,1,3,p_1.30.24_LL3f_mi,9
105,80,70,108,446,230,216,0,1,3,p_1.30.24_LL3f_mi,9
106,78,66,102,370,190,180,0,1,3,p_1.30.24_LL3f_mi,9
107,67,52,83,333,174,159,0,1,3,p_1.30.24_LL3f_mi,9
108,52,44,64,289,143,146,0,1,3,p_1.30.24_LL3f_mi,9
109,27,26,35,258,118,140,0,1,3,p_1.30.24_LL3f_mi,9
110,27,23,34,201,95,106,0,1,3,p_1.30.24_LL3f_mi,9
111,30,26,39,159,71,88,0,1,3,p_1.30.24_LL3f_mi,9
112,28,23,38,136,63,73,0,1,3,p_1.30.24_LL3f_mi,9
113,30,27,35,125,57,68,0,1,3,p_1.30.24_LL3f_mi,9
114,30,23,35,118,63,55,0,1,3,p_1.30.24_LL3f_mi,9
115,28,23,36,120,63,57,0,1,3,p_1.30.24_LL3f_mi,9
116,26,22,35,107,62,45,0,1,3,p_1.30.24_LL3f_mi,9
117,26,22,32,98,49,49,0,1,3,p_1.30.24_LL3f_mi,9
118,26,20,33,93,42,51,0,1,3,p_1.30.24_LL3f_mi,9
119,21,16,28,80,36,44,0,1,3,p_1.30.24_LL3f_mi,9
120,25,17,30,88,38,50,0,1,3,p_1.30.24_LL3f_mi,9
121,26,19,31,94,41,53,0,1,3,p_1.30.24_LL3f_mi,9
122,27,20,33,96,49,47,0,1,3,p_1.30.24_LL3f_mi,9
123,22,17,28,83,39,44,0,1,3,p_1.30.24_LL3f_mi,9
124,25,19,31,88,44,44,0,1,3,p_1.30.24_LL3f_mi,9
125,25,17,35,104,49,55,14,1,3,p_1.30.24_LL3f_mi,9
126,26,21,38,108,47,61,12,1,3,p_1.30.24_LL3f_mi,9
127,25,23,34,115,50,65,6,1,3,p_1.30.24_LL3f_mi,9
128,29,27,34,107,45,62,1,1,3,p_1.30.24_LL3f_mi,9
129,29,25,35,111,49,62,0,1,3,p_1.30.24_LL3f_mi,9
130,30,26,36,117,52,65,0,1,3,p_1.30.24_LL3f_mi,9
131,29,25,35,113,57,56,0,1,3,p_1.30.24_LL3f_mi,9
132,30,24,36,119,61,58,0,1,3,p_1.30.24_LL3f_mi,9
133,28,23,37,116,49,67,0,1,3,p_1.30.24_LL3f_mi,9
134,27,24,35,110,46,64,0,1,3,p_1.30.24_LL3f_mi,9
135,27,19,34,97,47,50,0,1,3,p_1.30.24_LL3f_mi,9
136,26,19,33,99,47,52,0,1,3,p_1.30.24_LL3f_mi,9
137,28,25,36,106,55,51,0,1,3,p_1.30.24_LL3f_mi,9
138,29,24,36,109,57,52,0,1,3,p_1.30.24_LL3f_mi,9
139,28,24,33,106,51,55,0,1,3,p_1.30.24_LL3f_mi,9
140,25,18,36,125,66,59,15,1,3,p_1.30.24_LL3f_mi,9
141,27,18,36,118,63,55,9,1,3,p_1.30.24_LL3f_mi,9
142,26,22,35,111,56,55,7,1,3,p_1.30.24_LL3f_mi,9
143,25,20,34,106,56,50,2,1,3,p_1.30.24_LL3f_mi,9
144,26,21,34,105,60,45,0,1,3,p_1.30.24_LL3f_mi,9
145,26,22,35,104,52,52,0,1,3,p_1.30.24_LL3f_mi,9
146,25,20,34,102,50,52,0,1,3,p_1.30.24_LL3f_mi,9
147,26,19,34,102,56,46,0,1,3,p_1.30.24_LL3f_mi,9
148,25,21,33,103,57,46,0,1,3,p_1.30.24_LL3f_mi,9
149,24,17,32,98,55,43,0,1,3,p_1.30.24_LL3f_mi,9
150,24,22,31,90,43,47,0,1,3,p_1.30.24_LL3f_mi,9
151,50,28,73,100,51,49,0,1,3,p_1.30.24_LL3f_mi,9
152,70,46,101,154,76,78,0,1,3,p_1.30.24_LL3f_mi,9
153,86,56,121,194,97,97,0,1,3,p_1.30.24_LL3f_mi,9
154,106,75,144,266,134,132,0,1,3,p_1.30.24_LL3f_mi,9
155,127,96,163,347,168,179,16,1,3,p_1.30.24_LL3f_mi,9
156,138,97,178,402,194,208,9,1,3,p_1.30.24_LL3f_mi,9
157,146,106,193,458,239,219,7,1,3,p_1.30.24_LL3f_mi,9
158,167,118,210,516,281,235,2,1,3,p_1.30.24_LL3f_mi,9
159,174,121,226,539,288,251,1,1,3,p_1.30.24_LL3f_mi,9
160,198,147,243,585,297,288,0,1,3,p_1.30.24_LL3f_mi,9
161,173,139,222,672,334,338,0,1,3,p_1.30.24_LL3f_mi,9
162,166,128,227,656,330,326,0,1,3,p_1.30.24_LL3f_mi,9
163,173,138,225,665,356,309,0,1,3,p_1.30.24_LL3f_mi,9
164,169,137,214,694,362,332,0,1,3,p_1.30.24_LL3f_mi,9
165,176,136,222,676,367,309,0,1,3,p_1.30.24_LL3f_mi,9
166,170,127,226,658,365,293,0,1,3,p_1.30.24_LL3f_mi,9
167,180,146,224,664,353,311,0,1,3,p_1.30.24_LL3f_mi,9
168,181,134,226,658,337,321,0,1,3,p_1.30.24_LL3f_mi,9
169,170,130,220,674,343,331,0,1,3,p_1.30.24_LL3f_mi,9
170,171,133,222,667,335,332,18,1,3,p_1.30.24_LL3f_mi,9
171,179,138,228,656,339,317,12,1,3,p_1.30.24_LL3f_mi,9
172,180,140,227,662,343,319,4,1,3,p_1.30.24_LL3f_mi,9
173,178,143,231,647,324,323,3,1,3,p_1.30.24_LL3f_mi,9
174,171,133,225,656,333,323,1,1,3,p_1.30.24_LL3f_mi,9
175,178,138,226,655,324,331,0,1,3,p_1.30.24_LL3f_mi,9
176,158,121,207,716,364,352,0,1,3,p_1.30.24_LL3f_mi,9
177,186,140,230,639,327,312,0,1,3,p_1.30.24_LL3f_mi,9
178,181,138,229,649,329,320,0,1,3,p_1.30.24_LL3f_mi,9
179,177,137,227,655,335,320,0,1,3,p_1.30.24_LL3f_mi,9
180,175,140,230,644,315,329,0,1,3,p_1.30.24_LL3f_mi,9
181,185,141,224,677,319,358,0,1,3,p_1.30.24_LL3f_mi,9
182,177,143,221,678,309,369,0,1,3,p_1.30.24_LL3f_mi,9
183,170,139,220,674,327,347,0,1,3,p_1.30.24_LL3f_mi,9
184,172,139,219,672,333,339,0,1,3,p_1.30.24_LL3f_mi,9
185,180,145,222,666,323,343,0,1,3,p_1.30.24_LL3f_mi,9
186,173,134,226,654,315,339,0,1,3,p_1.30.24_LL3f_mi,9
187,173,143,225,664,318,346,0,1,3,p_1.30.24_LL3f_mi,9
188,169,134,223,669,326,343,0,1,3,p_1.30.24_LL3f_mi,9
189,164,130,213,698,345,353,0,1,3,p_1.30.24_LL3f_mi,9
190,171,132,222,666,330,336,0,1,3,p_1.30.24_LL3f_mi,9
191,184,142,228,654,318,336,0,1,3,p_1.30.24_LL3f_mi,9
192,179,139,226,661,310,351,0,1,3,p_1.30.24_LL3f_mi,9
193,168,126,225,662,328,334,0,1,3,p_1.30.24_LL3f_mi,9
194,178,135,228,653,326,327,0,1,3,p_1.30.24_LL3f_mi,9
195,173,131,228,653,321,332,0,1,3,p_1.30.24_LL3f_mi,9
196,185,137,233,631,304,327,0,1,3,p_1.30.24_LL3f_mi,9
197,173,135,225,659,308,351,0,1,3,p_1.30.24_LL3f_mi,9
198,174,134,224,663,325,338,0,1,3,p_1.30.24_LL3f_mi,9
199,176,128,222,673,326,347,0,1,3,p_1.30.24_LL3f_mi,9
200,174,136,221,677,337,340,0,1,3,p_1.30.24_LL3f_mi,9
201,166,127,211,704,348,356,0,1,3,p_1.30.24_LL3f_mi,9
202,174,128,224,661,343,318,0,1,3,p_1.30.24_LL3f_mi,9
203,171,132,226,653,338,315,0,1,3,p_1.30.24_LL3f_mi,9
204,181,145,229,647,306,341,0,1,3,p_1.30.24_LL3f_mi,9
205,166,138,219,686,328,358,0,1,3,p_1.30.24_LL3f_mi,9
206,183,142,227,656,289,367,0,1,3,p_1.30.24_LL3f_mi,9
207,166,127,226,656,313,343,0,1,3,p_1.30.24_LL3f_mi,9
208,179,131,229,642,304,338,0,1,3,p_1.30.24_LL3f_mi,9
209,173,139,224,662,317,345,0,1,3,p_1.30.24_LL3f_mi,9
210,182,141,227,653,323,330,0,1,3,p_1.30.24_LL3f_mi,9
211,171,129,223,666,320,346,0,1,3,p_1.30.24_LL3f_mi,9
212,172,131,229,652,329,323,0,1,3,p_1.30.24_LL3f_mi,9
213,189,153,231,640,315,325,0,1,3,p_1.30.24_LL3f_mi,9
214,171,139,225,662,321,341,0,1,3,p_1.30.24_LL3f_mi,9
215,182,146,230,655,325,330,0,1,3,p_1.30.24_LL3f_mi,9
216,171,136,220,678,342,336,0,1,3,p_1.30.24_LL3f_mi,9
217,170,136,217,684,355,329,0,1,3,p_1.30.24_LL3f_mi,9
218,174,134,219,674,357,317,0,1,3,p_1.30.24_LL3f_mi,9
219,175,141,225,664,355,309,0,1,3,p_1.30.24_LL3f_mi,9
220,173,130,228,645,335,310,0,1,3,p_1.30.24_LL3f_mi,9
221,173,133,215,693,357,336,0,1,3,p_1.30.24_LL3f_mi,9
222,180,136,229,640,323,317,0,1,3,p_1.30.24_LL3f_mi,9
223,177,129,228,651,340,311,0,1,3,p_1.30.24_LL3f_mi,9
224,175,132,225,662,335,327,0,1,3,p_1.30.24_LL3f_mi,9
225,172,133,221,669,332,337,0,1,3,p_1.30.24_LL3f_mi,9
226,162,131,205,712,346,366,0,1,3,p_1.30.24_LL3f_mi,9
227,178,137,222,676,335,341,0,1,3,p_1.30.24_LL3f_mi,9
228,180,141,230,647,315,332,0,1,3,p_1.30.24_LL3f_mi,9
229,172,131,221,668,322,346,0,1,3,p_1.30.24_LL3f_mi,9
230,180,141,229,650,299,351,0,1,3,p_1.30.24_LL3f_mi,9
231,172,129,223,674,325,349,0,1,3,p_1.30.24_LL3f_mi,9
232,179,137,226,652,306,346,0,1,3,p_1.30.24_LL3f_mi,9
233,176,129,226,667,330,337,0,1,3,p_1.30.24_LL3f_mi,9
234,173,144,225,659,310,349,0,1,3,p_1.30.24_LL3f_mi,9
235,179,138,229,650,319,331,0,1,3,p_1.30.24_LL3f_mi,9
236,174,131,219,681,329,352,0,1,3,p_1.30.24_LL3f_mi,9
237,171,135,220,675,320,355,0,1,3,p_1.30.24_LL3f_mi,9
238,180,141,230,648,312,336,0,1,3,p_1.30.24_LL3f_mi,9
239,176,135,223,665,321,344,0,1,3,p_1.30.24_LL3f_mi,9
240,175,134,225,661,305,356,0,1,3,p_1.30.24_LL3f_mi,9
241,177,133,227,648,312,336,0,1,3,p_1.30.24_LL3f_mi,9
242,171,139,219,675,342,333,0,1,3,p_1.30.24_LL3f_mi,9
243,180,130,229,651,333,318,0,1,3,p_1.30.24_LL3f_mi,9
244,177,128,221,676,355,321,0,1,3,p_1.30.24_LL3f_mi,9
245,170,129,214,685,365,320,0,1,3,p_1.30.24_LL3f_mi,9
246,176,125,224,663,355,308,0,1,3,p_1.30.24_LL3f_mi,9
247,167,126,218,680,354,326,0,1,3,p_1.30.24_LL3f_mi,9
248,184,140,229,649,341,308,0,1,3,p_1.30.24_LL3f_mi,9
249,175,139,225,666,319,347,0,1,3,p_1.30.24_LL3f_mi,9
250,170,132,228,648,314,334,0,1,3,p_1.30.24_LL3f_mi,9
251,168,127,210,699,340,359,0,1,3,p_1.30.24_LL3f_mi,9
252,178,136,228,653,330,323,0,1,3,p_1.30.24_LL3f_mi,9
253,170,137,224,664,340,324,0,1,3,p_1.30.24_LL3f_mi,9
254,162,123,219,681,346,335,0,1,3,p_1.30.24_LL3f_mi,9
255,167,137,223,665,329,336,0,1,3,p_1.30.24_LL3f_mi,9
256,173,138,220,670,326,344,0,1,3,p_1.30.24_LL3f_mi,9
257,168,131,220,676,330,346,0,1,3,p_1.30.24_LL3f_mi,9
258,168,134,225,663,321,342,0,1,3,p_1.30.24_LL3f_mi,9
259,171,131,228,656,329,327,0,1,3,p_1.30.24_LL3f_mi,9
260,179,135,227,657,334,323,0,1,3,p_1.30.24_LL3f_mi,9
261,182,137,229,650,336,314,0,1,3,p_1.30.24_LL3f_mi,9
262,175,130,227,661,339,322,0,1,3,p_1.30.24_LL3f_mi,9
263,176,140,226,656,345,311,0,1,3,p_1.30.24_LL3f_mi,9
264,177,142,222,674,337,337,0,1,3,p_1.30.24_LL3f_mi,9
265,172,137,221,673,325,348,0,1,3,p_1.30.24_LL3f_mi,9
266,167,133,213,695,339,356,0,1,3,p_1.30.24_LL3f_mi,9
267,172,134,217,680,334,346,0,1,3,p_1.30.24_LL3f_mi,9
268,179,138,229,650,320,330,0,1,3,p_1.30.24_LL3f_mi,9
269,175,129,229,650,328,322,0,1,3,p_1.30.24_LL3f_mi,9
270,175,132,231,640,327,313,0,1,3,p_1.30.24_LL3f_mi,9
271,178,134,220,677,340,337,0,1,3,p_1.30.24_LL3f_mi,9
272,188,148,236,629,304,325,0,1,3,p_1.30.24_LL3f_mi,9
273,174,142,221,673,323,350,0,1,3,p_1.30.24_LL3f_mi,9
274,163,138,216,690,328,362,0,1,3,p_1.30.24_LL3f_mi,9
275,171,138,220,679,335,344,0,1,3,p_1.30.24_LL3f_mi,9
276,157,125,205,722,347,375,0,1,3,p_1.30.24_LL3f_mi,9
277,176,134,230,653,323,330,0,1,3,p_1.30.24_LL3f_mi,9
278,178,135,226,657,314,343,0,1,3,p_1.30.24_LL3f_mi,9
279,170,136,222,678,341,337,0,1,3,p_1.30.24_LL3f_mi,9
280,170,138,223,666,343,323,0,1,3,p_1.30.24_LL3f_mi,9
281,169,122,222,668,346,322,0,1,3,p_1.30.24_LL3f_mi,9
282,168,130,222,665,343,322,0,1,3,p_1.30.24_LL3f_mi,9
283,176,139,223,666,329,337,0,1,3,p_1.30.24_LL3f_mi,9
284,170,136,224,664,344,320,0,1,3,p_1.30.24_LL3f_mi,9
285,174,128,226,654,337,317,0,1,3,p_1.30.24_LL3f_mi,9
286,172,136,224,659,345,314,0,1,3,p_1.30.24_LL3f_mi,9
287,172,129,224,664,342,322,0,1,3,p_1.30.24_LL3f_mi,9
288,173,139,222,664,319,345,0,1,3,p_1.30.24_LL3f_mi,9
289,176,135,223,672,352,320,0,1,3,p_1.30.24_LL3f_mi,9
290,171,130,229,651,332,319,0,1,3,p_1.30.24_LL3f_mi,9
291,175,130,225,659,326,333,0,1,3,p_1.30.24_LL3f_mi,9
292,171,136,219,676,322,354,0,1,3,p_1.30.24_LL3f_mi,9
293,179,141,225,662,332,330,0,1,3,p_1.30.24_LL3f_mi,9
294,172,133,229,643,326,317,0,1,3,p_1.30.24_LL3f_mi,9
295,176,123,232,643,322,321,0,1,3,p_1.30.24_LL3f_mi,9
296,182,138,226,658,330,328,0,1,3,p_1.30.24_LL3f_mi,9
297,172,133,230,651,336,315,0,1,3,p_1.30.24_LL3f_mi,9
298,173,134,222,667,331,336,0,1,3,p_1.30.24_LL3f_mi,9
299,173,134,222,664,326,338,0,1,3,p_1.30.24_LL3f_mi,9
300,174,131,230,646,323,323,0,1,3,p_1.30.24_LL3f_mi,9
301,156,120,206,719,363,356,0,1,3,p_1.30.24_LL3f_mi,9
302,184,144,230,643,312,331,0,1,3,p_1.30.24_LL3f_mi,9
303,176,148,226,657,309,348,0,1,3,p_1.30.24_LL3f_mi,9
304,180,150,228,656,290,366,0,1,3,p_1.30.24_LL3f_mi,9
305,181,149,227,655,314,341,0,1,3,p_1.30.24_LL3f_mi,9
306,187,137,233,638,316,322,0,1,3,p_1.30.24_LL3f_mi,9
307,169,125,222,670,339,331,0,1,3,p_1.30.24_LL3f_mi,9
308,167,133,215,685,347,338,0,1,3,p_1.30.24_LL3f_mi,9
309,170,135,223,666,347,319,0,1,3,p_1.30.24_LL3f_mi,9
310,174,139,222,670,341,329,0,1,3,p_1.30.24_LL3f_mi,9
311,174,123,227,651,347,304,0,1,3,p_1.30.24_LL3f_mi,9
312,176,134,224,660,348,312,0,1,3,p_1.30.24_LL3f_mi,9
313,165,136,216,689,337,352,0,1,3,p_1.30.24_LL3f_mi,9
314,168,129,213,700,339,361,0,1,3,p_1.30.24_LL3f_mi,9
315,182,134,228,654,308,346,0,1,3,p_1.30.24_LL3f_mi,9
316,186,144,227,662,320,342,0,1,3,p_1.30.24_LL3f_mi,9
317,172,135,223,661,307,354,0,1,3,p_1.30.24_LL3f_mi,9
318,171,136,226,659,324,335,0,1,3,p_1.30.24_LL3f_mi,9
319,178,142,222,665,342,323,0,1,3,p_1.30.24_LL3f_mi,9
320,174,132,228,659,335,324,0,1,3,p_1.30.24_LL3f_mi,9
321,176,132,229,650,343,307,0,1,3,p_1.30.24_LL3f_mi,9
322,176,134,227,656,324,332,0,1,3,p_1.30.24_LL3f_mi,9
323,176,134,222,668,332,336,0,1,3,p_1.30.24_LL3f_mi,9
324,169,134,221,675,324,351,0,1,3,p_1.30.24_LL3f_mi,9
325,176,147,221,677,329,348,0,1,3,p_1.30.24_LL3f_mi,9
326,162,128,202,718,345,373,0,1,3,p_1.30.24_LL3f_mi,9
327,179,142,229,643,318,325,0,1,3,p_1.30.24_LL3f_mi,9
328,175,142,221,675,337,338,0,1,3,p_1.30.24_LL3f_mi,9
329,174,132,222,672,323,349,0,1,3,p_1.30.24_LL3f_mi,9
330,171,144,217,691,337,354,0,1,3,p_1.30.24_LL3f_mi,9
331,166,139,216,682,352,330,0,1,3,p_1.30.24_LL3f_mi,9
332,174,131,225,664,321,343,0,1,3,p_1.30.24_LL3f_mi,9
333,174,145,218,681,335,346,0,1,3,p_1.30.24_LL3f_mi,9
334,172,143,219,679,333,346,0,1,3,p_1.30.24_LL3f_mi,9
335,173,142,213,695,336,359,0,1,3,p_1.30.24_LL3f_mi,9
336,171,129,224,664,325,339,0,1,3,p_1.30.24_LL3f_mi,9
337,184,139,232,643,318,325,0,1,3,p_1.30.24_LL3f_mi,9
338,172,135,222,667,317,350,0,1,3,p_1.30.24_LL3f_mi,9
339,174,137,223,668,318,350,0,1,3,p_1.30.24_LL3f_mi,9
340,172,137,217,677,335,342,0,1,3,p_1.30.24_LL3f_mi,9
341,169,138,216,687,340,347,0,1,3,p_1.30.24_LL3f_mi,9
342,175,130,230,645,332,313,0,1,3,p_1.30.24_LL3f_mi,9
343,181,147,226,659,321,338,0,1,3,p_1.30.24_LL3f_mi,9
344,183,146,228,652,314,338,0,1,3,p_1.30.24_LL3f_mi,9
345,178,134,228,647,331,316,0,1,3,p_1.30.24_LL3f_mi,9
346,182,136,237,624,311,313,0,1,3,p_1.30.24_LL3f_mi,9
347,181,141,223,670,326,344,0,1,3,p_1.30.24_LL3f_mi,9
348,179,146,220,677,341,336,0,1,3,p_1.30.24_LL3f_mi,9
349,186,139,229,650,318,332,0,1,3,p_1.30.24_LL3f_mi,9
350,182,137,228,647,322,325,0,1,3,p_1.30.24_LL3f_mi,9
1,8,8,9,653,331,322,0,1,4,p_1.30.24_LL3f_mi,9
2,108,90,137,837,414,423,0,1,4,p_1.30.24_LL3f_mi,9
3,129,110,172,781,395,386,0,1,4,p_1.30.24_LL3f_mi,9
4,174,143,211,705,354,351,0,1,4,p_1.30.24_LL3f_mi,9
5,172,132,226,655,325,330,0,1,4,p_1.30.24_LL3f_mi,9
6,177,140,228,655,308,347,0,1,4,p_1.30.24_LL3f_mi,9
7,174,137,228,646,322,324,0,1,4,p_1.30.24_LL3f_mi,9
8,173,132,230,645,320,325,0,1,4,p_1.30.24_LL3f_mi,9
9,174,144,225,668,326,342,0,1,4,p_1.30.24_LL3f_mi,9
10,177,140,223,671,322,349,0,1,4,p_1.30.24_LL3f_mi,9
11,185,139,229,648,303,345,0,1,4,p_1.30.24_LL3f_mi,9
12,176,135,233,638,297,341,0,1,4,p_1.30.24_LL3f_mi,9
13,176,134,221,678,312,366,0,1,4,p_1.30.24_LL3f_mi,9
14,173,130,226,655,325,330,0,1,4,p_1.30.24_LL3f_mi,9
15,174,143,220,677,344,333,0,1,4,p_1.30.24_LL3f_mi,9
16,166,131,221,672,371,301,0,1,4,p_1.30.24_LL3f_mi,9
17,183,141,234,632,339,293,0,1,4,p_1.30.24_LL3f_mi,9
18,180,133,226,652,362,290,0,1,4,p_1.30.24_LL3f_mi,9
19,169,137,218,676,356,320,0,1,4,p_1.30.24_LL3f_mi,9
20,175,128,224,666,334,332,0,1,4,p_1.30.24_LL3f_mi,9
21,173,140,222,671,326,345,0,1,4,p_1.30.24_LL3f_mi,9
22,175,135,226,662,326,336,0,1,4,p_1.30.24_LL3f_mi,9
23,169,136,225,666,320,346,0,1,4,p_1.30.24_LL3f_mi,9
24,182,142,233,641,302,339,0,1,4,p_1.30.24_LL3f_mi,9
25,175,142,224,663,310,353,0,1,4,p_1.30.24_LL3f_mi,9
26,162,123,211,701,337,364,0,1,4,p_1.30.24_LL3f_mi,9
27,178,136,228,655,341,314,0,1,4,p_1.30.24_LL3f_mi,9
28,177,141,228,658,327,331,0,1,4,p_1.30.24_LL3f_mi,9
29,171,129,222,674,343,331,0,1,4,p_1.30.24_LL3f_mi,9
30,176,132,227,652,336,316,0,1,4,p_1.30.24_LL3f_mi,9
31,171,139,224,660,330,330,0,1,4,p_1.30.24_LL3f_mi,9
32,173,132,218,683,343,340,0,1,4,p_1.30.24_LL3f_mi,9
33,175,132,225,660,343,317,0,1,4,p_1.30.24_LL3f_mi,9
34,173,138,225,660,346,314,0,1,4,p_1.30.24_LL3f_mi,9
35,178,145,221,671,343,328,0,1,4,p_1.30.24_LL3f_mi,9
36,178,129,222,667,325,342,0,1,4,p_1.30.24_LL3f_mi,9
37,181,139,231,647,317,330,0,1,4,p_1.30.24_LL3f_mi,9
38,179,137,225,656,333,323,0,1,4,p_1.30.24_LL3f_mi,9
39,172,140,227,666,341,325,0,1,4,p_1.30.24_LL3f_mi,9
40,181,139,228,656,339,317,0,1,4,p_1.30.24_LL3f_mi,9
41,180,140,227,651,333,318,0,1,4,p_1.30.24_LL3f_mi,9
42,178,136,226,650,306,344,0,1,4,p_1.30.24_LL3f_mi,9
43,173,145,224,662,309,353,0,1,4,p_1.30.24_LL3f_mi,9
44,175,139,220,680,339,341,0,1,4,p_1.30.24_LL3f_mi,9
45,178,143,229,648,319,329,0,1,4,p_1.30.24_LL3f_mi,9
46,179,146,219,675,333,342,0,1,4,p_1.30.24_LL3f_mi,9
47,174,133,220,674,340,334,0,1,4,p_1.30.24_LL3f_mi,9
48,177,134,229,651,311,340,0,1,4,p_1.30.24_LL3f_mi,9
49,174,135,230,648,317,331,0,1,4,p_1.30.24_LL3f_mi,9
50,178,132,229,652,315,337,0,1,4,p_1.30.24_LL3f_mi,9
51,162,139,202,723,351,372,0,1,4,p_1.30.24_LL3f_mi,9
52,163,132,214,686,346,340,0,1,4,p_1.30.24_LL3f_mi,9
53,165,127,220,671,332,339,0,1,4,p_1.30.24_LL3f_mi,9
54,177,139,231,644,319,325,0,1,4,p_1.30.24_LL3f_mi,9
55,177,136,223,670,335,335,0,1,4,p_1.30.24_LL3f_mi,9
56,173,130,223,660,323,337,0,1,4,p_1.30.24_LL3f_mi,9
57,176,140,226,657,336,321,0,1,4,p_1.30.24_LL3f_mi,9
58,161,132,213,693,348,345,0,1,4,p_1.30.24_LL3f_mi,9
59,180,136,223,665,342,323,0,1,4,p_1.30.24_LL3f_mi,9
60,179,139,231,645,332,313,0,1,4,p_1.30.24_LL3f_mi,9
61,176,136,228,649,321,328,0,1,4,p_1.30.24_LL3f_mi,9
62,177,133,224,665,314,351,0,1,4,p_1.30.24_LL3f_mi,9
63,179,145,223,667,322,345,0,1,4,p_1.30.24_LL3f_mi,9
64,162,129,217,681,337,344,0,1,4,p_1.30.24_LL3f_mi,9
65,180,138,228,646,343,303,0,1,4,p_1.30.24_LL3f_mi,9
66,172,132,224,662,352,310,0,1,4,p_1.30.24_LL3f_mi,9
67,167,132,217,687,371,316,0,1,4,p_1.30.24_LL3f_mi,9
68,171,124,225,659,341,318,0,1,4,p_1.30.24_LL3f_mi,9
69,177,134,234,632,313,319,0,1,4,p_1.30.24_LL3f_mi,9
70,175,135,227,659,314,345,0,1,4,p_1.30.24_LL3f_mi,9
71,170,143,223,666,311,355,0,1,4,p_1.30.24_LL3f_mi,9
72,174,141,219,679,313,366,0,1,4,p_1.30.24_LL3f_mi,9
73,178,136,221,667,321,346,0,1,4,p_1.30.24_LL3f_mi,9
74,176,140,224,666,325,341,0,1,4,p_1.30.24_LL3f_mi,9
75,177,137,217,687,330,357,0,1,4,p_1.30.24_LL3f_mi,9
76,155,118,198,731,366,365,0,1,4,p_1.30.24_LL3f_mi,9
77,171,134,228,651,307,344,0,1,4,p_1.30.24_LL3f_mi,9
78,180,132,232,645,304,341,0,1,4,p_1.30.24_LL3f_mi,9
79,169,135,226,654,296,358,0,1,4,p_1.30.24_LL3f_mi,9
80,166,127,217,680,318,362,0,1,4,p_1.30.24_LL3f_mi,9
81,175,136,224,665,325,340,0,1,4,p_1.30.24_LL3f_mi,9
82,181,141,230,645,314,331,0,1,4,p_1.30.24_LL3f_mi,9
83,178,143,223,666,325,341,0,1,4,p_1.30.24_LL3f_mi,9
84,172,134,226,655,314,341,0,1,4,p_1.30.24_LL3f_mi,9
85,164,135,215,693,350,343,0,1,4,p_1.30.24_LL3f_mi,9
86,178,138,221,673,344,329,0,1,4,p_1.30.24_LL3f_mi,9
87,170,130,217,682,365,317,0,1,4,p_1.30.24_LL3f_mi,9
88,177,128,231,637,347,290,0,1,4,p_1.30.24_LL3f_mi,9
89,182,136,232,634,334,300,0,1,4,p_1.30.24_LL3f_mi,9
90,182,141,228,656,340,316,0,1,4,p_1.30.24_LL3f_mi,9
91,176,139,222,668,323,345,0,1,4,p_1.30.24_LL3f_mi,9
92,173,136,222,672,322,350,0,1,4,p_1.30.24_LL3f_mi,9
93,163,134,219,679,313,366,0,1,4,p_1.30.24_LL3f_mi,9
94,173,137,219,676,328,348,0,1,4,p_1.30.24_LL3f_mi,9
95,177,140,233,634,308,326,0,1,4,p_1.30.24_LL3f_mi,9
96,181,138,232,648,318,330,0,1,4,p_1.30.24_LL3f_mi,9
97,179,139,227,655,323,332,0,1,4,p_1.30.24_LL3f_mi,9
98,171,129,228,649,324,325,0,1,4,p_1.30.24_LL3f_mi,9
99,179,131,229,653,329,324,0,1,4,p_1.30.24_LL3f_mi,9
100,144,119,186,678,354,324,0,1,4,p_1.30.24_LL3f_mi,9
101,106,94,135,701,348,353,0,1,4,p_1.30.24_LL3f_mi,9
102,123,102,151,588,287,301,0,1,4,p_1.30.24_LL3f_mi,9
103,117,102,143,527,253,274,0,1,4,p_1.30.24_LL3f_mi,9
104,105,88,134,461,228,233,0,1,4,p_1.30.24_LL3f_mi,9
105,76,65,96,460,227,233,0,1,4,p_1.30.24_LL3f_mi,9
106,70,58,91,393,199,194,0,1,4,p_1.30.24_LL3f_mi,9
107,57,51,73,350,172,178,0,1,4,p_1.30.24_LL3f_mi,9
108,50,44,60,294,143,151,0,1,4,p_1.30.24_LL3f_mi,9
109,41,37,55,233,117,116,0,1,4,p_1.30.24_LL3f_mi,9
110,26,24,32,203,101,102,0,1,4,p_1.30.24_LL3f_mi,9
111,32,29,37,168,89,79,0,1,4,p_1.30.24_LL3f_mi,9
112,27,20,37,151,83,68,0,1,4,p_1.30.24_LL3f_mi,9
113,27,24,37,132,68,64,0,1,4,p_1.30.24_LL3f_mi,9
114,28,24,35,126,58,68,0,1,4,p_1.30.24_LL3f_mi,9
115,31,25,36,116,56,60,0,1,4,p_1.30.24_LL3f_mi,9
116,30,23,36,118,58,60,0,1,4,p_1.30.24_LL3f_mi,9
117,29,22,35,114,55,59,0,1,4,p_1.30.24_LL3f_mi,9
118,25,20,32,101,53,48,0,1,4,p_1.30.24_LL3f_mi,9
119,29,21,35,105,58,47,0,1,4,p_1.30.24_LL3f_mi,9
120,27,24,34,115,57,58,0,1,4,p_1.30.24_LL3f_mi,9
121,29,24,37,112,55,57,0,1,4,p_1.30.24_LL3f_mi,9
122,30,24,35,105,55,50,0,1,4,p_1.30.24_LL3f_mi,9
123,23,19,32,100,53,47,0,1,4,p_1.30.24_LL3f_mi,9
124,25,24,33,94,41,53,0,1,4,p_1.30.24_LL3f_mi,9
125,24,22,37,121,60,61,17,1,4,p_1.30.24_LL3f_mi,9
126,25,19,35,120,62,58,9,1,4,p_1.30.24_LL3f_mi,9
127,26,19,36,116,62,54,4,1,4,p_1.30.24_LL3f_mi,9
128,25,21,35,120,62,58,2,1,4,p_1.30.24_LL3f_mi,9
129,27,19,35,114,62,52,1,1,4,p_1.30.24_LL3f_mi,9
130,28,21,35,115,64,51,0,1,4,p_1.30.24_LL3f_mi,9
131,25,16,32,102,49,53,0,1,4,p_1.30.24_LL3f_mi,9
132,25,22,31,88,41,47,0,1,4,p_1.30.24_LL3f_mi,9
133,24,19,32,95,47,48,0,1,4,p_1.30.24_LL3f_mi,9
134,26,22,33,99,42,57,0,1,4,p_1.30.24_LL3f_mi,9
135,25,20,33,103,50,53,0,1,4,p_1.30.24_LL3f_mi,9
136,27,21,33,97,40,57,0,1,4,p_1.30.24_LL3f_mi,9
137,28,21,32,100,45,55,0,1,4,p_1.30.24_LL3f_mi,9
138,26,21,35,104,53,51,0,1,4,p_1.30.24_LL3f_mi,9
139,30,23,36,113,63,50,0,1,4,p_1.30.24_LL3f_mi,9
140,23,18,37,124,74,50,19,1,4,p_1.30.24_LL3f_mi,9
141,28,21,37,124,69,55,10,1,4,p_1.30.24_LL3f_mi,9
142,27,17,34,121,61,60,4,1,4,p_1.30.24_LL3f_mi,9
143,27,20,34,116,64,52,3,1,4,p_1.30.24_LL3f_mi,9
144,29,24,36,111,61,50,1,1,4,p_1.30.24_LL3f_mi,9
145,25,18,34,108,59,49,0,1,4,p_1.30.24_LL3f_mi,9
146,29,22,36,117,66,51,0,1,4,p_1.30.24_LL3f_mi,9
147,26,20,35,113,60,53,0,1,4,p_1.30.24_LL3f_mi,9
148,25,21,34,101,54,47,0,1,4,p_1.30.24_LL3f_mi,9
149,27,19,34,103,56,47,0,1,4,p_1.30.24_LL3f_mi,9
150,25,19,33,101,46,55,0,1,4,p_1.30.24_LL3f_mi,9
151,50,33,71,111,51,60,0,1,4,p_1.30.24_LL3f_mi,9
152,64,43,97,146,68,78,0,1,4,p_1.30.24_LL3f_mi,9
153,87,56,121,196,99,97,0,1,4,p_1.30.24_LL3f_mi,9
154,114,79,144,264,137,127,0,1,4,p_1.30.24_LL3f_mi,9
155,122,94,160,361,180,181,20,1,4,p_1.30.24_LL3f_mi,9
156,137,105,176,422,212,210,9,1,4,p_1.30.24_LL3f_mi,9
157,151,103,193,451,225,226,5,1,4,p_1.30.24_LL3f_mi,9
158,164,118,211,498,256,242,3,1,4,p_1.30.24_LL3f_mi,9
159,176,131,219,572,281,291,1,1,4,p_1.30.24_LL3f_mi,9
160,192,142,244,590,283,307,0,1,4,p_1.30.24_LL3f_mi,9
161,184,152,234,627,310,317,0,1,4,p_1.30.24_LL3f_mi,9
162,180,135,233,635,312,323,0,1,4,p_1.30.24_LL3f_mi,9
163,170,142,220,674,327,347,0,1,4,p_1.30.24_LL3f_mi,9
164,175,135,226,657,313,344,0,1,4,p_1.30.24_LL3f_mi,9
165,167,136,227,659,304,355,0,1,4,p_1.30.24_LL3f_mi,9
166,181,142,226,663,315,348,0,1,4,p_1.30.24_LL3f_mi,9
167,168,138,225,661,334,327,0,1,4,p_1.30.24_LL3f_mi,9
168,178,140,226,659,342,317,0,1,4,p_1.30.24_LL3f_mi,9
169,172,140,224,666,335,331,0,1,4,p_1.30.24_LL3f_mi,9
170,160,129,213,685,335,350,18,1,4,p_1.30.24_LL3f_mi,9
171,172,135,223,668,326,342,6,1,4,p_1.30.24_LL3f_mi,9
172,180,132,228,658,319,339,4,1,4,p_1.30.24_LL3f_mi,9
173,175,130,228,648,323,325,3,1,4,p_1.30.24_LL3f_mi,9
174,161,122,221,673,340,333,1,1,4,p_1.30.24_LL3f_mi,9
175,176,135,225,665,335,330,0,1,4,p_1.30.24_LL3f_mi,9
176,167,131,212,699,353,346,0,1,4,p_1.30.24_LL3f_mi,9
177,170,139,218,682,351,331,0,1,4,p_1.30.24_LL3f_mi,9
178,181,139,231,643,326,317,0,1,4,p_1.30.24_LL3f_mi,9
179,179,140,223,663,320,343,0,1,4,p_1.30.24_LL3f_mi,9
180,172,133,220,677,330,347,0,1,4,p_1.30.24_LL3f_mi,9
181,179,144,225,661,319,342,0,1,4,p_1.30.24_LL3f_mi,9
182,177,141,223,663,324,339,0,1,4,p_1.30.24_LL3f_mi,9
183,186,141,227,653,329,324,0,1,4,p_1.30.24_LL3f_mi,9
184,181,144,224,653,323,330,0,1,4,p_1.30.24_LL3f_mi,9
185,169,139,217,680,325,355,0,1,4,p_1.30.24_LL3f_mi,9
186,172,139,223,666,303,363,0,1,4,p_1.30.24_LL3f_mi,9
187,183,144,231,643,293,350,0,1,4,p_1.30.24_LL3f_mi,9
188,174,137,229,645,311,334,0,1,4,p_1.30.24_LL3f_mi,9
189,167,139,217,679,333,346,0,1,4,p_1.30.24_LL3f_mi,9
190,167,130,222,664,323,341,0,1,4,p_1.30.24_LL3f_mi,9
191,157,128,213,693,324,369,0,1,4,p_1.30.24_LL3f_mi,9
192,171,128,222,671,324,347,0,1,4,p_1.30.24_LL3f_mi,9
193,177,136,224,667,315,352,0,1,4,p_1.30.24_LL3f_mi,9
194,170,135,216,689,330,359,0,1,4,p_1.30.24_LL3f_mi,9
195,169,137,218,682,312,370,0,1,4,p_1.30.24_LL3f_mi,9
196,175,149,222,675,308,367,0,1,4,p_1.30.24_LL3f_mi,9
197,167,142,226,655,288,367,0,1,4,p_1.30.24_LL3f_mi,9
198,177,147,222,675,319,356,0,1,4,p_1.30.24_LL3f_mi,9
199,172,143,217,680,319,361,0,1,4,p_1.30.24_LL3f_mi,9
200,175,144,225,658,314,344,0,1,4,p_1.30.24_LL3f_mi,9
201,164,140,208,708,336,372,0,1,4,p_1.30.24_LL3f_mi,9
202,178,133,227,654,317,337,0,1,4,p_1.30.24_LL3f_mi,9
203,181,142,227,655,319,336,0,1,4,p_1.30.24_LL3f_mi,9
204,175,137,225,659,317,342,0,1,4,p_1.30.24_LL3f_mi,9
205,177,135,226,664,329,335,0,1,4,p_1.30.24_LL3f_mi,9
206,180,143,228,651,307,344,0,1,4,p_1.30.24_LL3f_mi,9
207,170,134,220,672,320,352,0,1,4,p_1.30.24_LL3f_mi,9
208,178,132,228,649,321,328,0,1,4,p_1.30.24_LL3f_mi,9
209,166,129,214,695,355,340,0,1,4,p_1.30.24_LL3f_mi,9
210,172,136,223,663,339,324,0,1,4,p_1.30.24_LL3f_mi,9
211,173,130,227,654,331,323,0,1,4,p_1.30.24_LL3f_mi,9
212,174,142,222,671,338,333,0,1,4,p_1.30.24_LL3f_mi,9
213,172,131,224,670,321,349,0,1,4,p_1.30.24_LL3f_mi,9
214,182,140,232,635,299,336,0,1,4,p_1.30.24_LL3f_mi,9
215,176,142,230,650,307,343,0,1,4,p_1.30.24_LL3f_mi,9
216,177,134,231,641,313,328,0,1,4,p_1.30.24_LL3f_mi,9
217,171,128,225,661,321,340,0,1,4,p_1.30.24_LL3f_mi,9
218,165,126,221,670,335,335,0,1,4,p_1.30.24_LL3f_mi,9
219,167,128,215,693,344,349,0,1,4,p_1.30.24_LL3f_mi,9
220,169,134,220,674,330,344,0,1,4,p_1.30.24_LL3f_mi,9
221,171,137,221,673,325,348,0,1,4,p_1.30.24_LL3f_mi,9
222,173,132,226,659,309,350,0,1,4,p_1.30.24_LL3f_mi,9
223,166,130,217,680,342,338,0,1,4,p_1.30.24_LL3f_mi,9
224,179,134,232,635,314,321,0,1,4,p_1.30.24_LL3f_mi,9
225,179,134,220,676,327,349,0,1,4,p_1.30.24_LL3f_mi,9
226,163,126,203,722,367,355,0,1,4,p_1.30.24_LL3f_mi,9
227,175,134,225,664,333,331,0,1,4,p_1.30.24_LL3f_mi,9
228,187,148,231,646,312,334,0,1,4,p_1.30.24_LL3f_mi,9
229,170,129,222,668,322,346,0,1,4,p_1.30.24_LL3f_mi,9
230,175,132,224,659,332,327,0,1,4,p_1.30.24_LL3f_mi,9
231,174,137,228,652,314,338,0,1,4,p_1.30.24_LL3f_mi,9
232,175,140,224,662,318,344,0,1,4,p_1.30.24_LL3f_mi,9
233,183,143,229,646,320,326,0,1,4,p_1.30.24_LL3f_mi,9
234,184,139,225,665,340,325,0,1,4,p_1.30.24_LL3f_mi,9
235,165,123,215,691,349,342,0,1,4,p_1.30.24_LL3f_mi,9
236,174,135,223,673,337,336,0,1,4,p_1.30.24_LL3f_mi,9
237,176,137,229,645,313,332,0,1,4,p_1.30.24_LL3f_mi,9
238,176,140,222,675,329,346,0,1,4,p_1.30.24_LL3f_mi,9
239,173,135,219,677,321,356,0,1,4,p_1.30.24_LL3f_mi,9
240,174,147,226,657,310,347,0,1,4,p_1.30.24_LL3f_mi,9
241,182,142,232,644,307,337,0,1,4,p_1.30.24_LL3f_mi,9
242,169,131,222,662,316,346,0,1,4,p_1.30.24_LL3f_mi,9
243,173,138,229,649,316,333,0,1,4,p_1.30.24_LL3f_mi,9
244,180,136,229,654,340,314,0,1,4,p_1.30.24_LL3f_mi,9
245,172,130,221,670,336,334,0,1,4,p_1.30.24_LL3f_mi,9
246,165,128,220,677,345,332,0,1,4,p_1.30.24_LL3f_mi,9
247,176,134,223,668,326,342,0,1,4,p_1.30.24_LL3f_mi,9
248,179,145,223,666,321,345,0,1,4,p_1.30.24_LL3f_mi,9
249,179,136,228,652,332,320,0,1,4,p_1.30.24_LL3f_mi,9
250,174,138,223,661,335,326,0,1,4,p_1.30.24_LL3f_mi,9
251,150,120,196,732,387,345,0,1,4,p_1.30.24_LL3f_mi,9
252,175,129,223,663,344,319,0,1,4,p_1.30.24_LL3f_mi,9
253,188,144,240,611,310,301,0,1,4,p_1.30.24_LL3f_mi,9
254,181,138,233,632,311,321,0,1,4,p_1.30.24_LL3f_mi,9
255,171,137,222,670,336,334,0,1,4,p_1.30.24_LL3f_mi,9
256,168,129,213,694,340,354,0,1,4,p_1.30.24_LL3f_mi,9
257,175,140,220,670,331,339,0,1,4,p_1.30.24_LL3f_mi,9
258,168,136,220,671,336,335,0,1,4,p_1.30.24_LL3f_mi,9
259,169,139,212,702,329,373,0,1,4,p_1.30.24_LL3f_mi,9
260,173,132,227,655,311,344,0,1,4,p_1.30.24_LL3f_mi,9
261,183,137,227,661,327,334,0,1,4,p_1.30.24_LL3f_mi,9
262,169,131,222,675,349,326,0,1,4,p_1.30.24_LL3f_mi,9
263,178,139,228,651,333,318,0,1,4,p_1.30.24_LL3f_mi,9
264,174,137,221,679,350,329,0,1,4,p_1.30.24_LL3f_mi,9
265,169,138,222,676,333,343,0,1,4,p_1.30.24_LL3f_mi,9
266,178,141,221,670,317,353,0,1,4,p_1.30.24_LL3f_mi,9
267,163,136,216,683,320,363,0,1,4,p_1.30.24_LL3f_mi,9
268,169,140,221,672,305,367,0,1,4,p_1.30.24_LL3f_mi,9
269,179,139,227,661,321,340,0,1,4,p_1.30.24_LL3f_mi,9
270,173,132,227,655,331,324,0,1,4,p_1.30.24_LL3f_mi,9
271,178,130,226,653,333,320,0,1,4,p_1.30.24_LL3f_mi,9
272,184,139,231,637,318,319,0,1,4,p_1.30.24_LL3f_mi,9
273,176,136,228,646,322,324,0,1,4,p_1.30.24_LL3f_mi,9
274,172,132,222,671,318,353,0,1,4,p_1.30.24_LL3f_mi,9
275,175,141,225,659,338,321,0,1,4,p_1.30.24_LL3f_mi,9
276,156,128,206,709,364,345,0,1,4,p_1.30.24_LL3f_mi,9
277,174,135,226,657,321,336,0,1,4,p_1.30.24_LL3f_mi,9
278,179,146,225,659,324,335,0,1,4,p_1.30.24_LL3f_mi,9
279,177,146,221,669,309,360,0,1,4,p_1.30.24_LL3f_mi,9
280,174,139,220,678,308,370,0,1,4,p_1.30.24_LL3f_mi,9
281,173,138,223,666,300,366,0,1,4,p_1.30.24_LL3f_mi,9
282,176,132,227,653,300,353,0,1,4,p_1.30.24_LL3f_mi,9
283,183,139,229,650,304,346,0,1,4,p_1.30.24_LL3f_mi,9
284,186,141,233,632,306,326,0,1,4,p_1.30.24_LL3f_mi,9
285,183,133,226,660,322,338,0,1,4,p_1.30.24_LL3f_mi,9
286,174,135,225,663,342,321,0,1,4,p_1.30.24_LL3f_mi,9
287,165,132,216,683,352,331,0,1,4,p_1.30.24_LL3f_mi,9
288,168,131,216,690,333,357,0,1,4,p_1.30.24_LL3f_mi,9
289,172,133,219,678,343,335,0,1,4,p_1.30.24_LL3f_mi,9
290,176,137,226,662,335,327,0,1,4,p_1.30.24_LL3f_mi,9
291,172,131,220,677,348,329,0,1,4,p_1.30.24_LL3f_mi,9
292,182,137,230,647,341,306,0,1,4,p_1.30.24_LL3f_mi,9
293,180,136,230,641,331,310,0,1,4,p_1.30.24_LL3f_mi,9
294,170,135,224,658,337,321,0,1,4,p_1.30.24_LL3f_mi,9
295,177,140,222,668,327,341,0,1,4,p_1.30.24_LL3f_mi,9
296,171,135,228,648,297,351,0,1,4,p_1.30.24_LL3f_mi,9
297,175,138,222,667,298,369,0,1,4,p_1.30.24_LL3f_mi,9
298,168,132,218,675,323,352,0,1,4,p_1.30.24_LL3f_mi,9
299,179,130,223,666,344,322,0,1,4,p_1.30.24_LL3f_mi,9
300,172,133,221,665,349,316,0,1,4,p_1.30.24_LL3f_mi,9
301,167,124,204,715,381,334,0,1,4,p_1.30.24_LL3f_mi,9
302,175,129,227,660,355,305,0,1,4,p_1.30.24_LL3f_mi,9
303,184,140,230,642,319,323,0,1,4,p_1.30.24_LL3f_mi,9
304,177,135,230,640,322,318,0,1,4,p_1.30.24_LL3f_mi,9
305,173,143,226,660,324,336,0,1,4,p_1.30.24_LL3f_mi,9
306,172,144,219,679,337,342,0,1,4,p_1.30.24_LL3f_mi,9
307,169,134,216,687,334,353,0,1,4,p_1.30.24_LL3f_mi,9
308,176,129,223,667,335,332,0,1,4,p_1.30.24_LL3f_mi,9
309,174,133,221,674,333,341,0,1,4,p_1.30.24_LL3f_mi,9
310,175,134,226,656,318,338,0,1,4,p_1.30.24_LL3f_mi,9
311,178,140,226,655,324,331,0,1,4,p_1.30.24_LL3f_mi,9
312,174,134,224,674,344,330,0,1,4,p_1.30.24_LL3f_mi,9
313,169,132,219,673,329,344,0,1,4,p_1.30.24_LL3f_mi,9
314,180,142,228,649,313,336,0,1,4,p_1.30.24_LL3f_mi,9
315,176,135,229,639,302,337,0,1,4,p_1.30.24_LL3f_mi,9
316,183,137,231,650,303,347,0,1,4,p_1.30.24_LL3f_mi,9
317,179,138,231,633,311,322,0,1,4,p_1.30.24_LL3f_mi,9
318,182,141,228,653,333,320,0,1,4,p_1.30.24_LL3f_mi,9
319,166,129,215,686,356,330,0,1,4,p_1.30.24_LL3f_mi,9
320,178,139,227,660,322,338,0,1,4,p_1.30.24_LL3f_mi,9
321,172,139,224,665,333,332,0,1,4,p_1.30.24_LL3f_mi,9
322,170,130,222,670,348,322,0,1,4,p_1.30.24_LL3f_mi,9
323,172,130,220,674,354,320,0,1,4,p_1.30.24_LL3f_mi,9
324,179,142,226,659,348,311,0,1,4,p_1.30.24_LL3f_mi,9
325,188,142,231,643,320,323,0,1,4,p_1.30.24_LL3f_mi,9
326,161,125,208,711,361,350,0,1,4,p_1.30.24_LL3f_mi,9
327,177,136,227,653,323,330,0,1,4,p_1.30.24_LL3f_mi,9
328,181,145,230,646,326,320,0,1,4,p_1.30.24_LL3f_mi,9
329,177,138,221,673,341,332,0,1,4,p_1.30.24_LL3f_mi,9
330,168,131,222,668,322,346,0,1,4,p_1.30.24_LL3f_mi,9
331,168,128,219,674,338,336,0,1,4,p_1.30.24_LL3f_mi,9
332,166,130,219,677,336,341,0,1,4,p_1.30.24_LL3f_mi,9
333,164,128,217,681,326,355,0,1,4,p_1.30.24_LL3f_mi,9
334,188,149,233,645,319,326,0,1,4,p_1.30.24_LL3f_mi,9
335,186,133,235,627,307,320,0,1,4,p_1.30.24_LL3f_mi,9
336,173,121,229,654,309,345,0,1,4,p_1.30.24_LL3f_mi,9
337,178,137,229,650,310,340,0,1,4,p_1.30.24_LL3f_mi,9
338,178,129,224,661,323,338,0,1,4,p_1.30.24_LL3f_mi,9
339,167,133,221,675,348,327,0,1,4,p_1.30.24_LL3f_mi,9
340,169,132,226,660,340,320,0,1,4,p_1.30.24_LL3f_mi,9
341,175,142,223,671,334,337,0,1,4,p_1.30.24_LL3f_mi,9
342,176,140,228,647,330,317,0,1,4,p_1.30.24_LL3f_mi,9
343,177,134,227,655,334,321,0,1,4,p_1.30.24_LL3f_mi,9
344,175,137,229,642,351,291,0,1,4,p_1.30.24_LL3f_mi,9
345,176,136,224,666,347,319,0,1,4,p_1.30.24_LL3f_mi,9
346,178,134,221,677,352,325,0,1,4,p_1.30.24_LL3f_mi,9
347,166,125,220,675,346,329,0,1,4,p_1.30.24_LL3f_mi,9
348,168,130,220,672,338,334,0,1,4,p_1.30.24_LL3f_mi,9
349,171,128,222,665,328,337,0,1,4,p_1.30.24_LL3f_mi,9
350,175,144,226,654,330,324,0,1,4,p_1.30.24_LL3f_mi,9
1,5,5,7,620,309,311,0,1,5,p_1.30.24_LL3f_mi,9
2,92,82,125,854,415,439,0,1,5,p_1.30.24_LL3f_mi,9
3,130,108,167,793,384,409,0,1,5,p_1.30.24_LL3f_mi,9
4,164,128,212,698,342,356,0,1,5,p_1.30.24_LL3f_mi,9
5,170,133,221,675,329,346,0,1,5,p_1.30.24_LL3f_mi,9
6,181,137,230,645,326,319,0,1,5,p_1.30.24_LL3f_mi,9
7,178,140,226,660,339,321,0,1,5,p_1.30.24_LL3f_mi,9
8,174,137,220,672,341,331,0,1,5,p_1.30.24_LL3f_mi,9
9,176,139,228,652,329,323,0,1,5,p_1.30.24_LL3f_mi,9
10,166,127,218,680,340,340,0,1,5,p_1.30.24_LL3f_mi,9
11,177,132,224,667,328,339,0,1,5,p_1.30.24_LL3f_mi,9
12,169,127,217,677,357,320,0,1,5,p_1.30.24_LL3f_mi,9
13,175,133,225,664,347,317,0,1,5,p_1.30.24_LL3f_mi,9
14,181,143,227,652,309,343,0,1,5,p_1.30.24_LL3f_mi,9
15,170,133,224,665,317,348,0,1,5,p_1.30.24_LL3f_mi,9
16,172,134,217,678,330,348,0,1,5,p_1.30.24_LL3f_mi,9
17,170,136,220,674,323,351,0,1,5,p_1.30.24_LL3f_mi,9
18,178,144,232,640,281,359,0,1,5,p_1.30.24_LL3f_mi,9
19,168,132,222,670,317,353,0,1,5,p_1.30.24_LL3f_mi,9
20,168,128,224,668,332,336,0,1,5,p_1.30.24_LL3f_mi,9
21,172,130,231,645,315,330,0,1,5,p_1.30.24_LL3f_mi,9
22,168,137,219,681,338,343,0,1,5,p_1.30.24_LL3f_mi,9
23,177,143,227,652,314,338,0,1,5,p_1.30.24_LL3f_mi,9
24,175,134,229,649,312,337,0,1,5,p_1.30.24_LL3f_mi,9
25,181,135,229,647,322,325,0,1,5,p_1.30.24_LL3f_mi,9
26,168,139,212,699,364,335,0,1,5,p_1.30.24_LL3f_mi,9
27,175,135,219,680,353,327,0,1,5,p_1.30.24_LL3f_mi,9
28,173,141,219,682,365,317,0,1,5,p_1.30.24_LL3f_mi,9
29,169,132,210,702,359,343,0,1,5,p_1.30.24_LL3f_mi,9
30,169,132,222,673,345,328,0,1,5,p_1.30.24_LL3f_mi,9
31,179,125,227,655,328,327,0,1,5,p_1.30.24_LL3f_mi,9
32,173,131,223,663,330,333,0,1,5,p_1.30.24_LL3f_mi,9
33,175,133,221,670,342,328,0,1,5,p_1.30.24_LL3f_mi,9
34,165,121,211,699,366,333,0,1,5,p_1.30.24_LL3f_mi,9
35,184,136,228,651,335,316,0,1,5,p_1.30.24_LL3f_mi,9
36,179,140,231,649,327,322,0,1,5,p_1.30.24_LL3f_mi,9
37,174,142,221,674,334,340,0,1,5,p_1.30.24_LL3f_mi,9
38,171,139,217,684,334,350,0,1,5,p_1.30.24_LL3f_mi,9
39,167,136,214,692,339,353,0,1,5,p_1.30.24_LL3f_mi,9
40,173,132,227,646,312,334,0,1,5,p_1.30.24_LL3f_mi,9
41,172,140,225,665,308,357,0,1,5,p_1.30.24_LL3f_mi,9
42,176,139,227,660,305,355,0,1,5,p_1.30.24_LL3f_mi,9
43,165,134,223,665,318,347,0,1,5,p_1.30.24_LL3f_mi,9
44,170,135,222,665,321,344,0,1,5,p_1.30.24_LL3f_mi,9
45,173,140,220,673,326,347,0,1,5,p_1.30.24_LL3f_mi,9
46,179,133,227,656,335,321,0,1,5,p_1.30.24_LL3f_mi,9
47,165,137,220,674,342,332,0,1,5,p_1.30.24_LL3f_mi,9
48,177,140,224,670,335,335,0,1,5,p_1.30.24_LL3f_mi,9
49,172,135,222,666,350,316,0,1,5,p_1.30.24_LL3f_mi,9
50,177,132,229,654,329,325,0,1,5,p_1.30.24_LL3f_mi,9
51,163,133,205,715,362,353,0,1,5,p_1.30.24_LL3f_mi,9
52,171,138,230,650,308,342,0,1,5,p_1.30.24_LL3f_mi,9
53,180,127,225,661,333,328,0,1,5,p_1.30.24_LL3f_mi,9
54,174,142,221,672,327,345,0,1,5,p_1.30.24_LL3f_mi,9
55,170,126,225,661,328,333,0,1,5,p_1.30.24_LL3f_mi,9
56,176,133,230,639,320,319,0,1,5,p_1.30.24_LL3f_mi,9
57,172,126,229,649,335,314,0,1,5,p_1.30.24_LL3f_mi,9
58,169,143,222,669,353,316,0,1,5,p_1.30.24_LL3f_mi,9
59,170,125,222,668,364,304,0,1,5,p_1.30.24_LL3f_mi,9
60,174,130,220,670,368,302,0,1,5,p_1.30.24_LL3f_mi,9
61,172,140,219,672,365,307,0,1,5,p_1.30.24_LL3f_mi,9
62,171,131,223,670,355,315,0,1,5,p_1.30.24_LL3f_mi,9
63,173,138,227,650,341,309,0,1,5,p_1.30.24_LL3f_mi,9
64,173,130,229,651,336,315,0,1,5,p_1.30.24_LL3f_mi,9
65,176,141,223,670,331,339,0,1,5,p_1.30.24_LL3f_mi,9
66,177,137,222,667,310,357,0,1,5,p_1.30.24_LL3f_mi,9
67,177,148,227,657,311,346,0,1,5,p_1.30.24_LL3f_mi,9
68,169,141,217,681,313,368,0,1,5,p_1.30.24_LL3f_mi,9
69,183,140,232,638,299,339,0,1,5,p_1.30.24_LL3f_mi,9
70,170,140,229,652,312,340,0,1,5,p_1.30.24_LL3f_mi,9
71,174,139,226,656,330,326,0,1,5,p_1.30.24_LL3f_mi,9
72,169,133,225,660,331,329,0,1,5,p_1.30.24_LL3f_mi,9
73,171,135,221,673,348,325,0,1,5,p_1.30.24_LL3f_mi,9
74,176,134,228,650,340,310,0,1,5,p_1.30.24_LL3f_mi,9
75,172,125,223,670,361,309,0,1,5,p_1.30.24_LL3f_mi,9
76,162,113,206,710,381,329,0,1,5,p_1.30.24_LL3f_mi,9
77,168,133,220,671,355,316,0,1,5,p_1.30.24_LL3f_mi,9
78,175,132,230,640,328,312,0,1,5,p_1.30.24_LL3f_mi,9
79,175,131,223,663,342,321,0,1,5,p_1.30.24_LL3f_mi,9
80,173,137,216,685,346,339,0,1,5,p_1.30.24_LL3f_mi,9
81,169,135,225,663,335,328,0,1,5,p_1.30.24_LL3f_mi,9
82,179,138,222,668,327,341,0,1,5,p_1.30.24_LL3f_mi,9
83,164,134,210,701,344,357,0,1,5,p_1.30.24_LL3f_mi,9
84,184,138,235,632,306,326,0,1,5,p_1.30.24_LL3f_mi,9
85,180,146,227,658,324,334,0,1,5,p_1.30.24_LL3f_mi,9
86,174,144,225,667,336,331,0,1,5,p_1.30.24_LL3f_mi,9
87,175,141,226,661,338,323,0,1,5,p_1.30.24_LL3f_mi,9
88,171,129,228,653,338,315,0,1,5,p_1.30.24_LL3f_mi,9
89,173,135,221,671,348,323,0,1,5,p_1.30.24_LL3f_mi,9
90,178,133,219,674,336,338,0,1,5,p_1.30.24_LL3f_mi,9
91,173,142,216,681,344,337,0,1,5,p_1.30.24_LL3f_mi,9
92,172,126,221,676,343,333,0,1,5,p_1.30.24_LL3f_mi,9
93,177,135,229,648,323,325,0,1,5,p_1.30.24_LL3f_mi,9
94,184,139,235,629,309,320,0,1,5,p_1.30.24_LL3f_mi,9
95,169,138,229,655,330,325,0,1,5,p_1.30.24_LL3f_mi,9
96,174,136,224,660,317,343,0,1,5,p_1.30.24_LL3f_mi,9
97,171,136,222,670,324,346,0,1,5,p_1.30.24_LL3f_mi,9
98,169,133,219,676,325,351,0,1,5,p_1.30.24_LL3f_mi,9
99,174,128,225,665,318,347,0,1,5,p_1.30.24_LL3f_mi,9
100,144,120,191,661,327,334,0,1,5,p_1.30.24_LL3f_mi,9
101,119,103,149,669,334,335,0,1,5,p_1.30.24_LL3f_mi,9
102,116,95,147,598,312,286,0,1,5,p_1.30.24_LL3f_mi,9
103,109,89,139,535,280,255,0,1,5,p_1.30.24_LL3f_mi,9
104,106,88,126,483,250,233,0,1,5,p_1.30.24_LL3f_mi,9
105,96,75,119,416,215,201,0,1,5,p_1.30.24_LL3f_mi,9
106,76,62,95,390,200,190,0,1,5,p_1.30.24_LL3f_mi,9
107,69,54,82,333,173,160,0,1,5,p_1.30.24_LL3f_mi,9
108,44,42,57,303,158,145,0,1,5,p_1.30.24_LL3f_mi,9
109,22,21,29,267,129,138,0,1,5,p_1.30.24_LL3f_mi,9
110,24,21,30,211,100,111,0,1,5,p_1.30.24_LL3f_mi,9
111,29,25,38,162,74,88,0,1,5,p_1.30.24_LL3f_mi,9
112,28,20,37,127,60,67,0,1,5,p_1.30.24_LL3f_mi,9
113,27,23,35,114,59,55,0,1,5,p_1.30.24_LL3f_mi,9
114,27,19,35,114,62,52,0,1,5,p_1.30.24_LL3f_mi,9
115,27,24,35,110,62,48,0,1,5,p_1.30.24_LL3f_mi,9
116,24,18,34,110,62,48,0,1,5,p_1.30.24_LL3f_mi,9
117,26,21,35,105,59,46,0,1,5,p_1.30.24_LL3f_mi,9
118,24,18,32,96,54,42,0,1,5,p_1.30.24_LL3f_mi,9
119,24,20,33,92,47,45,0,1,5,p_1.30.24_LL3f_mi,9
120,30,21,36,105,55,50,0,1,5,p_1.30.24_LL3f_mi,9
121,27,19,34,103,55,48,0,1,5,p_1.30.24_LL3f_mi,9
122,26,20,33,104,62,42,0,1,5,p_1.30.24_LL3f_mi,9
123,25,19,33,106,65,41,0,1,5,p_1.30.24_LL3f_mi,9
124,26,20,33,99,54,45,0,1,5,p_1.30.24_LL3f_mi,9
125,26,20,37,118,64,54,21,1,5,p_1.30.24_LL3f_mi,9
126,30,24,37,123,61,62,9,1,5,p_1.30.24_LL3f_mi,9
127,28,22,36,126,64,62,6,1,5,p_1.30.24_LL3f_mi,9
128,27,20,36,119,60,59,2,1,5,p_1.30.24_LL3f_mi,9
129,26,23,33,101,55,46,2,1,5,p_1.30.24_LL3f_mi,9
130,27,22,34,105,52,53,1,1,5,p_1.30.24_LL3f_mi,9
131,26,22,34,108,55,53,0,1,5,p_1.30.24_LL3f_mi,9
132,28,20,33,102,50,52,0,1,5,p_1.30.24_LL3f_mi,9
133,25,20,32,89,34,55,0,1,5,p_1.30.24_LL3f_mi,9
134,25,22,32,94,38,56,0,1,5,p_1.30.24_LL3f_mi,9
135,25,23,32,87,38,49,0,1,5,p_1.30.24_LL3f_mi,9
136,27,20,32,88,43,45,0,1,5,p_1.30.24_LL3f_mi,9
137,23,15,32,99,47,52,0,1,5,p_1.30.24_LL3f_mi,9
138,27,22,35,101,50,51,0,1,5,p_1.30.24_LL3f_mi,9
139,27,20,35,108,47,61,0,1,5,p_1.30.24_LL3f_mi,9
140,27,19,37,135,59,76,17,1,5,p_1.30.24_LL3f_mi,9
141,24,16,36,127,59,68,10,1,5,p_1.30.24_LL3f_mi,9
142,24,21,37,124,53,71,5,1,5,p_1.30.24_LL3f_mi,9
143,30,25,37,113,49,64,1,1,5,p_1.30.24_LL3f_mi,9
144,27,22,35,110,57,53,1,1,5,p_1.30.24_LL3f_mi,9
145,28,24,35,108,66,42,0,1,5,p_1.30.24_LL3f_mi,9
146,23,17,34,120,69,51,0,1,5,p_1.30.24_LL3f_mi,9
147,26,19,36,110,56,54,0,1,5,p_1.30.24_LL3f_mi,9
148,28,22,33,105,53,52,0,1,5,p_1.30.24_LL3f_mi,9
149,23,16,32,105,45,60,0,1,5,p_1.30.24_LL3f_mi,9
150,26,19,34,101,41,60,0,1,5,p_1.30.24_LL3f_mi,9
151,46,28,69,104,46,58,0,1,5,p_1.30.24_LL3f_mi,9
152,60,42,89,128,61,67,0,1,5,p_1.30.24_LL3f_mi,9
153,78,55,113,180,80,100,0,1,5,p_1.30.24_LL3f_mi,9
154,99,70,137,234,113,121,0,1,5,p_1.30.24_LL3f_mi,9
155,125,85,162,326,164,162,18,1,5,p_1.30.24_LL3f_mi,9
156,136,103,178,395,195,200,11,1,5,p_1.30.24_LL3f_mi,9
157,144,100,194,440,222,218,6,1,5,p_1.30.24_LL3f_mi,9
158,170,122,212,477,240,237,1,1,5,p_1.30.24_LL3f_mi,9
159,172,126,225,546,276,270,0,1,5,p_1.30.24_LL3f_mi,9
160,187,144,241,599,292,307,0,1,5,p_1.30.24_LL3f_mi,9
161,178,140,231,645,328,317,0,1,5,p_1.30.24_LL3f_mi,9
162,163,127,216,689,369,320,0,1,5,p_1.30.24_LL3f_mi,9
163,175,145,225,664,341,323,0,1,5,p_1.30.24_LL3f_mi,9
164,170,133,218,678,341,337,0,1,5,p_1.30.24_LL3f_mi,9
165,179,137,224,662,333,329,0,1,5,p_1.30.24_LL3f_mi,9
166,174,141,221,671,325,346,0,1,5,p_1.30.24_LL3f_mi,9
167,176,138,228,653,298,355,0,1,5,p_1.30.24_LL3f_mi,9
168,169,138,218,678,333,345,0,1,5,p_1.30.24_LL3f_mi,9
169,171,123,218,674,339,335,0,1,5,p_1.30.24_LL3f_mi,9
170,172,132,214,692,353,339,20,1,5,p_1.30.24_LL3f_mi,9
171,176,140,222,667,331,336,10,1,5,p_1.30.24_LL3f_mi,9
172,179,136,228,650,331,319,3,1,5,p_1.30.24_LL3f_mi,9
173,172,135,228,642,337,305,1,1,5,p_1.30.24_LL3f_mi,9
174,175,131,227,657,345,312,1,1,5,p_1.30.24_LL3f_mi,9
175,178,140,226,661,332,329,0,1,5,p_1.30.24_LL3f_mi,9
176,163,132,206,706,350,356,0,1,5,p_1.30.24_LL3f_mi,9
177,171,129,219,671,318,353,0,1,5,p_1.30.24_LL3f_mi,9
178,179,141,229,650,314,336,0,1,5,p_1.30.24_LL3f_mi,9
179,180,145,233,637,315,322,0,1,5,p_1.30.24_LL3f_mi,9
180,179,144,225,659,320,339,0,1,5,p_1.30.24_LL3f_mi,9
181,173,138,225,660,319,341,0,1,5,p_1.30.24_LL3f_mi,9
182,171,136,217,682,333,349,0,1,5,p_1.30.24_LL3f_mi,9
183,175,131,230,651,327,324,0,1,5,p_1.30.24_LL3f_mi,9
184,186,143,232,641,330,311,0,1,5,p_1.30.24_LL3f_mi,9
185,176,136,226,660,326,334,0,1,5,p_1.30.24_LL3f_mi,9
186,168,135,218,680,333,347,0,1,5,p_1.30.24_LL3f_mi,9
187,173,135,226,657,340,317,0,1,5,p_1.30.24_LL3f_mi,9
188,177,132,229,649,327,322,0,1,5,p_1.30.24_LL3f_mi,9
189,170,133,218,683,338,345,0,1,5,p_1.30.24_LL3f_mi,9
190,172,136,224,662,333,329,0,1,5,p_1.30.24_LL3f_mi,9
191,170,138,222,668,328,340,0,1,5,p_1.30.24_LL3f_mi,9
192,172,138,217,686,345,341,0,1,5,p_1.30.24_LL3f_mi,9
193,169,133,223,665,331,334,0,1,5,p_1.30.24_LL3f_mi,9
194,175,136,228,657,331,326,0,1,5,p_1.30.24_LL3f_mi,9
195,175,140,218,685,338,347,0,1,5,p_1.30.24_LL3f_mi,9
196,182,137,229,644,312,332,0,1,5,p_1.30.24_LL3f_mi,9
197,177,134,222,675,340,335,0,1,5,p_1.30.24_LL3f_mi,9
198,178,139,232,642,325,317,0,1,5,p_1.30.24_LL3f_mi,9
199,172,130,222,672,351,321,0,1,5,p_1.30.24_LL3f_mi,9
200,164,133,212,694,334,360,0,1,5,p_1.30.24_LL3f_mi,9
201,152,123,195,737,358,379,0,1,5,p_1.30.24_LL3f_mi,9
202,183,146,229,647,328,319,0,1,5,p_1.30.24_LL3f_mi,9
203,177,141,229,654,337,317,0,1,5,p_1.30.24_LL3f_mi,9
204,168,132,225,662,327,335,0,1,5,p_1.30.24_LL3f_mi,9
205,184,139,229,645,308,337,0,1,5,p_1.30.24_LL3f_mi,9
206,182,144,228,651,313,338,0,1,5,p_1.30.24_LL3f_mi,9
207,173,140,219,672,324,348,0,1,5,p_1.30.24_LL3f_mi,9
208,180,137,224,659,338,321,0,1,5,p_1.30.24_LL3f_mi,9
209,172,133,217,686,357,329,0,1,5,p_1.30.24_LL3f_mi,9
210,164,122,207,707,358,349,0,1,5,p_1.30.24_LL3f_mi,9
211,169,131,222,673,344,329,0,1,5,p_1.30.24_LL3f_mi,9
212,172,144,222,671,341,330,0,1,5,p_1.30.24_LL3f_mi,9
213,181,142,229,653,318,335,0,1,5,p_1.30.24_LL3f_mi,9
214,174,138,229,641,317,324,0,1,5,p_1.30.24_LL3f_mi,9
215,176,133,224,668,337,331,0,1,5,p_1.30.24_LL3f_mi,9
216,172,137,222,672,334,338,0,1,5,p_1.30.24_LL3f_mi,9
217,177,145,220,676,338,338,0,1,5,p_1.30.24_LL3f_mi,9
218,172,137,222,671,335,336,0,1,5,p_1.30.24_LL3f_mi,9
219,173,135,223,666,331,335,0,1,5,p_1.30.24_LL3f_mi,9
220,187,143,231,644,319,325,0,1,5,p_1.30.24_LL3f_mi,9
221,185,142,230,650,320,330,0,1,5,p_1.30.24_LL3f_mi,9
222,177,137,226,653,323,330,0,1,5,p_1.30.24_LL3f_mi,9
223,165,126,219,677,333,344,0,1,5,p_1.30.24_LL3f_mi,9
224,176,134,230,649,324,325,0,1,5,p_1.30.24_LL3f_mi,9
225,169,132,220,668,340,328,0,1,5,p_1.30.24_LL3f_mi,9
226,172,142,215,695,350,345,0,1,5,p_1.30.24_LL3f_mi,9
227,172,140,226,657,334,323,0,1,5,p_1.30.24_LL3f_mi,9
228,179,133,222,666,320,346,0,1,5,p_1.30.24_LL3f_mi,9
229,173,140,218,674,329,345,0,1,5,p_1.30.24_LL3f_mi,9
230,170,129,225,654,323,331,0,1,5,p_1.30.24_LL3f_mi,9
231,168,138,221,670,352,318,0,1,5,p_1.30.24_LL3f_mi,9
232,167,123,214,688,355,333,0,1,5,p_1.30.24_LL3f_mi,9
233,167,134,218,682,350,332,0,1,5,p_1.30.24_LL3f_mi,9
234,182,138,228,645,331,314,0,1,5,p_1.30.24_LL3f_mi,9
235,182,138,236,628,324,304,0,1,5,p_1.30.24_LL3f_mi,9
236,179,134,229,647,348,299,0,1,5,p_1.30.24_LL3f_mi,9
237,172,134,225,662,344,318,0,1,5,p_1.30.24_LL3f_mi,9
238,175,130,223,672,344,328,0,1,5,p_1.30.24_LL3f_mi,9
239,171,135,219,678,347,331,0,1,5,p_1.30.24_LL3f_mi,9
240,164,131,218,676,342,334,0,1,5,p_1.30.24_LL3f_mi,9
241,183,141,226,661,335,326,0,1,5,p_1.30.24_LL3f_mi,9
242,174,134,228,656,324,332,0,1,5,p_1.30.24_LL3f_mi,9
243,171,134,221,663,328,335,0,1,5,p_1.30.24_LL3f_mi,9
244,165,129,220,670,320,350,0,1,5,p_1.30.24_LL3f_mi,9
245,175,143,227,653,298,355,0,1,5,p_1.30.24_LL3f_mi,9
246,172,141,224,667,300,367,0,1,5,p_1.30.24_LL3f_mi,9
247,169,139,217,681,297,384,0,1,5,p_1.30.24_LL3f_mi,9
248,169,143,225,665,300,365,0,1,5,p_1.30.24_LL3f_mi,9
249,176,140,225,664,309,355,0,1,5,p_1.30.24_LL3f_mi,9
250,178,142,225,668,307,361,0,1,5,p_1.30.24_LL3f_mi,9
251,155,124,201,723,355,368,0,1,5,p_1.30.24_LL3f_mi,9
252,163,129,211,701,345,356,0,1,5,p_1.30.24_LL3f_mi,9
253,179,133,229,651,341,310,0,1,5,p_1.30.24_LL3f_mi,9
254,177,138,223,664,346,318,0,1,5,p_1.30.24_LL3f_mi,9
255,182,136,229,655,319,336,0,1,5,p_1.30.24_LL3f_mi,9
256,172,131,226,661,321,340,0,1,5,p_1.30.24_LL3f_mi,9
257,179,144,229,646,296,350,0,1,5,p_1.30.24_LL3f_mi,9
258,174,133,226,661,303,358,0,1,5,p_1.30.24_LL3f_mi,9
259,168,135,220,676,314,362,0,1,5,p_1.30.24_LL3f_mi,9
260,173,133,224,663,304,359,0,1,5,p_1.30.24_LL3f_mi,9
261,171,135,213,692,327,365,0,1,5,p_1.30.24_LL3f_mi,9
262,164,131,216,679,323,356,0,1,5,p_1.30.24_LL3f_mi,9
263,176,136,229,643,319,324,0,1,5,p_1.30.24_LL3f_mi,9
264,178,132,229,648,330,318,0,1,5,p_1.30.24_LL3f_mi,9
265,173,137,223,674,351,323,0,1,5,p_1.30.24_LL3f_mi,9
266,167,130,224,663,322,341,0,1,5,p_1.30.24_LL3f_mi,9
267,176,137,228,650,324,326,0,1,5,p_1.30.24_LL3f_mi,9
268,175,140,226,657,316,341,0,1,5,p_1.30.24_LL3f_mi,9
269,177,130,225,664,328,336,0,1,5,p_1.30.24_LL3f_mi,9
270,175,138,225,656,328,328,0,1,5,p_1.30.24_LL3f_mi,9
271,180,135,228,654,322,332,0,1,5,p_1.30.24_LL3f_mi,9
272,166,130,219,675,325,350,0,1,5,p_1.30.24_LL3f_mi,9
273,170,135,224,665,328,337,0,1,5,p_1.30.24_LL3f_mi,9
274,181,142,226,660,331,329,0,1,5,p_1.30.24_LL3f_mi,9
275,168,139,214,688,341,347,0,1,5,p_1.30.24_LL3f_mi,9
276,159,130,208,705,344,361,0,1,5,p_1.30.24_LL3f_mi,9
277,181,151,229,653,316,337,0,1,5,p_1.30.24_LL3f_mi,9
278,188,156,229,652,312,340,0,1,5,p_1.30.24_LL3f_mi,9
279,177,142,226,652,328,324,0,1,5,p_1.30.24_LL3f_mi,9
280,173,139,225,660,336,324,0,1,5,p_1.30.24_LL3f_mi,9
281,177,138,222,663,324,339,0,1,5,p_1.30.24_LL3f_mi,9
282,174,132,222,668,341,327,0,1,5,p_1.30.24_LL3f_mi,9
283,176,134,223,664,328,336,0,1,5,p_1.30.24_LL3f_mi,9
284,177,137,224,657,322,335,0,1,5,p_1.30.24_LL3f_mi,9
285,179,142,223,663,325,338,0,1,5,p_1.30.24_LL3f_mi,9
286,171,128,223,662,320,342,0,1,5,p_1.30.24_LL3f_mi,9
287,176,134,219,681,323,358,0,1,5,p_1.30.24_LL3f_mi,9
288,169,130,220,673,322,351,0,1,5,p_1.30.24_LL3f_mi,9
289,162,134,209,704,340,364,0,1,5,p_1.30.24_LL3f_mi,9
290,168,134,215,686,342,344,0,1,5,p_1.30.24_LL3f_mi,9
291,183,136,229,655,322,333,0,1,5,p_1.30.24_LL3f_mi,9
292,176,144,224,664,325,339,0,1,5,p_1.30.24_LL3f_mi,9
293,172,127,219,685,360,325,0,1,5,p_1.30.24_LL3f_mi,9
294,170,140,215,687,354,333,0,1,5,p_1.30.24_LL3f_mi,9
295,169,138,218,678,331,347,0,1,5,p_1.30.24_LL3f_mi,9
296,180,141,228,657,325,332,0,1,5,p_1.30.24_LL3f_mi,9
297,177,140,227,663,328,335,0,1,5,p_1.30.24_LL3f_mi,9
298,174,141,220,670,334,336,0,1,5,p_1.30.24_LL3f_mi,9
299,174,131,216,686,344,342,0,1,5,p_1.30.24_LL3f_mi,9
300,172,138,224,665,324,341,0,1,5,p_1.30.24_LL3f_mi,9
301,163,125,207,710,350,360,0,1,5,p_1.30.24_LL3f_mi,9
302,172,133,222,669,329,340,0,1,5,p_1.30.24_LL3f_mi,9
303,177,138,221,673,328,345,0,1,5,p_1.30.24_LL3f_mi,9
304,180,133,227,655,339,316,0,1,5,p_1.30.24_LL3f_mi,9
305,172,132,221,666,327,339,0,1,5,p_1.30.24_LL3f_mi,9
306,185,137,230,645,333,312,0,1,5,p_1.30.24_LL3f_mi,9
307,173,140,222,664,324,340,0,1,5,p_1.30.24_LL3f_mi,9
308,167,135,221,675,338,337,0,1,5,p_1.30.24_LL3f_mi,9
309,167,134,218,683,346,337,0,1,5,p_1.30.24_LL3f_mi,9
310,174,140,226,664,334,330,0,1,5,p_1.30.24_LL3f_mi,9
311,169,134,221,674,337,337,0,1,5,p_1.30.24_LL3f_mi,9
312,177,137,220,681,340,341,0,1,5,p_1.30.24_LL3f_mi,9
313,179,143,234,626,313,313,0,1,5,p_1.30.24_LL3f_mi,9
314,181,135,222,670,352,318,0,1,5,p_1.30.24_LL3f_mi,9
315,167,129,218,682,343,339,0,1,5,p_1.30.24_LL3f_mi,9
316,178,135,226,662,330,332,0,1,5,p_1.30.24_LL3f_mi,9
317,187,145,231,645,322,323,0,1,5,p_1.30.24_LL3f_mi,9
318,178,139,228,651,331,320,0,1,5,p_1.30.24_LL3f_mi,9
319,176,133,224,666,337,329,0,1,5,p_1.30.24_LL3f_mi,9
320,176,134,222,669,329,340,0,1,5,p_1.30.24_LL3f_mi,9
321,164,134,217,690,335,355,0,1,5,p_1.30.24_LL3f_mi,9
322,175,138,226,658,328,330,0,1,5,p_1.30.24_LL3f_mi,9
323,175,135,230,641,323,318,0,1,5,p_1.30.24_LL3f_mi,9
324,175,142,227,657,327,330,0,1,5,p_1.30.24_LL3f_mi,9
325,171,136,223,666,335,331,0,1,5,p_1.30.24_LL3f_mi,9
326,159,128,210,700,371,329,0,1,5,p_1.30.24_LL3f_mi,9
327,184,138,232,638,334,304,0,1,5,p_1.30.24_LL3f_mi,9
328,185,140,233,637,331,306,0,1,5,p_1.30.24_LL3f_mi,9
329,168,134,217,677,353,324,0,1,5,p_1.30.24_LL3f_mi,9
330,171,138,228,656,336,320,0,1,5,p_1.30.24_LL3f_mi,9
331,175,142,224,660,331,329,0,1,5,p_1.30.24_LL3f_mi,9
332,173,130,221,673,336,337,0,1,5,p_1.30.24_LL3f_mi,9
333,168,137,224,665,311,354,0,1,5,p_1.30.24_LL3f_mi,9
334,179,144,224,665,303,362,0,1,5,p_1.30.24_LL3f_mi,9
335,175,143,226,662,309,353,0,1,5,p_1.30.24_LL3f_mi,9
336,167,130,213,694,334,360,0,1,5,p_1.30.24_LL3f_mi,9
337,171,146,219,679,329,350,0,1,5,p_1.30.24_LL3f_mi,9
338,175,134,219,683,344,339,0,1,5,p_1.30.24_LL3f_mi,9
339,169,125,225,659,345,314,0,1,5,p_1.30.24_LL3f_mi,9
340,169,132,218,676,360,316,0,1,5,p_1.30.24_LL3f_mi,9
341,176,127,225,660,340,320,0,1,5,p_1.30.24_LL3f_mi,9
342,176,144,229,648,337,311,0,1,5,p_1.30.24_LL3f_mi,9
343,172,133,226,657,327,330,0,1,5,p_1.30.24_LL3f_mi,9
344,179,137,225,661,324,337,0,1,5,p_1.30.24_LL3f_mi,9
345,169,129,215,692,338,354,0,1,5,p_1.30.24_LL3f_mi,9
346,167,129,218,687,343,344,0,1,5,p_1.30.24_LL3f_mi,9
347,173,138,226,659,325,334,0,1,5,p_1.30.24_LL3f_mi,9
348,185,138,230,648,331,317,0,1,5,p_1.30.24_LL3f_mi,9
349,181,139,228,660,328,332,0,1,5,p_1.30.24_LL3f_mi,9
350,168,129,227,655,326,329,0,1,5,p_1.30.24_LL3f_mi,9
1,5,5,6,629,325,304,0,1,1,p_1.30.24_LL3f_mi,10
2,93,83,123,856,451,405,0,1,1,p_1.30.24_LL3f_mi,10
3,140,110,187,761,386,375,0,1,1,p_1.30.24_LL3f_mi,10
4,159,127,206,717,359,358,0,1,1,p_1.30.24_LL3f_mi,10
5,165,126,216,679,329,350,0,1,1,p_1.30.24_LL3f_mi,10
6,176,137,232,639,315,324,0,1,1,p_1.30.24_LL3f_mi,10
7,175,137,229,648,307,341,0,1,1,p_1.30.24_LL3f_mi,10
8,179,135,227,657,316,341,0,1,1,p_1.30.24_LL3f_mi,10
9,164,128,221,670,328,342,0,1,1,p_1.30.24_LL3f_mi,10
10,169,133,219,677,335,342,0,1,1,p_1.30.24_LL3f_mi,10
11,178,143,219,675,344,331,0,1,1,p_1.30.24_LL3f_mi,10
12,184,137,223,671,319,352,0,1,1,p_1.30.24_LL3f_mi,10
13,166,134,223,674,318,356,0,1,1,p_1.30.24_LL3f_mi,10
14,172,145,224,663,311,352,0,1,1,p_1.30.24_LL3f_mi,10
15,179,137,228,654,306,348,0,1,1,p_1.30.24_LL3f_mi,10
16,179,133,228,648,321,327,0,1,1,p_1.30.24_LL3f_mi,10
17,163,135,215,692,347,345,0,1,1,p_1.30.24_LL3f_mi,10
18,166,125,220,669,334,335,0,1,1,p_1.30.24_LL3f_mi,10
19,174,133,226,654,317,337,0,1,1,p_1.30.24_LL3f_mi,10
20,176,131,230,646,314,332,0,1,1,p_1.30.24_LL3f_mi,10
21,167,134,226,652,320,332,0,1,1,p_1.30.24_LL3f_mi,10
22,176,136,226,655,323,332,0,1,1,p_1.30.24_LL3f_mi,10
23,181,139,221,673,332,341,0,1,1,p_1.30.24_LL3f_mi,10
24,174,129,224,666,320,346,0,1,1,p_1.30.24_LL3f_mi,10
25,175,138,221,666,318,348,0,1,1,p_1.30.24_LL3f_mi,10
26,155,121,209,709,351,358,0,1,1,p_1.30.24_LL3f_mi,10
27,170,134,219,679,339,340,0,1,1,p_1.30.24_LL3f_mi,10
28,180,143,229,650,321,329,0,1,1,p_1.30.24_LL3f_mi,10
29,177,134,231,635,304,331,0,1,1,p_1.30.24_LL3f_mi,10
30,181,138,229,651,319,332,0,1,1,p_1.30.24_LL3f_mi,10
31,180,144,224,667,324,343,0,1,1,p_1.30.24_LL3f_mi,10
32,172,135,226,663,318,345,0,1,1,p_1.30.24_LL3f_mi,10
33,169,135,219,682,328,354,0,1,1,p_1.30.24_LL3f_mi,10
34,171,139,219,675,320,355,0,1,1,p_1.30.24_LL3f_mi,10
35,161,129,213,695,338,357,0,1,1,p_1.30.24_LL3f_mi,10
36,170,138,218,680,334,346,0,1,1,p_1.30.24_LL3f_mi,10
37,182,129,227,654,331,323,0,1,1,p_1.30.24_LL3f_mi,10
38,168,138,221,668,326,342,0,1,1,p_1.30.24_LL3f_mi,10
39,174,134,224,664,322,342,0,1,1,p_1.30.24_LL3f_mi,10
40,180,143,227,659,321,338,0,1,1,p_1.30.24_LL3f_mi,10
41,174,132,225,661,326,335,0,1,1,p_1.30.24_LL3f_mi,10
42,175,134,217,681,344,337,0,1,1,p_1.30.24_LL3f_mi,10
43,162,135,208,707,367,340,0,1,1,p_1.30.24_LL3f_mi,10
44,177,130,228,647,332,315,0,1,1,p_1.30.24_LL3f_mi,10
45,181,143,231,642,326,316,0,1,1,p_1.30.24_LL3f_mi,10
46,183,140,231,642,321,321,0,1,1,p_1.30.24_LL3f_mi,10
47,171,129,221,678,346,332,0,1,1,p_1.30.24_LL3f_mi,10
48,163,130,205,711,352,359,0,1,1,p_1.30.24_LL3f_mi,10
49,174,131,223,662,332,330,0,1,1,p_1.30.24_LL3f_mi,10
50,178,137,228,655,325,330,0,1,1,p_1.30.24_LL3f_mi,10
51,161,122,212,701,360,341,0,1,1,p_1.30.24_LL3f_mi,10
52,172,139,226,661,337,324,0,1,1,p_1.30.24_LL3f_mi,10
53,174,140,224,662,339,323,0,1,1,p_1.30.24_LL3f_mi,10
54,160,127,213,695,340,355,0,1,1,p_1.30.24_LL3f_mi,10
55,179,130,226,660,314,346,0,1,1,p_1.30.24_LL3f_mi,10
56,178,141,225,665,317,348,0,1,1,p_1.30.24_LL3f_mi,10
57,175,141,222,670,301,369,0,1,1,p_1.30.24_LL3f_mi,10
58,186,150,228,652,290,362,0,1,1,p_1.30.24_LL3f_mi,10
59,172,133,222,663,319,344,0,1,1,p_1.30.24_LL3f_mi,10
60,172,135,219,672,346,326,0,1,1,p_1.30.24_LL3f_mi,10
61,175,135,223,666,340,326,0,1,1,p_1.30.24_LL3f_mi,10
62,184,135,228,655,345,310,0,1,1,p_1.30.24_LL3f_mi,10
63,174,139,227,658,333,325,0,1,1,p_1.30.24_LL3f_mi,10
64,173,136,218,677,347,330,0,1,1,p_1.30.24_LL3f_mi,10
65,178,140,225,661,338,323,0,1,1,p_1.30.24_LL3f_mi,10
66,174,133,226,661,328,333,0,1,1,p_1.30.24_LL3f_mi,10
67,173,135,222,667,318,349,0,1,1,p_1.30.24_LL3f_mi,10
68,186,140,232,642,316,326,0,1,1,p_1.30.24_LL3f_mi,10
69,173,137,225,659,310,349,0,1,1,p_1.30.24_LL3f_mi,10
70,171,142,225,661,315,346,0,1,1,p_1.30.24_LL3f_mi,10
71,168,135,220,672,319,353,0,1,1,p_1.30.24_LL3f_mi,10
72,164,137,213,692,324,368,0,1,1,p_1.30.24_LL3f_mi,10
73,171,136,222,667,303,364,0,1,1,p_1.30.24_LL3f_mi,10
74,170,138,219,677,310,367,0,1,1,p_1.30.24_LL3f_mi,10
75,177,146,225,656,306,350,0,1,1,p_1.30.24_LL3f_mi,10
76,167,131,211,698,333,365,0,1,1,p_1.30.24_LL3f_mi,10
77,181,133,229,658,315,343,0,1,1,p_1.30.24_LL3f_mi,10
78,179,137,229,640,306,334,0,1,1,p_1.30.24_LL3f_mi,10
79,170,136,223,671,313,358,0,1,1,p_1.30.24_LL3f_mi,10
80,167,133,214,687,332,355,0,1,1,p_1.30.24_LL3f_mi,10
81,169,134,222,669,327,342,0,1,1,p_1.30.24_LL3f_mi,10
82,184,140,232,638,305,333,0,1,1,p_1.30.24_LL3f_mi,10
83,183,138,232,633,292,341,0,1,1,p_1.30.24_LL3f_mi,10
84,169,133,221,668,303,365,0,1,1,p_1.30.24_LL3f_mi,10
85,172,136,222,669,309,360,0,1,1,p_1.30.24_LL3f_mi,10
86,166,136,214,694,325,369,0,1,1,p_1.30.24_LL3f_mi,10
87,167,137,208,707,328,379,0,1,1,p_1.30.24_LL3f_mi,10
88,174,138,219,680,328,352,0,1,1,p_1.30.24_LL3f_mi,10
89,170,133,227,653,304,349,0,1,1,p_1.30.24_LL3f_mi,10
90,176,139,230,642,299,343,0,1,1,p_1.30.24_LL3f_mi,10
91,172,133,230,657,306,351,0,1,1,p_1.30.24_LL3f_mi,10
92,166,125,217,686,334,352,0,1,1,p_1.30.24_LL3f_mi,10
93,180,146,219,678,331,347,0,1,1,p_1.30.24_LL3f_mi,10
94,177,133,227,655,329,326,0,1,1,p_1.30.24_LL3f_mi,10
95,180,136,226,652,319,333,0,1,1,p_1.30.24_LL3f_mi,10
96,165,134,216,686,332,354,0,1,1,p_1.30.24_LL3f_mi,10
97,172,139,226,657,347,310,0,1,1,p_1.30.24_LL3f_mi,10
98,175,136,222,670,351,319,0,1,1,p_1.30.24_LL3f_mi,10
99,172,130,224,669,336,333,0,1,1,p_1.30.24_LL3f_mi,10
100,143,114,184,679,332,347,0,1,1,p_1.30.24_LL3f_mi,10
101,121,99,153,669,320,349,0,1,1,p_1.30.24_LL3f_mi,10
102,122,102,149,595,297,298,0,1,1,p_1.30.24_LL3f_mi,10
103,120,101,145,517,249,268,0,1,1,p_1.30.24_LL3f_mi,10
104,100,82,130,472,244,228,0,1,1,p_1.30.24_LL3f_mi,10
105,81,66,106,438,238,200,0,1,1,p_1.30.24_LL3f_mi,10
106,75,61,97,385,202,183,0,1,1,p_1.30.24_LL3f_mi,10
107,56,48,73,355,187,168,0,1,1,p_1.30.24_LL3f_mi,10
108,46,39,60,294,150,144,0,1,1,p_1.30.24_LL3f_mi,10
109,41,36,49,239,121,118,0,1,1,p_1.30.24_LL3f_mi,10
110,26,23,33,213,110,103,0,1,1,p_1.30.24_LL3f_mi,10
111,29,23,36,168,91,77,0,1,1,p_1.30.24_LL3f_mi,10
112,31,24,36,127,71,56,0,1,1,p_1.30.24_LL3f_mi,10
113,28,26,37,121,67,54,0,1,1,p_1.30.24_LL3f_mi,10
114,28,21,36,118,65,53,0,1,1,p_1.30.24_LL3f_mi,10
115,28,23,33,104,53,51,0,1,1,p_1.30.24_LL3f_mi,10
116,27,21,34,96,44,52,0,1,1,p_1.30.24_LL3f_mi,10
117,27,22,34,101,52,49,0,1,1,p_1.30.24_LL3f_mi,10
118,23,19,31,99,54,45,0,1,1,p_1.30.24_LL3f_mi,10
119,23,20,33,95,43,52,0,1,1,p_1.30.24_LL3f_mi,10
120,28,24,37,110,51,59,0,1,1,p_1.30.24_LL3f_mi,10
121,26,20,35,109,52,57,0,1,1,p_1.30.24_LL3f_mi,10
122,26,23,33,98,42,56,0,1,1,p_1.30.24_LL3f_mi,10
123,26,21,33,107,46,61,0,1,1,p_1.30.24_LL3f_mi,10
124,27,19,35,108,47,61,0,1,1,p_1.30.24_LL3f_mi,10
125,25,21,35,135,62,73,18,1,1,p_1.30.24_LL3f_mi,10
126,29,22,36,123,59,64,9,1,1,p_1.30.24_LL3f_mi,10
127,28,23,35,113,61,52,3,1,1,p_1.30.24_LL3f_mi,10
128,27,23,34,103,50,53,0,1,1,p_1.30.24_LL3f_mi,10
129,26,22,33,108,50,58,0,1,1,p_1.30.24_LL3f_mi,10
130,24,20,32,114,59,55,0,1,1,p_1.30.24_LL3f_mi,10
131,28,25,35,107,49,58,0,1,1,p_1.30.24_LL3f_mi,10
132,27,24,34,110,57,53,0,1,1,p_1.30.24_LL3f_mi,10
133,24,16,33,100,52,48,0,1,1,p_1.30.24_LL3f_mi,10
134,26,21,34,99,49,50,0,1,1,p_1.30.24_LL3f_mi,10
135,28,20,34,103,54,49,0,1,1,p_1.30.24_LL3f_mi,10
136,26,19,36,105,57,48,0,1,1,p_1.30.24_LL3f_mi,10
137,26,19,34,103,59,44,0,1,1,p_1.30.24_LL3f_mi,10
138,25,19,32,94,46,48,0,1,1,p_1.30.24_LL3f_mi,10
139,26,23,33,96,46,50,0,1,1,p_1.30.24_LL3f_mi,10
140,22,18,35,116,51,65,16,1,1,p_1.30.24_LL3f_mi,10
141,26,23,35,111,48,63,10,1,1,p_1.30.24_LL3f_mi,10
142,25,20,36,111,54,57,5,1,1,p_1.30.24_LL3f_mi,10
143,27,20,35,111,58,53,2,1,1,p_1.30.24_LL3f_mi,10
144,28,23,35,112,59,53,0,1,1,p_1.30.24_LL3f_mi,10
145,28,23,34,104,61,43,0,1,1,p_1.30.24_LL3f_mi,10
146,27,23,37,109,62,47,0,1,1,p_1.30.24_LL3f_mi,10
147,24,19,31,96,54,42,0,1,1,p_1.30.24_LL3f_mi,10
148,26,19,35,104,58,46,0,1,1,p_1.30.24_LL3f_mi,10
149,26,20,33,100,60,40,0,1,1,p_1.30.24_LL3f_mi,10
150,29,21,35,107,62,45,0,1,1,p_1.30.24_LL3f_mi,10
151,54,36,78,110,58,52,0,1,1,p_1.30.24_LL3f_mi,10
152,69,41,98,148,77,71,0,1,1,p_1.30.24_LL3f_mi,10
153,92,59,119,197,100,97,0,1,1,p_1.30.24_LL3f_mi,10
154,112,69,141,257,140,117,0,1,1,p_1.30.24_LL3f_mi,10
155,128,92,162,340,177,163,20,1,1,p_1.30.24_LL3f_mi,10
156,135,100,181,381,184,197,9,1,1,p_1.30.24_LL3f_mi,10
157,147,115,193,460,233,227,4,1,1,p_1.30.24_LL3f_mi,10
158,165,126,209,517,268,249,2,1,1,p_1.30.24_LL3f_mi,10
159,175,138,224,553,265,288,1,1,1,p_1.30.24_LL3f_mi,10
160,188,138,242,601,273,328,1,1,1,p_1.30.24_LL3f_mi,10
161,178,132,232,643,307,336,0,1,1,p_1.30.24_LL3f_mi,10
162,178,135,230,643,310,333,0,1,1,p_1.30.24_LL3f_mi,10
163,178,140,230,638,305,333,0,1,1,p_1.30.24_LL3f_mi,10
164,172,132,221,671,322,349,0,1,1,p_1.30.24_LL3f_mi,10
165,169,132,220,673,330,343,0,1,1,p_1.30.24_LL3f_mi,10
166,170,134,219,677,333,344,0,1,1,p_1.30.24_LL3f_mi,10
167,168,135,215,691,344,347,0,1,1,p_1.30.24_LL3f_mi,10
168,163,127,214,689,347,342,0,1,1,p_1.30.24_LL3f_mi,10
169,169,126,220,682,354,328,0,1,1,p_1.30.24_LL3f_mi,10
170,169,128,224,663,354,309,16,1,1,p_1.30.24_LL3f_mi,10
171,171,130,226,656,347,309,6,1,1,p_1.30.24_LL3f_mi,10
172,175,134,231,645,333,312,4,1,1,p_1.30.24_LL3f_mi,10
173,169,138,217,684,358,326,1,1,1,p_1.30.24_LL3f_mi,10
174,173,139,222,671,354,317,0,1,1,p_1.30.24_LL3f_mi,10
175,176,130,228,647,330,317,0,1,1,p_1.30.24_LL3f_mi,10
176,166,132,210,701,376,325,0,1,1,p_1.30.24_LL3f_mi,10
177,178,133,225,667,340,327,0,1,1,p_1.30.24_LL3f_mi,10
178,183,142,229,646,330,316,0,1,1,p_1.30.24_LL3f_mi,10
179,177,140,229,652,330,322,0,1,1,p_1.30.24_LL3f_mi,10
180,173,135,223,671,341,330,0,1,1,p_1.30.24_LL3f_mi,10
181,172,138,224,667,342,325,0,1,1,p_1.30.24_LL3f_mi,10
182,180,148,231,634,321,313,0,1,1,p_1.30.24_LL3f_mi,10
183,182,143,227,651,300,351,0,1,1,p_1.30.24_LL3f_mi,10
184,172,136,221,670,320,350,0,1,1,p_1.30.24_LL3f_mi,10
185,168,136,224,665,308,357,0,1,1,p_1.30.24_LL3f_mi,10
186,182,141,227,652,316,336,0,1,1,p_1.30.24_LL3f_mi,10
187,178,131,226,663,330,333,0,1,1,p_1.30.24_LL3f_mi,10
188,177,141,229,649,310,339,0,1,1,p_1.30.24_LL3f_mi,10
189,173,130,218,682,328,354,0,1,1,p_1.30.24_LL3f_mi,10
190,172,137,220,669,322,347,0,1,1,p_1.30.24_LL3f_mi,10
191,175,136,217,678,343,335,0,1,1,p_1.30.24_LL3f_mi,10
192,170,124,227,651,349,302,0,1,1,p_1.30.24_LL3f_mi,10
193,179,141,226,660,341,319,0,1,1,p_1.30.24_LL3f_mi,10
194,183,136,229,655,343,312,0,1,1,p_1.30.24_LL3f_mi,10
195,170,132,219,678,357,321,0,1,1,p_1.30.24_LL3f_mi,10
196,180,138,231,654,346,308,0,1,1,p_1.30.24_LL3f_mi,10
197,173,125,222,667,350,317,0,1,1,p_1.30.24_LL3f_mi,10
198,175,139,227,654,341,313,0,1,1,p_1.30.24_LL3f_mi,10
199,175,135,223,668,335,333,0,1,1,p_1.30.24_LL3f_mi,10
200,172,138,222,672,354,318,0,1,1,p_1.30.24_LL3f_mi,10
201,161,133,209,704,359,345,0,1,1,p_1.30.24_LL3f_mi,10
202,174,130,228,653,317,336,0,1,1,p_1.30.24_LL3f_mi,10
203,184,147,231,640,298,342,0,1,1,p_1.30.24_LL3f_mi,10
204,185,146,230,648,312,336,0,1,1,p_1.30.24_LL3f_mi,10
205,166,129,216,683,337,346,0,1,1,p_1.30.24_LL3f_mi,10
206,178,137,228,655,329,326,0,1,1,p_1.30.24_LL3f_mi,10
207,178,133,226,655,326,329,0,1,1,p_1.30.24_LL3f_mi,10
208,182,131,228,662,326,336,0,1,1,p_1.30.24_LL3f_mi,10
209,164,129,212,694,357,337,0,1,1,p_1.30.24_LL3f_mi,10
210,171,129,215,683,353,330,0,1,1,p_1.30.24_LL3f_mi,10
211,179,137,228,651,347,304,0,1,1,p_1.30.24_LL3f_mi,10
212,172,133,227,656,334,322,0,1,1,p_1.30.24_LL3f_mi,10
213,176,136,217,679,345,334,0,1,1,p_1.30.24_LL3f_mi,10
214,174,138,222,664,341,323,0,1,1,p_1.30.24_LL3f_mi,10
215,171,134,210,703,363,340,0,1,1,p_1.30.24_LL3f_mi,10
216,163,128,208,706,353,353,0,1,1,p_1.30.24_LL3f_mi,10
217,170,139,217,680,336,344,0,1,1,p_1.30.24_LL3f_mi,10
218,172,130,225,662,348,314,0,1,1,p_1.30.24_LL3f_mi,10
219,182,133,230,647,342,305,0,1,1,p_1.30.24_LL3f_mi,10
220,165,132,214,695,366,329,0,1,1,p_1.30.24_LL3f_mi,10
221,169,135,218,687,366,321,0,1,1,p_1.30.24_LL3f_mi,10
222,169,142,218,682,340,342,0,1,1,p_1.30.24_LL3f_mi,10
223,174,136,225,664,326,338,0,1,1,p_1.30.24_LL3f_mi,10
224,177,129,231,645,310,335,0,1,1,p_1.30.24_LL3f_mi,10
225,174,140,219,676,322,354,0,1,1,p_1.30.24_LL3f_mi,10
226,152,124,197,730,348,382,0,1,1,p_1.30.24_LL3f_mi,10
227,166,129,223,675,316,359,0,1,1,p_1.30.24_LL3f_mi,10
228,178,144,227,650,304,346,0,1,1,p_1.30.24_LL3f_mi,10
229,179,146,230,646,330,316,0,1,1,p_1.30.24_LL3f_mi,10
230,170,133,220,679,359,320,0,1,1,p_1.30.24_LL3f_mi,10
231,167,140,218,683,354,329,0,1,1,p_1.30.24_LL3f_mi,10
232,171,137,214,691,363,328,0,1,1,p_1.30.24_LL3f_mi,10
233,177,137,222,664,333,331,0,1,1,p_1.30.24_LL3f_mi,10
234,175,136,222,667,340,327,0,1,1,p_1.30.24_LL3f_mi,10
235,177,143,222,670,336,334,0,1,1,p_1.30.24_LL3f_mi,10
236,177,138,224,668,327,341,0,1,1,p_1.30.24_LL3f_mi,10
237,170,136,221,671,323,348,0,1,1,p_1.30.24_LL3f_mi,10
238,176,136,227,653,305,348,0,1,1,p_1.30.24_LL3f_mi,10
239,182,141,233,635,310,325,0,1,1,p_1.30.24_LL3f_mi,10
240,179,143,225,662,312,350,0,1,1,p_1.30.24_LL3f_mi,10
241,172,139,221,668,314,354,0,1,1,p_1.30.24_LL3f_mi,10
242,167,137,220,669,330,339,0,1,1,p_1.30.24_LL3f_mi,10
243,179,134,229,652,318,334,0,1,1,p_1.30.24_LL3f_mi,10
244,181,137,227,653,318,335,0,1,1,p_1.30.24_LL3f_mi,10
245,178,135,228,651,316,335,0,1,1,p_1.30.24_LL3f_mi,10
246,176,133,225,664,326,338,0,1,1,p_1.30.24_LL3f_mi,10
247,169,135,218,673,334,339,0,1,1,p_1.30.24_LL3f_mi,10
248,175,142,222,674,336,338,0,1,1,p_1.30.24_LL3f_mi,10
249,177,130,229,650,330,320,0,1,1,p_1.30.24_LL3f_mi,10
250,178,124,227,653,324,329,0,1,1,p_1.30.24_LL3f_mi,10
251,163,129,211,699,345,354,0,1,1,p_1.30.24_LL3f_mi,10
252,187,133,227,659,329,330,0,1,1,p_1.30.24_LL3f_mi,10
253,175,135,226,663,332,331,0,1,1,p_1.30.24_LL3f_mi,10
254,168,141,221,678,340,338,0,1,1,p_1.30.24_LL3f_mi,10
255,173,138,222,666,324,342,0,1,1,p_1.30.24_LL3f_mi,10
256,174,134,224,662,324,338,0,1,1,p_1.30.24_LL3f_mi,10
257,175,136,226,654,328,326,0,1,1,p_1.30.24_LL3f_mi,10
258,180,141,231,644,316,328,0,1,1,p_1.30.24_LL3f_mi,10
259,177,148,225,657,319,338,0,1,1,p_1.30.24_LL3f_mi,10
260,178,133,229,655,317,338,0,1,1,p_1.30.24_LL3f_mi,10
261,172,136,217,688,335,353,0,1,1,p_1.30.24_LL3f_mi,10
262,180,134,226,655,324,331,0,1,1,p_1.30.24_LL3f_mi,10
263,175,132,227,651,335,316,0,1,1,p_1.30.24_LL3f_mi,10
264,172,133,220,670,340,330,0,1,1,p_1.30.24_LL3f_mi,10
265,178,141,229,647,333,314,0,1,1,p_1.30.24_LL3f_mi,10
266,177,133,227,655,339,316,0,1,1,p_1.30.24_LL3f_mi,10
267,178,140,227,654,322,332,0,1,1,p_1.30.24_LL3f_mi,10
268,170,130,214,692,339,353,0,1,1,p_1.30.24_LL3f_mi,10
269,173,139,224,659,328,331,0,1,1,p_1.30.24_LL3f_mi,10
270,173,139,221,674,328,346,0,1,1,p_1.30.24_LL3f_mi,10
271,176,138,223,666,325,341,0,1,1,p_1.30.24_LL3f_mi,10
272,174,136,226,659,314,345,0,1,1,p_1.30.24_LL3f_mi,10
273,180,146,225,662,312,350,0,1,1,p_1.30.24_LL3f_mi,10
274,181,136,229,652,305,347,0,1,1,p_1.30.24_LL3f_mi,10
275,178,142,219,680,323,357,0,1,1,p_1.30.24_LL3f_mi,10
276,151,122,198,728,360,368,0,1,1,p_1.30.24_LL3f_mi,10
277,177,137,225,663,313,350,0,1,1,p_1.30.24_LL3f_mi,10
278,182,142,229,645,305,340,0,1,1,p_1.30.24_LL3f_mi,10
279,170,130,221,667,315,352,0,1,1,p_1.30.24_LL3f_mi,10
280,175,139,218,683,339,344,0,1,1,p_1.30.24_LL3f_mi,10
281,174,135,227,655,327,328,0,1,1,p_1.30.24_LL3f_mi,10
282,174,132,231,642,336,306,0,1,1,p_1.30.24_LL3f_mi,10
283,173,135,228,651,341,310,0,1,1,p_1.30.24_LL3f_mi,10
284,175,133,225,661,332,329,0,1,1,p_1.30.24_LL3f_mi,10
285,174,131,218,686,334,352,0,1,1,p_1.30.24_LL3f_mi,10
286,171,131,223,668,324,344,0,1,1,p_1.30.24_LL3f_mi,10
287,172,143,220,675,330,345,0,1,1,p_1.30.24_LL3f_mi,10
288,172,138,223,664,330,334,0,1,1,p_1.30.24_LL3f_mi,10
289,183,144,229,647,311,336,0,1,1,p_1.30.24_LL3f_mi,10
290,178,139,228,651,314,337,0,1,1,p_1.30.24_LL3f_mi,10
291,171,134,222,670,327,343,0,1,1,p_1.30.24_LL3f_mi,10
292,180,148,229,654,316,338,0,1,1,p_1.30.24_LL3f_mi,10
293,179,141,229,643,299,344,0,1,1,p_1.30.24_LL3f_mi,10
294,176,134,224,666,315,351,0,1,1,p_1.30.24_LL3f_mi,10
295,172,124,220,677,331,346,0,1,1,p_1.30.24_LL3f_mi,10
296,173,135,219,679,344,335,0,1,1,p_1.30.24_LL3f_mi,10
297,178,138,225,662,331,331,0,1,1,p_1.30.24_LL3f_mi,10
298,176,133,221,676,344,332,0,1,1,p_1.30.24_LL3f_mi,10
299,171,128,225,662,344,318,0,1,1,p_1.30.24_LL3f_mi,10
300,182,144,224,660,337,323,0,1,1,p_1.30.24_LL3f_mi,10
301,169,129,214,688,360,328,0,1,1,p_1.30.24_LL3f_mi,10
302,179,141,225,663,344,319,0,1,1,p_1.30.24_LL3f_mi,10
303,182,143,228,649,358,291,0,1,1,p_1.30.24_LL3f_mi,10
304,166,125,220,679,354,325,0,1,1,p_1.30.24_LL3f_mi,10
305,167,122,219,674,344,330,0,1,1,p_1.30.24_LL3f_mi,10
306,173,134,220,677,344,333,0,1,1,p_1.30.24_LL3f_mi,10
307,170,135,222,672,338,334,0,1,1,p_1.30.24_LL3f_mi,10
308,166,132,219,677,341,336,0,1,1,p_1.30.24_LL3f_mi,10
309,168,133,220,671,339,332,0,1,1,p_1.30.24_LL3f_mi,10
310,177,138,223,672,328,344,0,1,1,p_1.30.24_LL3f_mi,10
311,168,129,219,676,338,338,0,1,1,p_1.30.24_LL3f_mi,10
312,177,133,226,663,332,331,0,1,1,p_1.30.24_LL3f_mi,10
313,175,140,221,669,339,330,0,1,1,p_1.30.24_LL3f_mi,10
314,182,139,225,657,333,324,0,1,1,p_1.30.24_LL3f_mi,10
315,176,139,230,646,313,333,0,1,1,p_1.30.24_LL3f_mi,10
316,176,143,229,656,329,327,0,1,1,p_1.30.24_LL3f_mi,10
317,174,132,221,673,336,337,0,1,1,p_1.30.24_LL3f_mi,10
318,170,128,228,648,344,304,0,1,1,p_1.30.24_LL3f_mi,10
319,170,132,221,670,340,330,0,1,1,p_1.30.24_LL3f_mi,10
320,176,131,218,683,333,350,0,1,1,p_1.30.24_LL3f_mi,10
321,171,136,221,673,334,339,0,1,1,p_1.30.24_LL3f_mi,10
322,167,129,225,658,325,333,0,1,1,p_1.30.24_LL3f_mi,10
323,177,137,229,653,322,331,0,1,1,p_1.30.24_LL3f_mi,10
324,172,130,220,670,346,324,0,1,1,p_1.30.24_LL3f_mi,10
325,172,136,219,676,327,349,0,1,1,p_1.30.24_LL3f_mi,10
326,168,140,213,700,347,353,0,1,1,p_1.30.24_LL3f_mi,10
327,172,129,223,666,322,344,0,1,1,p_1.30.24_LL3f_mi,10
328,166,138,222,676,325,351,0,1,1,p_1.30.24_LL3f_mi,10
329,178,136,226,655,296,359,0,1,1,p_1.30.24_LL3f_mi,10
330,175,142,223,664,295,369,0,1,1,p_1.30.24_LL3f_mi,10
331,169,136,228,654,302,352,0,1,1,p_1.30.24_LL3f_mi,10
332,174,134,226,656,316,340,0,1,1,p_1.30.24_LL3f_mi,10
333,174,139,226,652,304,348,0,1,1,p_1.30.24_LL3f_mi,10
334,171,137,222,663,327,336,0,1,1,p_1.30.24_LL3f_mi,10
335,175,136,221,672,316,356,0,1,1,p_1.30.24_LL3f_mi,10
336,177,141,231,642,307,335,0,1,1,p_1.30.24_LL3f_mi,10
337,173,140,228,657,318,339,0,1,1,p_1.30.24_LL3f_mi,10
338,172,135,218,681,324,357,0,1,1,p_1.30.24_LL3f_mi,10
339,172,141,217,683,324,359,0,1,1,p_1.30.24_LL3f_mi,10
340,184,138,233,637,311,326,0,1,1,p_1.30.24_LL3f_mi,10
341,177,135,227,662,327,335,0,1,1,p_1.30.24_LL3f_mi,10
342,172,134,217,684,343,341,0,1,1,p_1.30.24_LL3f_mi,10
343,166,129,219,676,349,327,0,1,1,p_1.30.24_LL3f_mi,10
344,189,138,234,632,316,316,0,1,1,p_1.30.24_LL3f_mi,10
345,181,142,222,670,330,340,0,1,1,p_1.30.24_LL3f_mi,10
346,179,135,222,671,354,317,0,1,1,p_1.30.24_LL3f_mi,10
347,175,136,231,644,335,309,0,1,1,p_1.30.24_LL3f_mi,10
348,174,141,222,668,335,333,0,1,1,p_1.30.24_LL3f_mi,10
349,175,132,225,662,314,348,0,1,1,p_1.30.24_LL3f_mi,10
350,183,136,233,641,304,337,0,1,1,p_1.30.24_LL3f_mi,10
1,9,9,11,623,309,314,0,1,2,p_1.30.24_LL3f_mi,10
2,106,97,133,843,432,411,0,1,2,p_1.30.24_LL3f_mi,10
3,123,107,167,791,407,384,0,1,2,p_1.30.24_LL3f_mi,10
4,162,131,207,707,350,357,0,1,2,p_1.30.24_LL3f_mi,10
5,172,136,217,682,339,343,0,1,2,p_1.30.24_LL3f_mi,10
6,175,127,231,648,330,318,0,1,2,p_1.30.24_LL3f_mi,10
7,177,137,226,659,328,331,0,1,2,p_1.30.24_LL3f_mi,10
8,174,135,223,662,336,326,0,1,2,p_1.30.24_LL3f_mi,10
9,165,132,218,682,352,330,0,1,2,p_1.30.24_LL3f_mi,10
10,173,135,220,675,359,316,0,1,2,p_1.30.24_LL3f_mi,10
11,178,140,229,652,356,296,0,1,2,p_1.30.24_LL3f_mi,10
12,171,127,224,671,343,328,0,1,2,p_1.30.24_LL3f_mi,10
13,172,131,216,683,354,329,0,1,2,p_1.30.24_LL3f_mi,10
14,175,141,223,674,334,340,0,1,2,p_1.30.24_LL3f_mi,10
15,180,136,231,645,330,315,0,1,2,p_1.30.24_LL3f_mi,10
16,172,142,218,676,342,334,0,1,2,p_1.30.24_LL3f_mi,10
17,177,134,220,674,345,329,0,1,2,p_1.30.24_LL3f_mi,10
18,187,143,229,648,318,330,0,1,2,p_1.30.24_LL3f_mi,10
19,177,139,227,659,313,346,0,1,2,p_1.30.24_LL3f_mi,10
20,178,134,233,635,304,331,0,1,2,p_1.30.24_LL3f_mi,10
21,166,135,221,676,342,334,0,1,2,p_1.30.24_LL3f_mi,10
22,172,140,219,680,346,334,0,1,2,p_1.30.24_LL3f_mi,10
23,166,134,221,667,348,319,0,1,2,p_1.30.24_LL3f_mi,10
24,177,143,222,668,341,327,0,1,2,p_1.30.24_LL3f_mi,10
25,167,136,222,664,307,357,0,1,2,p_1.30.24_LL3f_mi,10
26,163,140,206,710,329,381,0,1,2,p_1.30.24_LL3f_mi,10
27,169,132,221,681,325,356,0,1,2,p_1.30.24_LL3f_mi,10
28,178,138,229,653,299,354,0,1,2,p_1.30.24_LL3f_mi,10
29,182,141,226,658,320,338,0,1,2,p_1.30.24_LL3f_mi,10
30,169,131,220,669,331,338,0,1,2,p_1.30.24_LL3f_mi,10
31,181,141,231,632,295,337,0,1,2,p_1.30.24_LL3f_mi,10
32,177,139,228,651,300,351,0,1,2,p_1.30.24_LL3f_mi,10
33,174,137,229,640,306,334,0,1,2,p_1.30.24_LL3f_mi,10
34,183,141,227,655,319,336,0,1,2,p_1.30.24_LL3f_mi,10
35,175,142,221,670,342,328,0,1,2,p_1.30.24_LL3f_mi,10
36,169,132,215,691,362,329,0,1,2,p_1.30.24_LL3f_mi,10
37,165,126,213,694,365,329,0,1,2,p_1.30.24_LL3f_mi,10
38,167,134,219,674,336,338,0,1,2,p_1.30.24_LL3f_mi,10
39,175,139,223,668,347,321,0,1,2,p_1.30.24_LL3f_mi,10
40,178,137,236,625,312,313,0,1,2,p_1.30.24_LL3f_mi,10
41,180,134,226,659,321,338,0,1,2,p_1.30.24_LL3f_mi,10
42,179,145,230,646,311,335,0,1,2,p_1.30.24_LL3f_mi,10
43,170,138,221,671,317,354,0,1,2,p_1.30.24_LL3f_mi,10
44,176,137,225,661,312,349,0,1,2,p_1.30.24_LL3f_mi,10
45,180,137,219,681,344,337,0,1,2,p_1.30.24_LL3f_mi,10
46,174,137,226,664,343,321,0,1,2,p_1.30.24_LL3f_mi,10
47,173,133,227,656,341,315,0,1,2,p_1.30.24_LL3f_mi,10
48,177,139,223,662,330,332,0,1,2,p_1.30.24_LL3f_mi,10
49,171,128,222,668,315,353,0,1,2,p_1.30.24_LL3f_mi,10
50,170,141,222,677,314,363,0,1,2,p_1.30.24_LL3f_mi,10
51,145,122,198,737,366,371,0,1,2,p_1.30.24_LL3f_mi,10
52,169,133,220,672,343,329,0,1,2,p_1.30.24_LL3f_mi,10
53,190,154,231,638,330,308,0,1,2,p_1.30.24_LL3f_mi,10
54,180,141,229,653,329,324,0,1,2,p_1.30.24_LL3f_mi,10
55,174,131,218,678,346,332,0,1,2,p_1.30.24_LL3f_mi,10
56,174,133,225,665,346,319,0,1,2,p_1.30.24_LL3f_mi,10
57,169,127,222,666,347,319,0,1,2,p_1.30.24_LL3f_mi,10
58,172,134,225,670,351,319,0,1,2,p_1.30.24_LL3f_mi,10
59,166,127,216,692,371,321,0,1,2,p_1.30.24_LL3f_mi,10
60,166,129,213,685,356,329,0,1,2,p_1.30.24_LL3f_mi,10
61,168,136,220,672,327,345,0,1,2,p_1.30.24_LL3f_mi,10
62,173,132,220,679,326,353,0,1,2,p_1.30.24_LL3f_mi,10
63,175,138,222,666,321,345,0,1,2,p_1.30.24_LL3f_mi,10
64,176,133,226,659,337,322,0,1,2,p_1.30.24_LL3f_mi,10
65,158,127,212,697,365,332,0,1,2,p_1.30.24_LL3f_mi,10
66,169,129,220,679,345,334,0,1,2,p_1.30.24_LL3f_mi,10
67,169,132,221,670,323,347,0,1,2,p_1.30.24_LL3f_mi,10
68,168,128,227,652,327,325,0,1,2,p_1.30.24_LL3f_mi,10
69,171,133,218,678,353,325,0,1,2,p_1.30.24_LL3f_mi,10
70,171,136,220,678,349,329,0,1,2,p_1.30.24_LL3f_mi,10
71,175,142,222,672,337,335,0,1,2,p_1.30.24_LL3f_mi,10
72,176,139,224,669,339,330,0,1,2,p_1.30.24_LL3f_mi,10
73,180,140,230,644,328,316,0,1,2,p_1.30.24_LL3f_mi,10
74,171,127,216,685,340,345,0,1,2,p_1.30.24_LL3f_mi,10
75,182,135,232,641,325,316,0,1,2,p_1.30.24_LL3f_mi,10
76,161,127,206,712,352,360,0,1,2,p_1.30.24_LL3f_mi,10
77,168,132,213,693,348,345,0,1,2,p_1.30.24_LL3f_mi,10
78,168,131,221,676,345,331,0,1,2,p_1.30.24_LL3f_mi,10
79,182,136,232,635,332,303,0,1,2,p_1.30.24_LL3f_mi,10
80,173,135,229,647,339,308,0,1,2,p_1.30.24_LL3f_mi,10
81,177,129,224,674,362,312,0,1,2,p_1.30.24_LL3f_mi,10
82,166,129,226,661,356,305,0,1,2,p_1.30.24_LL3f_mi,10
83,167,127,219,682,353,329,0,1,2,p_1.30.24_LL3f_mi,10
84,167,129,222,671,354,317,0,1,2,p_1.30.24_LL3f_mi,10
85,170,134,221,668,340,328,0,1,2,p_1.30.24_LL3f_mi,10
86,176,135,223,660,331,329,0,1,2,p_1.30.24_LL3f_mi,10
87,170,134,223,670,346,324,0,1,2,p_1.30.24_LL3f_mi,10
88,172,135,226,654,345,309,0,1,2,p_1.30.24_LL3f_mi,10
89,177,133,226,658,344,314,0,1,2,p_1.30.24_LL3f_mi,10
90,174,129,227,659,333,326,0,1,2,p_1.30.24_LL3f_mi,10
91,176,143,222,672,337,335,0,1,2,p_1.30.24_LL3f_mi,10
92,172,127,223,668,345,323,0,1,2,p_1.30.24_LL3f_mi,10
93,168,131,220,675,346,329,0,1,2,p_1.30.24_LL3f_mi,10
94,182,137,224,664,336,328,0,1,2,p_1.30.24_LL3f_mi,10
95,177,146,226,662,327,335,0,1,2,p_1.30.24_LL3f_mi,10
96,171,133,219,680,322,358,0,1,2,p_1.30.24_LL3f_mi,10
97,176,136,222,667,328,339,0,1,2,p_1.30.24_LL3f_mi,10
98,178,135,229,655,335,320,0,1,2,p_1.30.24_LL3f_mi,10
99,179,142,229,654,320,334,0,1,2,p_1.30.24_LL3f_mi,10
100,143,116,183,683,347,336,0,1,2,p_1.30.24_LL3f_mi,10
101,113,96,147,677,355,322,0,1,2,p_1.30.24_LL3f_mi,10
102,114,94,150,589,301,288,0,1,2,p_1.30.24_LL3f_mi,10
103,116,94,149,509,256,253,0,1,2,p_1.30.24_LL3f_mi,10
104,91,79,120,491,233,258,0,1,2,p_1.30.24_LL3f_mi,10
105,94,77,112,432,208,224,0,1,2,p_1.30.24_LL3f_mi,10
106,73,64,98,380,188,192,0,1,2,p_1.30.24_LL3f_mi,10
107,63,53,80,338,162,176,0,1,2,p_1.30.24_LL3f_mi,10
108,39,36,53,306,138,168,0,1,2,p_1.30.24_LL3f_mi,10
109,32,28,42,252,119,133,0,1,2,p_1.30.24_LL3f_mi,10
110,25,23,33,203,93,110,0,1,2,p_1.30.24_LL3f_mi,10
111,29,22,38,164,80,84,0,1,2,p_1.30.24_LL3f_mi,10
112,26,23,37,142,68,74,0,1,2,p_1.30.24_LL3f_mi,10
113,30,23,37,123,59,64,0,1,2,p_1.30.24_LL3f_mi,10
114,28,21,35,117,60,57,0,1,2,p_1.30.24_LL3f_mi,10
115,29,23,34,105,51,54,0,1,2,p_1.30.24_LL3f_mi,10
116,24,18,32,97,51,46,0,1,2,p_1.30.24_LL3f_mi,10
117,23,15,32,99,54,45,0,1,2,p_1.30.24_LL3f_mi,10
118,28,20,34,100,52,48,0,1,2,p_1.30.24_LL3f_mi,10
119,28,22,34,106,50,56,0,1,2,p_1.30.24_LL3f_mi,10
120,28,20,36,107,42,65,0,1,2,p_1.30.24_LL3f_mi,10
121,26,25,34,103,41,62,0,1,2,p_1.30.24_LL3f_mi,10
122,27,23,35,106,46,60,0,1,2,p_1.30.24_LL3f_mi,10
123,29,22,36,120,64,56,0,1,2,p_1.30.24_LL3f_mi,10
124,26,21,36,123,59,64,0,1,2,p_1.30.24_LL3f_mi,10
125,24,18,38,134,67,67,18,1,2,p_1.30.24_LL3f_mi,10
126,25,20,37,133,71,62,11,1,2,p_1.30.24_LL3f_mi,10
127,27,22,37,126,67,59,4,1,2,p_1.30.24_LL3f_mi,10
128,29,20,35,123,68,55,2,1,2,p_1.30.24_LL3f_mi,10
129,26,19,35,106,58,48,0,1,2,p_1.30.24_LL3f_mi,10
130,25,22,32,99,51,48,0,1,2,p_1.30.24_LL3f_mi,10
131,31,26,36,112,54,58,0,1,2,p_1.30.24_LL3f_mi,10
132,27,19,34,107,46,61,0,1,2,p_1.30.24_LL3f_mi,10
133,26,20,34,105,51,54,0,1,2,p_1.30.24_LL3f_mi,10
134,25,20,33,98,48,50,0,1,2,p_1.30.24_LL3f_mi,10
135,28,21,34,99,43,56,0,1,2,p_1.30.24_LL3f_mi,10
136,26,21,33,100,46,54,0,1,2,p_1.30.24_LL3f_mi,10
137,26,20,33,101,53,48,0,1,2,p_1.30.24_LL3f_mi,10
138,26,21,34,98,46,52,0,1,2,p_1.30.24_LL3f_mi,10
139,24,19,32,93,39,54,0,1,2,p_1.30.24_LL3f_mi,10
140,26,20,36,124,54,70,21,1,2,p_1.30.24_LL3f_mi,10
141,29,24,35,114,47,67,7,1,2,p_1.30.24_LL3f_mi,10
142,25,20,33,107,49,58,3,1,2,p_1.30.24_LL3f_mi,10
143,24,18,32,99,46,53,3,1,2,p_1.30.24_LL3f_mi,10
144,25,18,32,90,48,42,0,1,2,p_1.30.24_LL3f_mi,10
145,25,18,32,91,48,43,0,1,2,p_1.30.24_LL3f_mi,10
146,29,23,33,94,51,43,0,1,2,p_1.30.24_LL3f_mi,10
147,26,20,34,97,51,46,0,1,2,p_1.30.24_LL3f_mi,10
148,25,20,34,108,55,53,0,1,2,p_1.30.24_LL3f_mi,10
149,28,23,33,103,53,50,0,1,2,p_1.30.24_LL3f_mi,10
150,27,23,34,104,48,56,0,1,2,p_1.30.24_LL3f_mi,10
151,54,35,80,118,54,64,0,1,2,p_1.30.24_LL3f_mi,10
152,67,45,99,154,70,84,0,1,2,p_1.30.24_LL3f_mi,10
153,81,60,120,198,88,110,0,1,2,p_1.30.24_LL3f_mi,10
154,105,70,144,264,132,132,0,1,2,p_1.30.24_LL3f_mi,10
155,127,85,163,347,170,177,17,1,2,p_1.30.24_LL3f_mi,10
156,142,103,178,408,201,207,7,1,2,p_1.30.24_LL3f_mi,10
157,151,104,193,451,238,213,8,1,2,p_1.30.24_LL3f_mi,10
158,168,121,210,493,263,230,3,1,2,p_1.30.24_LL3f_mi,10
159,176,120,225,561,312,249,1,1,2,p_1.30.24_LL3f_mi,10
160,179,136,239,608,336,272,1,1,2,p_1.30.24_LL3f_mi,10
161,184,135,232,633,342,291,0,1,2,p_1.30.24_LL3f_mi,10
162,171,127,226,658,346,312,0,1,2,p_1.30.24_LL3f_mi,10
163,173,131,221,671,348,323,0,1,2,p_1.30.24_LL3f_mi,10
164,174,136,218,677,358,319,0,1,2,p_1.30.24_LL3f_mi,10
165,170,140,220,672,357,315,0,1,2,p_1.30.24_LL3f_mi,10
166,171,134,223,661,341,320,0,1,2,p_1.30.24_LL3f_mi,10
167,176,138,226,660,348,312,0,1,2,p_1.30.24_LL3f_mi,10
168,170,133,221,671,351,320,0,1,2,p_1.30.24_LL3f_mi,10
169,174,138,226,662,332,330,0,1,2,p_1.30.24_LL3f_mi,10
170,159,124,211,689,347,342,16,1,2,p_1.30.24_LL3f_mi,10
171,178,140,233,634,328,306,14,1,2,p_1.30.24_LL3f_mi,10
172,184,140,230,644,339,305,10,1,2,p_1.30.24_LL3f_mi,10
173,171,124,220,672,332,340,5,1,2,p_1.30.24_LL3f_mi,10
174,166,132,216,686,336,350,3,1,2,p_1.30.24_LL3f_mi,10
175,178,143,228,653,315,338,1,1,2,p_1.30.24_LL3f_mi,10
176,171,133,213,696,358,338,1,1,2,p_1.30.24_LL3f_mi,10
177,175,132,222,674,341,333,0,1,2,p_1.30.24_LL3f_mi,10
178,175,127,221,668,333,335,0,1,2,p_1.30.24_LL3f_mi,10
179,175,139,226,655,325,330,0,1,2,p_1.30.24_LL3f_mi,10
180,176,137,228,655,339,316,0,1,2,p_1.30.24_LL3f_mi,10
181,167,131,226,662,335,327,0,1,2,p_1.30.24_LL3f_mi,10
182,178,139,228,650,318,332,0,1,2,p_1.30.24_LL3f_mi,10
183,170,136,220,675,328,347,0,1,2,p_1.30.24_LL3f_mi,10
184,177,134,229,645,307,338,0,1,2,p_1.30.24_LL3f_mi,10
185,177,142,225,659,318,341,0,1,2,p_1.30.24_LL3f_mi,10
186,173,123,226,660,341,319,0,1,2,p_1.30.24_LL3f_mi,10
187,176,131,221,669,348,321,0,1,2,p_1.30.24_LL3f_mi,10
188,181,143,229,660,326,334,0,1,2,p_1.30.24_LL3f_mi,10
189,178,137,235,623,308,315,0,1,2,p_1.30.24_LL3f_mi,10
190,175,127,221,675,345,330,0,1,2,p_1.30.24_LL3f_mi,10
191,177,138,225,661,335,326,0,1,2,p_1.30.24_LL3f_mi,10
192,168,134,225,664,329,335,0,1,2,p_1.30.24_LL3f_mi,10
193,176,131,229,651,340,311,0,1,2,p_1.30.24_LL3f_mi,10
194,168,126,215,686,360,326,0,1,2,p_1.30.24_LL3f_mi,10
195,177,135,226,657,353,304,0,1,2,p_1.30.24_LL3f_mi,10
196,173,136,227,658,366,292,0,1,2,p_1.30.24_LL3f_mi,10
197,176,129,226,657,346,311,0,1,2,p_1.30.24_LL3f_mi,10
198,183,136,226,658,349,309,0,1,2,p_1.30.24_LL3f_mi,10
199,174,129,223,667,361,306,0,1,2,p_1.30.24_LL3f_mi,10
200,175,138,223,664,345,319,0,1,2,p_1.30.24_LL3f_mi,10
201,155,126,204,715,375,340,0,1,2,p_1.30.24_LL3f_mi,10
202,172,132,225,661,339,322,0,1,2,p_1.30.24_LL3f_mi,10
203,182,134,226,662,339,323,0,1,2,p_1.30.24_LL3f_mi,10
204,176,137,224,666,345,321,0,1,2,p_1.30.24_LL3f_mi,10
205,175,139,225,661,341,320,0,1,2,p_1.30.24_LL3f_mi,10
206,172,137,221,667,326,341,0,1,2,p_1.30.24_LL3f_mi,10
207,173,131,222,666,321,345,0,1,2,p_1.30.24_LL3f_mi,10
208,178,126,227,649,303,346,0,1,2,p_1.30.24_LL3f_mi,10
209,167,126,224,670,343,327,0,1,2,p_1.30.24_LL3f_mi,10
210,165,128,212,702,351,351,0,1,2,p_1.30.24_LL3f_mi,10
211,171,132,219,672,332,340,0,1,2,p_1.30.24_LL3f_mi,10
212,178,139,229,649,310,339,0,1,2,p_1.30.24_LL3f_mi,10
213,174,138,229,655,310,345,0,1,2,p_1.30.24_LL3f_mi,10
214,173,144,226,654,301,353,0,1,2,p_1.30.24_LL3f_mi,10
215,164,125,220,669,319,350,0,1,2,p_1.30.24_LL3f_mi,10
216,180,138,224,662,315,347,0,1,2,p_1.30.24_LL3f_mi,10
217,168,133,222,667,326,341,0,1,2,p_1.30.24_LL3f_mi,10
218,176,130,220,677,337,340,0,1,2,p_1.30.24_LL3f_mi,10
219,173,131,225,660,340,320,0,1,2,p_1.30.24_LL3f_mi,10
220,166,130,215,687,356,331,0,1,2,p_1.30.24_LL3f_mi,10
221,179,144,222,667,336,331,0,1,2,p_1.30.24_LL3f_mi,10
222,185,148,232,649,319,330,0,1,2,p_1.30.24_LL3f_mi,10
223,175,139,221,677,335,342,0,1,2,p_1.30.24_LL3f_mi,10
224,176,137,222,662,325,337,0,1,2,p_1.30.24_LL3f_mi,10
225,174,134,223,667,330,337,0,1,2,p_1.30.24_LL3f_mi,10
226,153,128,193,741,362,379,0,1,2,p_1.30.24_LL3f_mi,10
227,172,129,218,681,350,331,0,1,2,p_1.30.24_LL3f_mi,10
228,179,141,224,659,342,317,0,1,2,p_1.30.24_LL3f_mi,10
229,168,134,225,660,333,327,0,1,2,p_1.30.24_LL3f_mi,10
230,172,135,224,666,324,342,0,1,2,p_1.30.24_LL3f_mi,10
231,180,144,223,662,308,354,0,1,2,p_1.30.24_LL3f_mi,10
232,180,133,238,622,283,339,0,1,2,p_1.30.24_LL3f_mi,10
233,172,138,222,670,286,384,0,1,2,p_1.30.24_LL3f_mi,10
234,171,139,224,666,292,374,0,1,2,p_1.30.24_LL3f_mi,10
235,170,140,221,669,305,364,0,1,2,p_1.30.24_LL3f_mi,10
236,179,141,223,660,315,345,0,1,2,p_1.30.24_LL3f_mi,10
237,187,144,231,649,317,332,0,1,2,p_1.30.24_LL3f_mi,10
238,170,131,222,667,320,347,0,1,2,p_1.30.24_LL3f_mi,10
239,170,130,218,690,324,366,0,1,2,p_1.30.24_LL3f_mi,10
240,165,129,219,678,328,350,0,1,2,p_1.30.24_LL3f_mi,10
241,183,141,228,654,316,338,0,1,2,p_1.30.24_LL3f_mi,10
242,173,135,222,672,354,318,0,1,2,p_1.30.24_LL3f_mi,10
243,179,134,232,638,335,303,0,1,2,p_1.30.24_LL3f_mi,10
244,180,141,226,657,347,310,0,1,2,p_1.30.24_LL3f_mi,10
245,171,137,219,677,356,321,0,1,2,p_1.30.24_LL3f_mi,10
246,172,138,220,684,359,325,0,1,2,p_1.30.24_LL3f_mi,10
247,171,132,225,659,339,320,0,1,2,p_1.30.24_LL3f_mi,10
248,160,123,217,683,346,337,0,1,2,p_1.30.24_LL3f_mi,10
249,180,145,229,646,322,324,0,1,2,p_1.30.24_LL3f_mi,10
250,175,130,226,658,329,329,0,1,2,p_1.30.24_LL3f_mi,10
251,160,127,206,715,354,361,0,1,2,p_1.30.24_LL3f_mi,10
252,165,125,217,681,355,326,0,1,2,p_1.30.24_LL3f_mi,10
253,182,141,229,651,345,306,0,1,2,p_1.30.24_LL3f_mi,10
254,182,134,228,652,327,325,0,1,2,p_1.30.24_LL3f_mi,10
255,186,143,230,648,308,340,0,1,2,p_1.30.24_LL3f_mi,10
256,170,136,228,651,302,349,0,1,2,p_1.30.24_LL3f_mi,10
257,178,143,226,655,309,346,0,1,2,p_1.30.24_LL3f_mi,10
258,175,134,225,660,316,344,0,1,2,p_1.30.24_LL3f_mi,10
259,178,135,221,670,309,361,0,1,2,p_1.30.24_LL3f_mi,10
260,176,136,225,661,308,353,0,1,2,p_1.30.24_LL3f_mi,10
261,176,140,227,653,308,345,0,1,2,p_1.30.24_LL3f_mi,10
262,166,127,217,686,341,345,0,1,2,p_1.30.24_LL3f_mi,10
263,179,135,228,655,325,330,0,1,2,p_1.30.24_LL3f_mi,10
264,169,134,221,678,343,335,0,1,2,p_1.30.24_LL3f_mi,10
265,175,131,223,673,353,320,0,1,2,p_1.30.24_LL3f_mi,10
266,190,137,234,630,322,308,0,1,2,p_1.30.24_LL3f_mi,10
267,180,144,228,652,326,326,0,1,2,p_1.30.24_LL3f_mi,10
268,175,132,229,650,317,333,0,1,2,p_1.30.24_LL3f_mi,10
269,172,133,221,673,341,332,0,1,2,p_1.30.24_LL3f_mi,10
270,160,120,215,685,333,352,0,1,2,p_1.30.24_LL3f_mi,10
271,183,138,226,655,314,341,0,1,2,p_1.30.24_LL3f_mi,10
272,175,134,225,662,328,334,0,1,2,p_1.30.24_LL3f_mi,10
273,177,141,226,658,330,328,0,1,2,p_1.30.24_LL3f_mi,10
274,174,138,220,670,352,318,0,1,2,p_1.30.24_LL3f_mi,10
275,169,137,222,672,342,330,0,1,2,p_1.30.24_LL3f_mi,10
276,151,121,199,727,374,353,0,1,2,p_1.30.24_LL3f_mi,10
277,167,138,212,698,355,343,0,1,2,p_1.30.24_LL3f_mi,10
278,172,135,224,660,317,343,0,1,2,p_1.30.24_LL3f_mi,10
279,187,139,230,650,332,318,0,1,2,p_1.30.24_LL3f_mi,10
280,177,133,223,665,327,338,0,1,2,p_1.30.24_LL3f_mi,10
281,182,142,228,655,319,336,0,1,2,p_1.30.24_LL3f_mi,10
282,175,143,229,655,331,324,0,1,2,p_1.30.24_LL3f_mi,10
283,183,133,229,656,322,334,0,1,2,p_1.30.24_LL3f_mi,10
284,180,136,224,669,321,348,0,1,2,p_1.30.24_LL3f_mi,10
285,175,140,222,678,356,322,0,1,2,p_1.30.24_LL3f_mi,10
286,176,143,222,669,331,338,0,1,2,p_1.30.24_LL3f_mi,10
287,180,141,224,657,311,346,0,1,2,p_1.30.24_LL3f_mi,10
288,173,144,221,671,324,347,0,1,2,p_1.30.24_LL3f_mi,10
289,174,146,225,662,317,345,0,1,2,p_1.30.24_LL3f_mi,10
290,187,143,226,660,331,329,0,1,2,p_1.30.24_LL3f_mi,10
291,176,134,221,680,338,342,0,1,2,p_1.30.24_LL3f_mi,10
292,169,130,217,686,342,344,0,1,2,p_1.30.24_LL3f_mi,10
293,178,135,228,654,318,336,0,1,2,p_1.30.24_LL3f_mi,10
294,175,134,222,672,343,329,0,1,2,p_1.30.24_LL3f_mi,10
295,177,136,231,642,322,320,0,1,2,p_1.30.24_LL3f_mi,10
296,178,129,224,665,328,337,0,1,2,p_1.30.24_LL3f_mi,10
297,168,134,219,682,338,344,0,1,2,p_1.30.24_LL3f_mi,10
298,170,136,229,646,316,330,0,1,2,p_1.30.24_LL3f_mi,10
299,177,136,230,648,319,329,0,1,2,p_1.30.24_LL3f_mi,10
300,170,132,220,673,328,345,0,1,2,p_1.30.24_LL3f_mi,10
301,153,128,200,726,354,372,0,1,2,p_1.30.24_LL3f_mi,10
302,181,138,228,656,320,336,0,1,2,p_1.30.24_LL3f_mi,10
303,178,131,229,655,324,331,0,1,2,p_1.30.24_LL3f_mi,10
304,183,143,227,652,319,333,0,1,2,p_1.30.24_LL3f_mi,10
305,183,145,229,655,319,336,0,1,2,p_1.30.24_LL3f_mi,10
306,176,141,224,662,324,338,0,1,2,p_1.30.24_LL3f_mi,10
307,178,139,227,659,332,327,0,1,2,p_1.30.24_LL3f_mi,10
308,169,133,228,647,310,337,0,1,2,p_1.30.24_LL3f_mi,10
309,182,143,224,665,321,344,0,1,2,p_1.30.24_LL3f_mi,10
310,171,142,222,670,329,341,0,1,2,p_1.30.24_LL3f_mi,10
311,166,135,219,678,325,353,0,1,2,p_1.30.24_LL3f_mi,10
312,180,145,227,653,315,338,0,1,2,p_1.30.24_LL3f_mi,10
313,171,138,224,665,323,342,0,1,2,p_1.30.24_LL3f_mi,10
314,185,141,230,660,307,353,0,1,2,p_1.30.24_LL3f_mi,10
315,169,133,227,664,330,334,0,1,2,p_1.30.24_LL3f_mi,10
316,166,131,213,694,367,327,0,1,2,p_1.30.24_LL3f_mi,10
317,176,135,226,658,342,316,0,1,2,p_1.30.24_LL3f_mi,10
318,185,142,236,622,323,299,0,1,2,p_1.30.24_LL3f_mi,10
319,171,137,219,676,338,338,0,1,2,p_1.30.24_LL3f_mi,10
320,171,132,224,663,330,333,0,1,2,p_1.30.24_LL3f_mi,10
321,170,131,220,680,331,349,0,1,2,p_1.30.24_LL3f_mi,10
322,178,137,223,669,317,352,0,1,2,p_1.30.24_LL3f_mi,10
323,164,138,218,679,313,366,0,1,2,p_1.30.24_LL3f_mi,10
324,180,145,226,656,304,352,0,1,2,p_1.30.24_LL3f_mi,10
325,175,138,224,664,322,342,0,1,2,p_1.30.24_LL3f_mi,10
326,168,135,210,704,342,362,0,1,2,p_1.30.24_LL3f_mi,10
327,178,141,225,662,329,333,0,1,2,p_1.30.24_LL3f_mi,10
328,175,135,229,657,332,325,0,1,2,p_1.30.24_LL3f_mi,10
329,169,135,221,675,341,334,0,1,2,p_1.30.24_LL3f_mi,10
330,173,136,222,674,338,336,0,1,2,p_1.30.24_LL3f_mi,10
331,172,137,215,689,348,341,0,1,2,p_1.30.24_LL3f_mi,10
332,176,142,226,659,343,316,0,1,2,p_1.30.24_LL3f_mi,10
333,181,142,230,643,337,306,0,1,2,p_1.30.24_LL3f_mi,10
334,175,130,231,646,335,311,0,1,2,p_1.30.24_LL3f_mi,10
335,164,125,215,689,356,333,0,1,2,p_1.30.24_LL3f_mi,10
336,174,138,222,674,338,336,0,1,2,p_1.30.24_LL3f_mi,10
337,169,140,220,675,331,344,0,1,2,p_1.30.24_LL3f_mi,10
338,174,132,218,680,339,341,0,1,2,p_1.30.24_LL3f_mi,10
339,182,145,226,662,334,328,0,1,2,p_1.30.24_LL3f_mi,10
340,171,134,221,669,335,334,0,1,2,p_1.30.24_LL3f_mi,10
341,179,138,232,646,333,313,0,1,2,p_1.30.24_LL3f_mi,10
342,174,139,227,660,322,338,0,1,2,p_1.30.24_LL3f_mi,10
343,183,133,232,638,324,314,0,1,2,p_1.30.24_LL3f_mi,10
344,178,135,223,671,342,329,0,1,2,p_1.30.24_LL3f_mi,10
345,168,132,221,676,343,333,0,1,2,p_1.30.24_LL3f_mi,10
346,181,138,231,638,320,318,0,1,2,p_1.30.24_LL3f_mi,10
347,170,128,226,655,327,328,0,1,2,p_1.30.24_LL3f_mi,10
348,174,135,225,660,328,332,0,1,2,p_1.30.24_LL3f_mi,10
349,177,136,228,653,335,318,0,1,2,p_1.30.24_LL3f_mi,10
350,178,145,228,653,338,315,0,1,2,p_1.30.24_LL3f_mi,10
1,5,4,7,607,294,313,0,1,3,p_1.30.24_LL3f_mi,10
2,87,80,110,874,425,449,0,1,3,p_1.30.24_LL3f_mi,10
3,117,99,151,816,384,432,0,1,3,p_1.30.24_LL3f_mi,10
4,162,131,204,713,350,363,0,1,3,p_1.30.24_LL3f_mi,10
5,172,134,226,655,314,341,0,1,3,p_1.30.24_LL3f_mi,10
6,180,142,227,651,330,321,0,1,3,p_1.30.24_LL3f_mi,10
7,173,139,223,669,349,320,0,1,3,p_1.30.24_LL3f_mi,10
8,172,133,220,675,356,319,0,1,3,p_1.30.24_LL3f_mi,10
9,173,133,222,669,342,327,0,1,3,p_1.30.24_LL3f_mi,10
10,169,122,221,675,350,325,0,1,3,p_1.30.24_LL3f_mi,10
11,177,133,226,661,319,342,0,1,3,p_1.30.24_LL3f_mi,10
12,169,128,225,661,310,351,0,1,3,p_1.30.24_LL3f_mi,10
13,167,139,221,671,320,351,0,1,3,p_1.30.24_LL3f_mi,10
14,175,132,220,676,306,370,0,1,3,p_1.30.24_LL3f_mi,10
15,175,131,225,656,296,360,0,1,3,p_1.30.24_LL3f_mi,10
16,172,144,222,668,312,356,0,1,3,p_1.30.24_LL3f_mi,10
17,166,133,220,675,328,347,0,1,3,p_1.30.24_LL3f_mi,10
18,177,130,223,672,337,335,0,1,3,p_1.30.24_LL3f_mi,10
19,177,139,224,671,329,342,0,1,3,p_1.30.24_LL3f_mi,10
20,178,140,225,662,312,350,0,1,3,p_1.30.24_LL3f_mi,10
21,175,136,217,686,321,365,0,1,3,p_1.30.24_LL3f_mi,10
22,174,139,221,670,318,352,0,1,3,p_1.30.24_LL3f_mi,10
23,167,134,221,675,316,359,0,1,3,p_1.30.24_LL3f_mi,10
24,176,135,223,670,332,338,0,1,3,p_1.30.24_LL3f_mi,10
25,173,133,226,662,323,339,0,1,3,p_1.30.24_LL3f_mi,10
26,158,126,198,731,354,377,0,1,3,p_1.30.24_LL3f_mi,10
27,165,130,220,671,318,353,0,1,3,p_1.30.24_LL3f_mi,10
28,183,147,230,636,317,319,0,1,3,p_1.30.24_LL3f_mi,10
29,176,142,231,642,315,327,0,1,3,p_1.30.24_LL3f_mi,10
30,175,132,228,654,317,337,0,1,3,p_1.30.24_LL3f_mi,10
31,175,137,229,652,309,343,0,1,3,p_1.30.24_LL3f_mi,10
32,176,135,223,669,320,349,0,1,3,p_1.30.24_LL3f_mi,10
33,178,137,226,658,321,337,0,1,3,p_1.30.24_LL3f_mi,10
34,168,130,219,677,336,341,0,1,3,p_1.30.24_LL3f_mi,10
35,174,140,221,671,337,334,0,1,3,p_1.30.24_LL3f_mi,10
36,178,136,224,669,324,345,0,1,3,p_1.30.24_LL3f_mi,10
37,169,137,228,654,293,361,0,1,3,p_1.30.24_LL3f_mi,10
38,168,131,225,668,328,340,0,1,3,p_1.30.24_LL3f_mi,10
39,174,140,225,664,323,341,0,1,3,p_1.30.24_LL3f_mi,10
40,172,136,224,666,327,339,0,1,3,p_1.30.24_LL3f_mi,10
41,178,142,224,659,332,327,0,1,3,p_1.30.24_LL3f_mi,10
42,175,137,224,662,334,328,0,1,3,p_1.30.24_LL3f_mi,10
43,167,129,222,662,316,346,0,1,3,p_1.30.24_LL3f_mi,10
44,178,144,229,648,311,337,0,1,3,p_1.30.24_LL3f_mi,10
45,176,133,230,643,290,353,0,1,3,p_1.30.24_LL3f_mi,10
46,173,135,220,678,320,358,0,1,3,p_1.30.24_LL3f_mi,10
47,178,134,226,663,307,356,0,1,3,p_1.30.24_LL3f_mi,10
48,180,142,225,659,300,359,0,1,3,p_1.30.24_LL3f_mi,10
49,166,130,216,687,332,355,0,1,3,p_1.30.24_LL3f_mi,10
50,175,135,221,671,317,354,0,1,3,p_1.30.24_LL3f_mi,10
51,165,134,209,703,344,359,0,1,3,p_1.30.24_LL3f_mi,10
52,180,134,233,635,326,309,0,1,3,p_1.30.24_LL3f_mi,10
53,171,132,219,678,351,327,0,1,3,p_1.30.24_LL3f_mi,10
54,177,136,228,653,343,310,0,1,3,p_1.30.24_LL3f_mi,10
55,168,127,220,671,348,323,0,1,3,p_1.30.24_LL3f_mi,10
56,172,138,217,686,349,337,0,1,3,p_1.30.24_LL3f_mi,10
57,176,140,221,669,351,318,0,1,3,p_1.30.24_LL3f_mi,10
58,181,140,227,652,347,305,0,1,3,p_1.30.24_LL3f_mi,10
59,177,139,228,654,319,335,0,1,3,p_1.30.24_LL3f_mi,10
60,184,136,228,654,315,339,0,1,3,p_1.30.24_LL3f_mi,10
61,173,137,218,684,332,352,0,1,3,p_1.30.24_LL3f_mi,10
62,167,135,218,681,318,363,0,1,3,p_1.30.24_LL3f_mi,10
63,165,126,220,675,322,353,0,1,3,p_1.30.24_LL3f_mi,10
64,172,137,218,681,317,364,0,1,3,p_1.30.24_LL3f_mi,10
65,179,134,227,654,324,330,0,1,3,p_1.30.24_LL3f_mi,10
66,173,138,219,676,332,344,0,1,3,p_1.30.24_LL3f_mi,10
67,174,134,226,658,323,335,0,1,3,p_1.30.24_LL3f_mi,10
68,171,132,222,668,319,349,0,1,3,p_1.30.24_LL3f_mi,10
69,183,135,233,635,306,329,0,1,3,p_1.30.24_LL3f_mi,10
70,184,143,237,621,294,327,0,1,3,p_1.30.24_LL3f_mi,10
71,180,137,229,647,327,320,0,1,3,p_1.30.24_LL3f_mi,10
72,172,142,223,667,342,325,0,1,3,p_1.30.24_LL3f_mi,10
73,171,133,224,674,353,321,0,1,3,p_1.30.24_LL3f_mi,10
74,172,130,224,665,346,319,0,1,3,p_1.30.24_LL3f_mi,10
75,186,141,225,656,333,323,0,1,3,p_1.30.24_LL3f_mi,10
76,166,127,215,695,357,338,0,1,3,p_1.30.24_LL3f_mi,10
77,174,135,224,658,332,326,0,1,3,p_1.30.24_LL3f_mi,10
78,173,130,232,640,326,314,0,1,3,p_1.30.24_LL3f_mi,10
79,176,135,224,664,336,328,0,1,3,p_1.30.24_LL3f_mi,10
80,175,127,218,681,337,344,0,1,3,p_1.30.24_LL3f_mi,10
81,176,137,223,665,337,328,0,1,3,p_1.30.24_LL3f_mi,10
82,174,132,225,668,334,334,0,1,3,p_1.30.24_LL3f_mi,10
83,165,127,220,675,336,339,0,1,3,p_1.30.24_LL3f_mi,10
84,175,141,226,657,314,343,0,1,3,p_1.30.24_LL3f_mi,10
85,171,135,229,653,326,327,0,1,3,p_1.30.24_LL3f_mi,10
86,183,137,231,648,324,324,0,1,3,p_1.30.24_LL3f_mi,10
87,169,129,221,673,344,329,0,1,3,p_1.30.24_LL3f_mi,10
88,181,148,228,656,327,329,0,1,3,p_1.30.24_LL3f_mi,10
89,171,137,222,664,319,345,0,1,3,p_1.30.24_LL3f_mi,10
90,179,141,223,669,332,337,0,1,3,p_1.30.24_LL3f_mi,10
91,175,137,223,663,330,333,0,1,3,p_1.30.24_LL3f_mi,10
92,167,134,224,678,350,328,0,1,3,p_1.30.24_LL3f_mi,10
93,174,141,219,680,361,319,0,1,3,p_1.30.24_LL3f_mi,10
94,180,137,231,650,341,309,0,1,3,p_1.30.24_LL3f_mi,10
95,167,129,220,671,358,313,0,1,3,p_1.30.24_LL3f_mi,10
96,171,132,220,675,354,321,0,1,3,p_1.30.24_LL3f_mi,10
97,178,136,222,677,340,337,0,1,3,p_1.30.24_LL3f_mi,10
98,168,127,226,657,331,326,0,1,3,p_1.30.24_LL3f_mi,10
99,165,125,216,693,340,353,0,1,3,p_1.30.24_LL3f_mi,10
100,142,121,185,685,337,348,0,1,3,p_1.30.24_LL3f_mi,10
101,107,97,140,687,333,354,0,1,3,p_1.30.24_LL3f_mi,10
102,125,99,158,570,268,302,0,1,3,p_1.30.24_LL3f_mi,10
103,116,97,147,516,241,275,0,1,3,p_1.30.24_LL3f_mi,10
104,99,83,125,481,234,247,0,1,3,p_1.30.24_LL3f_mi,10
105,80,69,103,447,208,239,0,1,3,p_1.30.24_LL3f_mi,10
106,70,58,90,394,191,203,0,1,3,p_1.30.24_LL3f_mi,10
107,55,48,78,340,166,174,0,1,3,p_1.30.24_LL3f_mi,10
108,44,35,59,300,151,149,0,1,3,p_1.30.24_LL3f_mi,10
109,23,22,29,268,131,137,0,1,3,p_1.30.24_LL3f_mi,10
110,24,23,33,201,93,108,0,1,3,p_1.30.24_LL3f_mi,10
111,29,26,38,144,61,83,0,1,3,p_1.30.24_LL3f_mi,10
112,28,26,37,131,61,70,0,1,3,p_1.30.24_LL3f_mi,10
113,27,23,34,117,53,64,0,1,3,p_1.30.24_LL3f_mi,10
114,26,22,34,111,52,59,0,1,3,p_1.30.24_LL3f_mi,10
115,27,20,36,120,59,61,0,1,3,p_1.30.24_LL3f_mi,10
116,27,22,35,110,58,52,0,1,3,p_1.30.24_LL3f_mi,10
117,25,17,35,105,56,49,0,1,3,p_1.30.24_LL3f_mi,10
118,27,23,35,112,54,58,0,1,3,p_1.30.24_LL3f_mi,10
119,23,20,31,97,49,48,0,1,3,p_1.30.24_LL3f_mi,10
120,26,20,34,101,49,52,0,1,3,p_1.30.24_LL3f_mi,10
121,25,21,33,94,48,46,0,1,3,p_1.30.24_LL3f_mi,10
122,27,21,33,104,47,57,0,1,3,p_1.30.24_LL3f_mi,10
123,27,22,35,104,53,51,0,1,3,p_1.30.24_LL3f_mi,10
124,26,19,34,103,49,54,0,1,3,p_1.30.24_LL3f_mi,10
125,28,23,38,126,67,59,21,1,3,p_1.30.24_LL3f_mi,10
126,30,21,37,122,64,58,7,1,3,p_1.30.24_LL3f_mi,10
127,28,22,36,119,58,61,0,1,3,p_1.30.24_LL3f_mi,10
128,29,24,36,116,53,63,2,1,3,p_1.30.24_LL3f_mi,10
129,27,24,36,115,60,55,0,1,3,p_1.30.24_LL3f_mi,10
130,27,24,37,119,64,55,0,1,3,p_1.30.24_LL3f_mi,10
131,29,20,37,116,67,49,0,1,3,p_1.30.24_LL3f_mi,10
132,26,22,34,113,66,47,0,1,3,p_1.30.24_LL3f_mi,10
133,27,22,34,99,55,44,0,1,3,p_1.30.24_LL3f_mi,10
134,26,20,35,111,60,51,0,1,3,p_1.30.24_LL3f_mi,10
135,25,22,33,101,48,53,0,1,3,p_1.30.24_LL3f_mi,10
136,29,21,35,106,54,52,0,1,3,p_1.30.24_LL3f_mi,10
137,28,22,35,106,55,51,0,1,3,p_1.30.24_LL3f_mi,10
138,28,21,36,113,60,53,0,1,3,p_1.30.24_LL3f_mi,10
139,26,22,35,106,49,57,0,1,3,p_1.30.24_LL3f_mi,10
140,28,23,38,134,67,67,18,1,3,p_1.30.24_LL3f_mi,10
141,31,29,38,126,53,73,8,1,3,p_1.30.24_LL3f_mi,10
142,27,21,36,114,54,60,5,1,3,p_1.30.24_LL3f_mi,10
143,26,21,37,124,59,65,3,1,3,p_1.30.24_LL3f_mi,10
144,31,25,37,122,54,68,0,1,3,p_1.30.24_LL3f_mi,10
145,25,20,35,117,56,61,0,1,3,p_1.30.24_LL3f_mi,10
146,30,23,36,114,57,57,0,1,3,p_1.30.24_LL3f_mi,10
147,29,22,35,110,61,49,0,1,3,p_1.30.24_LL3f_mi,10
148,29,21,34,113,60,53,0,1,3,p_1.30.24_LL3f_mi,10
149,27,23,34,109,55,54,0,1,3,p_1.30.24_LL3f_mi,10
150,24,22,31,106,44,62,0,1,3,p_1.30.24_LL3f_mi,10
151,47,32,72,105,47,58,0,1,3,p_1.30.24_LL3f_mi,10
152,60,40,85,147,62,85,0,1,3,p_1.30.24_LL3f_mi,10
153,84,57,119,189,89,100,0,1,3,p_1.30.24_LL3f_mi,10
154,102,68,143,260,127,133,0,1,3,p_1.30.24_LL3f_mi,10
155,127,89,163,341,174,167,19,1,3,p_1.30.24_LL3f_mi,10
156,143,106,178,406,206,200,9,1,3,p_1.30.24_LL3f_mi,10
157,147,106,192,464,224,240,8,1,3,p_1.30.24_LL3f_mi,10
158,157,122,206,522,243,279,2,1,3,p_1.30.24_LL3f_mi,10
159,173,126,222,555,266,289,1,1,3,p_1.30.24_LL3f_mi,10
160,187,134,242,589,288,301,0,1,3,p_1.30.24_LL3f_mi,10
161,183,138,232,636,310,326,0,1,3,p_1.30.24_LL3f_mi,10
162,175,133,225,656,327,329,0,1,3,p_1.30.24_LL3f_mi,10
163,174,136,227,657,339,318,0,1,3,p_1.30.24_LL3f_mi,10
164,180,140,222,662,333,329,0,1,3,p_1.30.24_LL3f_mi,10
165,192,148,226,659,349,310,0,1,3,p_1.30.24_LL3f_mi,10
166,177,138,228,657,331,326,0,1,3,p_1.30.24_LL3f_mi,10
167,184,140,227,654,332,322,0,1,3,p_1.30.24_LL3f_mi,10
168,171,141,221,675,338,337,0,1,3,p_1.30.24_LL3f_mi,10
169,171,135,223,667,319,348,0,1,3,p_1.30.24_LL3f_mi,10
170,165,132,213,695,337,358,16,1,3,p_1.30.24_LL3f_mi,10
171,171,136,222,672,320,352,13,1,3,p_1.30.24_LL3f_mi,10
172,167,137,215,685,327,358,6,1,3,p_1.30.24_LL3f_mi,10
173,164,133,216,683,349,334,5,1,3,p_1.30.24_LL3f_mi,10
174,167,128,221,673,339,334,1,1,3,p_1.30.24_LL3f_mi,10
175,175,136,219,684,343,341,0,1,3,p_1.30.24_LL3f_mi,10
176,160,126,202,727,378,349,0,1,3,p_1.30.24_LL3f_mi,10
177,170,130,222,668,353,315,0,1,3,p_1.30.24_LL3f_mi,10
178,179,144,226,661,340,321,0,1,3,p_1.30.24_LL3f_mi,10
179,185,139,229,652,321,331,0,1,3,p_1.30.24_LL3f_mi,10
180,173,139,229,649,330,319,0,1,3,p_1.30.24_LL3f_mi,10
181,183,135,229,654,318,336,0,1,3,p_1.30.24_LL3f_mi,10
182,169,122,218,683,340,343,0,1,3,p_1.30.24_LL3f_mi,10
183,175,133,226,658,304,354,0,1,3,p_1.30.24_LL3f_mi,10
184,159,126,214,692,335,357,0,1,3,p_1.30.24_LL3f_mi,10
185,175,138,223,667,314,353,0,1,3,p_1.30.24_LL3f_mi,10
186,177,136,229,643,289,354,0,1,3,p_1.30.24_LL3f_mi,10
187,178,136,231,637,308,329,0,1,3,p_1.30.24_LL3f_mi,10
188,171,139,216,689,336,353,0,1,3,p_1.30.24_LL3f_mi,10
189,183,145,228,653,335,318,0,1,3,p_1.30.24_LL3f_mi,10
190,188,140,228,648,347,301,0,1,3,p_1.30.24_LL3f_mi,10
191,174,127,228,652,346,306,0,1,3,p_1.30.24_LL3f_mi,10
192,166,129,213,689,349,340,0,1,3,p_1.30.24_LL3f_mi,10
193,183,145,231,636,317,319,0,1,3,p_1.30.24_LL3f_mi,10
194,182,147,229,650,336,314,0,1,3,p_1.30.24_LL3f_mi,10
195,176,131,223,666,338,328,0,1,3,p_1.30.24_LL3f_mi,10
196,170,126,220,672,344,328,0,1,3,p_1.30.24_LL3f_mi,10
197,176,131,215,690,355,335,0,1,3,p_1.30.24_LL3f_mi,10
198,179,134,225,664,350,314,0,1,3,p_1.30.24_LL3f_mi,10
199,177,142,225,651,322,329,0,1,3,p_1.30.24_LL3f_mi,10
200,175,132,221,675,345,330,0,1,3,p_1.30.24_LL3f_mi,10
201,153,128,199,733,373,360,0,1,3,p_1.30.24_LL3f_mi,10
202,174,144,224,668,327,341,0,1,3,p_1.30.24_LL3f_mi,10
203,177,135,231,643,325,318,0,1,3,p_1.30.24_LL3f_mi,10
204,182,146,230,645,328,317,0,1,3,p_1.30.24_LL3f_mi,10
205,173,133,223,668,333,335,0,1,3,p_1.30.24_LL3f_mi,10
206,171,131,223,667,342,325,0,1,3,p_1.30.24_LL3f_mi,10
207,173,145,220,672,340,332,0,1,3,p_1.30.24_LL3f_mi,10
208,170,137,219,681,321,360,0,1,3,p_1.30.24_LL3f_mi,10
209,171,132,220,676,327,349,0,1,3,p_1.30.24_LL3f_mi,10
210,169,137,221,672,321,351,0,1,3,p_1.30.24_LL3f_mi,10
211,173,136,218,682,330,352,0,1,3,p_1.30.24_LL3f_mi,10
212,179,138,231,644,317,327,0,1,3,p_1.30.24_LL3f_mi,10
213,179,138,232,641,314,327,0,1,3,p_1.30.24_LL3f_mi,10
214,173,139,222,667,327,340,0,1,3,p_1.30.24_LL3f_mi,10
215,181,133,224,663,337,326,0,1,3,p_1.30.24_LL3f_mi,10
216,177,142,220,667,325,342,0,1,3,p_1.30.24_LL3f_mi,10
217,176,127,226,652,318,334,0,1,3,p_1.30.24_LL3f_mi,10
218,167,133,220,675,342,333,0,1,3,p_1.30.24_LL3f_mi,10
219,182,137,229,645,328,317,0,1,3,p_1.30.24_LL3f_mi,10
220,176,137,230,649,339,310,0,1,3,p_1.30.24_LL3f_mi,10
221,167,124,217,680,347,333,0,1,3,p_1.30.24_LL3f_mi,10
222,170,134,215,687,344,343,0,1,3,p_1.30.24_LL3f_mi,10
223,166,139,215,688,337,351,0,1,3,p_1.30.24_LL3f_mi,10
224,177,129,221,673,353,320,0,1,3,p_1.30.24_LL3f_mi,10
225,163,128,216,684,340,344,0,1,3,p_1.30.24_LL3f_mi,10
226,159,135,205,724,340,384,0,1,3,p_1.30.24_LL3f_mi,10
227,180,142,223,667,308,359,0,1,3,p_1.30.24_LL3f_mi,10
228,173,137,218,681,319,362,0,1,3,p_1.30.24_LL3f_mi,10
229,181,136,230,643,311,332,0,1,3,p_1.30.24_LL3f_mi,10
230,179,139,226,661,333,328,0,1,3,p_1.30.24_LL3f_mi,10
231,177,133,231,640,331,309,0,1,3,p_1.30.24_LL3f_mi,10
232,171,138,229,656,326,330,0,1,3,p_1.30.24_LL3f_mi,10
233,178,129,225,660,352,308,0,1,3,p_1.30.24_LL3f_mi,10
234,165,130,217,691,361,330,0,1,3,p_1.30.24_LL3f_mi,10
235,171,129,220,676,347,329,0,1,3,p_1.30.24_LL3f_mi,10
236,170,132,220,672,357,315,0,1,3,p_1.30.24_LL3f_mi,10
237,172,133,225,654,329,325,0,1,3,p_1.30.24_LL3f_mi,10
238,177,133,230,649,326,323,0,1,3,p_1.30.24_LL3f_mi,10
239,173,128,218,678,343,335,0,1,3,p_1.30.24_LL3f_mi,10
240,172,135,225,661,337,324,0,1,3,p_1.30.24_LL3f_mi,10
241,181,136,232,641,339,302,0,1,3,p_1.30.24_LL3f_mi,10
242,171,134,224,663,344,319,0,1,3,p_1.30.24_LL3f_mi,10
243,170,129,222,671,346,325,0,1,3,p_1.30.24_LL3f_mi,10
244,174,131,225,664,357,307,0,1,3,p_1.30.24_LL3f_mi,10
245,164,135,221,669,354,315,0,1,3,p_1.30.24_LL3f_mi,10
246,173,142,220,675,336,339,0,1,3,p_1.30.24_LL3f_mi,10
247,175,133,227,650,322,328,0,1,3,p_1.30.24_LL3f_mi,10
248,176,133,224,668,328,340,0,1,3,p_1.30.24_LL3f_mi,10
249,167,137,210,695,327,368,0,1,3,p_1.30.24_LL3f_mi,10
250,171,130,220,675,323,352,0,1,3,p_1.30.24_LL3f_mi,10
251,162,132,208,705,360,345,0,1,3,p_1.30.24_LL3f_mi,10
252,171,133,224,660,350,310,0,1,3,p_1.30.24_LL3f_mi,10
253,182,131,228,655,337,318,0,1,3,p_1.30.24_LL3f_mi,10
254,166,127,228,655,326,329,0,1,3,p_1.30.24_LL3f_mi,10
255,178,139,230,646,313,333,0,1,3,p_1.30.24_LL3f_mi,10
256,175,131,224,664,329,335,0,1,3,p_1.30.24_LL3f_mi,10
257,175,141,223,671,338,333,0,1,3,p_1.30.24_LL3f_mi,10
258,183,133,231,642,309,333,0,1,3,p_1.30.24_LL3f_mi,10
259,177,134,222,669,329,340,0,1,3,p_1.30.24_LL3f_mi,10
260,171,133,225,663,325,338,0,1,3,p_1.30.24_LL3f_mi,10
261,172,127,223,667,335,332,0,1,3,p_1.30.24_LL3f_mi,10
262,170,143,222,673,319,354,0,1,3,p_1.30.24_LL3f_mi,10
263,180,141,221,674,301,373,0,1,3,p_1.30.24_LL3f_mi,10
264,172,129,222,671,317,354,0,1,3,p_1.30.24_LL3f_mi,10
265,181,132,226,658,324,334,0,1,3,p_1.30.24_LL3f_mi,10
266,182,153,228,649,310,339,0,1,3,p_1.30.24_LL3f_mi,10
267,166,133,224,661,345,316,0,1,3,p_1.30.24_LL3f_mi,10
268,168,131,218,682,355,327,0,1,3,p_1.30.24_LL3f_mi,10
269,164,133,213,693,362,331,0,1,3,p_1.30.24_LL3f_mi,10
270,180,138,232,638,325,313,0,1,3,p_1.30.24_LL3f_mi,10
271,182,142,229,648,335,313,0,1,3,p_1.30.24_LL3f_mi,10
272,165,128,225,658,330,328,0,1,3,p_1.30.24_LL3f_mi,10
273,176,138,225,664,330,334,0,1,3,p_1.30.24_LL3f_mi,10
274,170,130,218,684,352,332,0,1,3,p_1.30.24_LL3f_mi,10
275,168,138,215,686,329,357,0,1,3,p_1.30.24_LL3f_mi,10
276,166,125,206,708,353,355,0,1,3,p_1.30.24_LL3f_mi,10
277,175,139,227,650,325,325,0,1,3,p_1.30.24_LL3f_mi,10
278,182,138,232,639,316,323,0,1,3,p_1.30.24_LL3f_mi,10
279,176,132,225,668,333,335,0,1,3,p_1.30.24_LL3f_mi,10
280,172,134,223,673,339,334,0,1,3,p_1.30.24_LL3f_mi,10
281,167,127,222,673,345,328,0,1,3,p_1.30.24_LL3f_mi,10
282,168,131,221,667,351,316,0,1,3,p_1.30.24_LL3f_mi,10
283,178,137,227,654,335,319,0,1,3,p_1.30.24_LL3f_mi,10
284,171,135,224,664,317,347,0,1,3,p_1.30.24_LL3f_mi,10
285,173,130,225,662,314,348,0,1,3,p_1.30.24_LL3f_mi,10
286,168,138,220,678,312,366,0,1,3,p_1.30.24_LL3f_mi,10
287,183,133,229,644,316,328,0,1,3,p_1.30.24_LL3f_mi,10
288,169,133,229,648,304,344,0,1,3,p_1.30.24_LL3f_mi,10
289,176,133,225,664,313,351,0,1,3,p_1.30.24_LL3f_mi,10
290,172,136,224,662,311,351,0,1,3,p_1.30.24_LL3f_mi,10
291,171,140,225,666,310,356,0,1,3,p_1.30.24_LL3f_mi,10
292,180,137,228,650,329,321,0,1,3,p_1.30.24_LL3f_mi,10
293,173,133,221,675,351,324,0,1,3,p_1.30.24_LL3f_mi,10
294,178,144,219,680,344,336,0,1,3,p_1.30.24_LL3f_mi,10
295,178,129,224,663,328,335,0,1,3,p_1.30.24_LL3f_mi,10
296,180,137,234,637,301,336,0,1,3,p_1.30.24_LL3f_mi,10
297,176,136,227,655,312,343,0,1,3,p_1.30.24_LL3f_mi,10
298,176,131,222,676,324,352,0,1,3,p_1.30.24_LL3f_mi,10
299,171,134,222,672,323,349,0,1,3,p_1.30.24_LL3f_mi,10
300,176,132,226,656,310,346,0,1,3,p_1.30.24_LL3f_mi,10
301,165,134,210,704,336,368,0,1,3,p_1.30.24_LL3f_mi,10
302,171,131,218,685,328,357,0,1,3,p_1.30.24_LL3f_mi,10
303,164,134,208,703,344,359,0,1,3,p_1.30.24_LL3f_mi,10
304,178,140,230,645,336,309,0,1,3,p_1.30.24_LL3f_mi,10
305,173,138,221,668,345,323,0,1,3,p_1.30.24_LL3f_mi,10
306,177,131,222,678,335,343,0,1,3,p_1.30.24_LL3f_mi,10
307,172,142,225,659,314,345,0,1,3,p_1.30.24_LL3f_mi,10
308,176,126,229,644,326,318,0,1,3,p_1.30.24_LL3f_mi,10
309,175,139,223,666,349,317,0,1,3,p_1.30.24_LL3f_mi,10
310,170,133,219,678,344,334,0,1,3,p_1.30.24_LL3f_mi,10
311,177,131,225,666,343,323,0,1,3,p_1.30.24_LL3f_mi,10
312,168,131,218,673,340,333,0,1,3,p_1.30.24_LL3f_mi,10
313,177,142,226,668,338,330,0,1,3,p_1.30.24_LL3f_mi,10
314,179,137,228,654,337,317,0,1,3,p_1.30.24_LL3f_mi,10
315,173,134,223,669,337,332,0,1,3,p_1.30.24_LL3f_mi,10
316,174,140,218,681,337,344,0,1,3,p_1.30.24_LL3f_mi,10
317,170,127,223,662,336,326,0,1,3,p_1.30.24_LL3f_mi,10
318,168,136,213,694,356,338,0,1,3,p_1.30.24_LL3f_mi,10
319,168,131,222,668,331,337,0,1,3,p_1.30.24_LL3f_mi,10
320,171,139,223,665,330,335,0,1,3,p_1.30.24_LL3f_mi,10
321,181,137,224,662,332,330,0,1,3,p_1.30.24_LL3f_mi,10
322,178,136,229,646,324,322,0,1,3,p_1.30.24_LL3f_mi,10
323,181,132,236,626,311,315,0,1,3,p_1.30.24_LL3f_mi,10
324,172,128,220,672,331,341,0,1,3,p_1.30.24_LL3f_mi,10
325,173,130,224,663,329,334,0,1,3,p_1.30.24_LL3f_mi,10
326,163,126,208,705,353,352,0,1,3,p_1.30.24_LL3f_mi,10
327,171,135,220,674,322,352,0,1,3,p_1.30.24_LL3f_mi,10
328,187,148,232,637,305,332,0,1,3,p_1.30.24_LL3f_mi,10
329,180,142,228,648,314,334,0,1,3,p_1.30.24_LL3f_mi,10
330,175,136,230,642,310,332,0,1,3,p_1.30.24_LL3f_mi,10
331,172,143,223,666,323,343,0,1,3,p_1.30.24_LL3f_mi,10
332,172,135,219,683,325,358,0,1,3,p_1.30.24_LL3f_mi,10
333,161,118,212,696,359,337,0,1,3,p_1.30.24_LL3f_mi,10
334,182,139,229,652,340,312,0,1,3,p_1.30.24_LL3f_mi,10
335,175,132,228,650,335,315,0,1,3,p_1.30.24_LL3f_mi,10
336,183,147,227,656,328,328,0,1,3,p_1.30.24_LL3f_mi,10
337,177,138,223,670,316,354,0,1,3,p_1.30.24_LL3f_mi,10
338,165,125,218,685,326,359,0,1,3,p_1.30.24_LL3f_mi,10
339,171,135,220,672,337,335,0,1,3,p_1.30.24_LL3f_mi,10
340,176,131,230,645,321,324,0,1,3,p_1.30.24_LL3f_mi,10
341,177,134,228,648,329,319,0,1,3,p_1.30.24_LL3f_mi,10
342,185,150,230,651,316,335,0,1,3,p_1.30.24_LL3f_mi,10
343,166,133,224,662,326,336,0,1,3,p_1.30.24_LL3f_mi,10
344,180,129,228,653,318,335,0,1,3,p_1.30.24_LL3f_mi,10
345,168,139,220,675,327,348,0,1,3,p_1.30.24_LL3f_mi,10
346,173,140,220,684,339,345,0,1,3,p_1.30.24_LL3f_mi,10
347,167,137,218,688,351,337,0,1,3,p_1.30.24_LL3f_mi,10
348,185,134,233,636,342,294,0,1,3,p_1.30.24_LL3f_mi,10
349,179,133,231,643,331,312,0,1,3,p_1.30.24_LL3f_mi,10
350,167,132,221,671,344,327,0,1,3,p_1.30.24_LL3f_mi,10
1,5,5,7,640,317,323,0,1,4,p_1.30.24_LL3f_mi,10
2,94,84,123,857,425,432,0,1,4,p_1.30.24_LL3f_mi,10
3,133,118,169,788,390,398,0,1,4,p_1.30.24_LL3f_mi,10
4,159,127,205,717,339,378,0,1,4,p_1.30.24_LL3f_mi,10
5,178,141,230,645,307,338,0,1,4,p_1.30.24_LL3f_mi,10
6,178,139,231,637,315,322,0,1,4,p_1.30.24_LL3f_mi,10
7,178,137,228,650,344,306,0,1,4,p_1.30.24_LL3f_mi,10
8,177,142,225,662,344,318,0,1,4,p_1.30.24_LL3f_mi,10
9,164,119,221,679,354,325,0,1,4,p_1.30.24_LL3f_mi,10
10,173,140,226,653,310,343,0,1,4,p_1.30.24_LL3f_mi,10
11,172,141,227,651,312,339,0,1,4,p_1.30.24_LL3f_mi,10
12,175,129,227,655,330,325,0,1,4,p_1.30.24_LL3f_mi,10
13,166,126,225,664,356,308,0,1,4,p_1.30.24_LL3f_mi,10
14,174,129,222,666,352,314,0,1,4,p_1.30.24_LL3f_mi,10
15,171,132,219,675,353,322,0,1,4,p_1.30.24_LL3f_mi,10
16,179,146,223,666,327,339,0,1,4,p_1.30.24_LL3f_mi,10
17,166,134,220,676,319,357,0,1,4,p_1.30.24_LL3f_mi,10
18,160,130,205,716,343,373,0,1,4,p_1.30.24_LL3f_mi,10
19,173,132,220,669,344,325,0,1,4,p_1.30.24_LL3f_mi,10
20,167,126,226,656,342,314,0,1,4,p_1.30.24_LL3f_mi,10
21,171,128,221,663,340,323,0,1,4,p_1.30.24_LL3f_mi,10
22,172,137,224,668,331,337,0,1,4,p_1.30.24_LL3f_mi,10
23,170,139,217,690,337,353,0,1,4,p_1.30.24_LL3f_mi,10
24,170,137,220,673,328,345,0,1,4,p_1.30.24_LL3f_mi,10
25,172,140,221,668,318,350,0,1,4,p_1.30.24_LL3f_mi,10
26,164,138,206,715,349,366,0,1,4,p_1.30.24_LL3f_mi,10
27,169,134,222,672,329,343,0,1,4,p_1.30.24_LL3f_mi,10
28,184,136,227,654,310,344,0,1,4,p_1.30.24_LL3f_mi,10
29,175,141,226,651,310,341,0,1,4,p_1.30.24_LL3f_mi,10
30,177,140,230,644,296,348,0,1,4,p_1.30.24_LL3f_mi,10
31,192,138,234,641,295,346,0,1,4,p_1.30.24_LL3f_mi,10
32,174,133,234,633,292,341,0,1,4,p_1.30.24_LL3f_mi,10
33,168,130,222,669,322,347,0,1,4,p_1.30.24_LL3f_mi,10
34,177,133,220,674,344,330,0,1,4,p_1.30.24_LL3f_mi,10
35,178,137,227,657,333,324,0,1,4,p_1.30.24_LL3f_mi,10
36,173,130,225,659,317,342,0,1,4,p_1.30.24_LL3f_mi,10
37,170,127,223,663,330,333,0,1,4,p_1.30.24_LL3f_mi,10
38,171,128,219,676,355,321,0,1,4,p_1.30.24_LL3f_mi,10
39,176,137,229,651,325,326,0,1,4,p_1.30.24_LL3f_mi,10
40,173,138,227,656,322,334,0,1,4,p_1.30.24_LL3f_mi,10
41,178,139,224,668,323,345,0,1,4,p_1.30.24_LL3f_mi,10
42,179,130,223,676,333,343,0,1,4,p_1.30.24_LL3f_mi,10
43,174,147,225,660,322,338,0,1,4,p_1.30.24_LL3f_mi,10
44,164,130,212,693,327,366,0,1,4,p_1.30.24_LL3f_mi,10
45,175,138,224,663,315,348,0,1,4,p_1.30.24_LL3f_mi,10
46,171,134,219,672,326,346,0,1,4,p_1.30.24_LL3f_mi,10
47,171,132,220,671,326,345,0,1,4,p_1.30.24_LL3f_mi,10
48,180,131,225,667,333,334,0,1,4,p_1.30.24_LL3f_mi,10
49,176,134,230,642,309,333,0,1,4,p_1.30.24_LL3f_mi,10
50,182,144,230,644,318,326,0,1,4,p_1.30.24_LL3f_mi,10
51,167,130,212,702,360,342,0,1,4,p_1.30.24_LL3f_mi,10
52,170,135,220,677,325,352,0,1,4,p_1.30.24_LL3f_mi,10
53,171,130,224,654,318,336,0,1,4,p_1.30.24_LL3f_mi,10
54,169,135,225,663,326,337,0,1,4,p_1.30.24_LL3f_mi,10
55,170,139,222,670,333,337,0,1,4,p_1.30.24_LL3f_mi,10
56,174,137,225,669,328,341,0,1,4,p_1.30.24_LL3f_mi,10
57,180,142,224,661,321,340,0,1,4,p_1.30.24_LL3f_mi,10
58,171,138,226,668,334,334,0,1,4,p_1.30.24_LL3f_mi,10
59,173,136,222,672,313,359,0,1,4,p_1.30.24_LL3f_mi,10
60,175,142,226,660,311,349,0,1,4,p_1.30.24_LL3f_mi,10
61,162,126,216,684,323,361,0,1,4,p_1.30.24_LL3f_mi,10
62,175,143,227,658,306,352,0,1,4,p_1.30.24_LL3f_mi,10
63,175,137,226,647,316,331,0,1,4,p_1.30.24_LL3f_mi,10
64,180,135,223,665,320,345,0,1,4,p_1.30.24_LL3f_mi,10
65,185,150,235,623,301,322,0,1,4,p_1.30.24_LL3f_mi,10
66,174,130,224,663,319,344,0,1,4,p_1.30.24_LL3f_mi,10
67,168,136,216,684,344,340,0,1,4,p_1.30.24_LL3f_mi,10
68,180,136,225,654,341,313,0,1,4,p_1.30.24_LL3f_mi,10
69,184,141,226,657,329,328,0,1,4,p_1.30.24_LL3f_mi,10
70,174,138,219,681,334,347,0,1,4,p_1.30.24_LL3f_mi,10
71,173,134,227,657,318,339,0,1,4,p_1.30.24_LL3f_mi,10
72,174,136,228,652,325,327,0,1,4,p_1.30.24_LL3f_mi,10
73,176,124,235,633,330,303,0,1,4,p_1.30.24_LL3f_mi,10
74,177,131,226,653,326,327,0,1,4,p_1.30.24_LL3f_mi,10
75,177,136,229,645,321,324,0,1,4,p_1.30.24_LL3f_mi,10
76,163,130,207,713,356,357,0,1,4,p_1.30.24_LL3f_mi,10
77,177,138,223,671,332,339,0,1,4,p_1.30.24_LL3f_mi,10
78,172,144,218,680,336,344,0,1,4,p_1.30.24_LL3f_mi,10
79,174,126,232,650,323,327,0,1,4,p_1.30.24_LL3f_mi,10
80,177,133,230,646,323,323,0,1,4,p_1.30.24_LL3f_mi,10
81,174,134,221,674,336,338,0,1,4,p_1.30.24_LL3f_mi,10
82,182,140,227,662,327,335,0,1,4,p_1.30.24_LL3f_mi,10
83,168,128,226,658,327,331,0,1,4,p_1.30.24_LL3f_mi,10
84,173,141,224,662,349,313,0,1,4,p_1.30.24_LL3f_mi,10
85,177,139,230,650,339,311,0,1,4,p_1.30.24_LL3f_mi,10
86,179,139,227,659,326,333,0,1,4,p_1.30.24_LL3f_mi,10
87,180,141,228,657,321,336,0,1,4,p_1.30.24_LL3f_mi,10
88,182,143,233,635,304,331,0,1,4,p_1.30.24_LL3f_mi,10
89,170,139,219,677,332,345,0,1,4,p_1.30.24_LL3f_mi,10
90,172,132,221,667,335,332,0,1,4,p_1.30.24_LL3f_mi,10
91,169,132,219,676,343,333,0,1,4,p_1.30.24_LL3f_mi,10
92,179,133,232,642,320,322,0,1,4,p_1.30.24_LL3f_mi,10
93,180,141,227,656,319,337,0,1,4,p_1.30.24_LL3f_mi,10
94,177,140,229,652,307,345,0,1,4,p_1.30.24_LL3f_mi,10
95,183,141,228,652,297,355,0,1,4,p_1.30.24_LL3f_mi,10
96,182,136,226,657,294,363,0,1,4,p_1.30.24_LL3f_mi,10
97,183,141,235,636,281,355,0,1,4,p_1.30.24_LL3f_mi,10
98,174,136,220,681,320,361,0,1,4,p_1.30.24_LL3f_mi,10
99,177,141,223,666,300,366,0,1,4,p_1.30.24_LL3f_mi,10
100,151,127,201,640,289,351,0,1,4,p_1.30.24_LL3f_mi,10
101,110,92,142,684,318,366,0,1,4,p_1.30.24_LL3f_mi,10
102,121,96,156,576,281,295,0,1,4,p_1.30.24_LL3f_mi,10
103,110,89,141,524,258,266,0,1,4,p_1.30.24_LL3f_mi,10
104,99,83,127,481,242,239,0,1,4,p_1.30.24_LL3f_mi,10
105,77,59,97,458,227,231,0,1,4,p_1.30.24_LL3f_mi,10
106,69,57,94,389,181,208,0,1,4,p_1.30.24_LL3f_mi,10
107,58,48,76,344,156,188,0,1,4,p_1.30.24_LL3f_mi,10
108,46,42,58,297,129,168,0,1,4,p_1.30.24_LL3f_mi,10
109,37,33,47,243,108,135,0,1,4,p_1.30.24_LL3f_mi,10
110,22,21,30,209,95,114,0,1,4,p_1.30.24_LL3f_mi,10
111,28,28,38,164,75,89,0,1,4,p_1.30.24_LL3f_mi,10
112,29,22,37,130,56,74,0,1,4,p_1.30.24_LL3f_mi,10
113,27,25,35,118,48,70,0,1,4,p_1.30.24_LL3f_mi,10
114,32,23,36,115,46,69,0,1,4,p_1.30.24_LL3f_mi,10
115,26,22,34,107,51,56,0,1,4,p_1.30.24_LL3f_mi,10
116,25,19,32,102,51,51,0,1,4,p_1.30.24_LL3f_mi,10
117,24,21,31,91,47,44,0,1,4,p_1.30.24_LL3f_mi,10
118,25,24,32,90,44,46,0,1,4,p_1.30.24_LL3f_mi,10
119,23,19,31,92,44,48,0,1,4,p_1.30.24_LL3f_mi,10
120,28,23,35,100,53,47,0,1,4,p_1.30.24_LL3f_mi,10
121,26,21,33,91,53,38,0,1,4,p_1.30.24_LL3f_mi,10
122,27,21,33,102,58,44,0,1,4,p_1.30.24_LL3f_mi,10
123,24,17,33,103,58,45,0,1,4,p_1.30.24_LL3f_mi,10
124,26,20,34,105,57,48,0,1,4,p_1.30.24_LL3f_mi,10
125,26,17,36,128,64,64,20,1,4,p_1.30.24_LL3f_mi,10
126,31,23,36,120,57,63,6,1,4,p_1.30.24_LL3f_mi,10
127,29,25,35,116,57,59,4,1,4,p_1.30.24_LL3f_mi,10
128,26,22,37,123,56,67,3,1,4,p_1.30.24_LL3f_mi,10
129,29,24,36,117,57,60,0,1,4,p_1.30.24_LL3f_mi,10
130,24,19,35,110,52,58,0,1,4,p_1.30.24_LL3f_mi,10
131,23,18,32,102,47,55,0,1,4,p_1.30.24_LL3f_mi,10
132,25,19,33,101,48,53,0,1,4,p_1.30.24_LL3f_mi,10
133,27,20,33,104,52,52,0,1,4,p_1.30.24_LL3f_mi,10
134,26,20,33,96,49,47,0,1,4,p_1.30.24_LL3f_mi,10
135,27,20,33,101,52,49,0,1,4,p_1.30.24_LL3f_mi,10
136,26,21,34,99,52,47,0,1,4,p_1.30.24_LL3f_mi,10
137,30,24,35,107,50,57,0,1,4,p_1.30.24_LL3f_mi,10
138,25,20,35,99,45,54,0,1,4,p_1.30.24_LL3f_mi,10
139,27,23,34,109,47,62,0,1,4,p_1.30.24_LL3f_mi,10
140,27,24,37,124,53,71,18,1,4,p_1.30.24_LL3f_mi,10
141,27,21,33,108,47,61,8,1,4,p_1.30.24_LL3f_mi,10
142,26,21,34,110,52,58,2,1,4,p_1.30.24_LL3f_mi,10
143,29,25,35,112,53,59,0,1,4,p_1.30.24_LL3f_mi,10
144,26,19,33,108,50,58,0,1,4,p_1.30.24_LL3f_mi,10
145,29,24,35,106,45,61,0,1,4,p_1.30.24_LL3f_mi,10
146,28,21,33,101,48,53,0,1,4,p_1.30.24_LL3f_mi,10
147,26,24,34,111,51,60,0,1,4,p_1.30.24_LL3f_mi,10
148,29,22,37,110,51,59,0,1,4,p_1.30.24_LL3f_mi,10
149,29,22,35,108,52,56,0,1,4,p_1.30.24_LL3f_mi,10
150,27,23,33,101,50,51,0,1,4,p_1.30.24_LL3f_mi,10
151,51,37,78,109,55,54,0,1,4,p_1.30.24_LL3f_mi,10
152,66,44,95,143,70,73,0,1,4,p_1.30.24_LL3f_mi,10
153,88,57,119,193,92,101,0,1,4,p_1.30.24_LL3f_mi,10
154,113,77,143,258,128,130,0,1,4,p_1.30.24_LL3f_mi,10
155,128,93,162,337,167,170,16,1,4,p_1.30.24_LL3f_mi,10
156,141,97,179,373,180,193,13,1,4,p_1.30.24_LL3f_mi,10
157,150,108,195,447,225,222,11,1,4,p_1.30.24_LL3f_mi,10
158,164,122,208,512,252,260,4,1,4,p_1.30.24_LL3f_mi,10
159,174,129,222,573,284,289,2,1,4,p_1.30.24_LL3f_mi,10
160,186,140,241,606,305,301,0,1,4,p_1.30.24_LL3f_mi,10
161,179,136,231,637,321,316,0,1,4,p_1.30.24_LL3f_mi,10
162,169,132,224,667,337,330,0,1,4,p_1.30.24_LL3f_mi,10
163,165,135,216,681,340,341,0,1,4,p_1.30.24_LL3f_mi,10
164,182,135,231,644,315,329,0,1,4,p_1.30.24_LL3f_mi,10
165,177,138,227,655,315,340,0,1,4,p_1.30.24_LL3f_mi,10
166,173,131,221,676,348,328,0,1,4,p_1.30.24_LL3f_mi,10
167,168,130,229,648,354,294,0,1,4,p_1.30.24_LL3f_mi,10
168,172,134,224,666,348,318,0,1,4,p_1.30.24_LL3f_mi,10
169,177,131,222,673,344,329,0,1,4,p_1.30.24_LL3f_mi,10
170,161,128,212,697,341,356,20,1,4,p_1.30.24_LL3f_mi,10
171,174,136,228,649,329,320,9,1,4,p_1.30.24_LL3f_mi,10
172,186,143,233,637,333,304,6,1,4,p_1.30.24_LL3f_mi,10
173,164,130,220,676,332,344,0,1,4,p_1.30.24_LL3f_mi,10
174,181,139,223,667,325,342,0,1,4,p_1.30.24_LL3f_mi,10
175,176,142,222,676,324,352,0,1,4,p_1.30.24_LL3f_mi,10
176,156,127,199,729,372,357,1,1,4,p_1.30.24_LL3f_mi,10
177,175,138,223,666,332,334,0,1,4,p_1.30.24_LL3f_mi,10
178,184,139,233,641,301,340,0,1,4,p_1.30.24_LL3f_mi,10
179,176,140,225,662,326,336,0,1,4,p_1.30.24_LL3f_mi,10
180,182,139,227,657,320,337,0,1,4,p_1.30.24_LL3f_mi,10
181,185,145,230,648,319,329,0,1,4,p_1.30.24_LL3f_mi,10
182,175,136,223,667,337,330,0,1,4,p_1.30.24_LL3f_mi,10
183,184,136,229,650,321,329,0,1,4,p_1.30.24_LL3f_mi,10
184,176,134,225,666,337,329,0,1,4,p_1.30.24_LL3f_mi,10
185,178,138,225,657,348,309,0,1,4,p_1.30.24_LL3f_mi,10
186,176,132,226,663,335,328,0,1,4,p_1.30.24_LL3f_mi,10
187,158,125,216,683,346,337,0,1,4,p_1.30.24_LL3f_mi,10
188,171,133,227,660,328,332,0,1,4,p_1.30.24_LL3f_mi,10
189,175,126,228,664,328,336,0,1,4,p_1.30.24_LL3f_mi,10
190,174,136,227,655,322,333,0,1,4,p_1.30.24_LL3f_mi,10
191,168,134,220,678,332,346,0,1,4,p_1.30.24_LL3f_mi,10
192,175,134,223,663,312,351,0,1,4,p_1.30.24_LL3f_mi,10
193,171,143,221,673,310,363,0,1,4,p_1.30.24_LL3f_mi,10
194,174,142,225,664,303,361,0,1,4,p_1.30.24_LL3f_mi,10
195,169,137,211,696,323,373,0,1,4,p_1.30.24_LL3f_mi,10
196,176,144,219,682,329,353,0,1,4,p_1.30.24_LL3f_mi,10
197,168,135,220,678,328,350,0,1,4,p_1.30.24_LL3f_mi,10
198,171,131,216,682,339,343,0,1,4,p_1.30.24_LL3f_mi,10
199,180,146,232,641,320,321,0,1,4,p_1.30.24_LL3f_mi,10
200,177,129,222,669,338,331,0,1,4,p_1.30.24_LL3f_mi,10
201,164,138,201,726,353,373,0,1,4,p_1.30.24_LL3f_mi,10
202,161,128,212,695,349,346,0,1,4,p_1.30.24_LL3f_mi,10
203,170,136,215,681,348,333,0,1,4,p_1.30.24_LL3f_mi,10
204,182,124,231,637,312,325,0,1,4,p_1.30.24_LL3f_mi,10
205,180,136,231,642,313,329,0,1,4,p_1.30.24_LL3f_mi,10
206,162,130,210,701,328,373,0,1,4,p_1.30.24_LL3f_mi,10
207,166,136,219,677,294,383,0,1,4,p_1.30.24_LL3f_mi,10
208,178,142,227,652,292,360,0,1,4,p_1.30.24_LL3f_mi,10
209,170,130,225,660,319,341,0,1,4,p_1.30.24_LL3f_mi,10
210,177,144,222,671,325,346,0,1,4,p_1.30.24_LL3f_mi,10
211,183,145,225,669,344,325,0,1,4,p_1.30.24_LL3f_mi,10
212,175,135,223,671,344,327,0,1,4,p_1.30.24_LL3f_mi,10
213,172,137,220,670,350,320,0,1,4,p_1.30.24_LL3f_mi,10
214,175,131,230,641,341,300,0,1,4,p_1.30.24_LL3f_mi,10
215,181,138,230,645,333,312,0,1,4,p_1.30.24_LL3f_mi,10
216,176,128,223,671,340,331,0,1,4,p_1.30.24_LL3f_mi,10
217,180,148,223,674,338,336,0,1,4,p_1.30.24_LL3f_mi,10
218,172,149,219,681,346,335,0,1,4,p_1.30.24_LL3f_mi,10
219,178,139,216,690,353,337,0,1,4,p_1.30.24_LL3f_mi,10
220,181,137,228,656,348,308,0,1,4,p_1.30.24_LL3f_mi,10
221,171,136,223,674,346,328,0,1,4,p_1.30.24_LL3f_mi,10
222,181,145,229,654,332,322,0,1,4,p_1.30.24_LL3f_mi,10
223,174,145,225,657,328,329,0,1,4,p_1.30.24_LL3f_mi,10
224,178,138,223,665,324,341,0,1,4,p_1.30.24_LL3f_mi,10
225,163,129,209,702,349,353,0,1,4,p_1.30.24_LL3f_mi,10
226,164,132,213,700,345,355,0,1,4,p_1.30.24_LL3f_mi,10
227,178,142,222,669,332,337,0,1,4,p_1.30.24_LL3f_mi,10
228,170,128,220,672,333,339,0,1,4,p_1.30.24_LL3f_mi,10
229,174,136,220,685,353,332,0,1,4,p_1.30.24_LL3f_mi,10
230,177,131,223,666,354,312,0,1,4,p_1.30.24_LL3f_mi,10
231,178,135,226,664,347,317,0,1,4,p_1.30.24_LL3f_mi,10
232,164,134,218,677,356,321,0,1,4,p_1.30.24_LL3f_mi,10
233,174,144,225,659,339,320,0,1,4,p_1.30.24_LL3f_mi,10
234,179,140,229,646,313,333,0,1,4,p_1.30.24_LL3f_mi,10
235,177,136,230,638,330,308,0,1,4,p_1.30.24_LL3f_mi,10
236,179,138,227,649,334,315,0,1,4,p_1.30.24_LL3f_mi,10
237,182,138,226,660,324,336,0,1,4,p_1.30.24_LL3f_mi,10
238,179,137,226,655,316,339,0,1,4,p_1.30.24_LL3f_mi,10
239,171,133,220,674,334,340,0,1,4,p_1.30.24_LL3f_mi,10
240,173,137,223,668,346,322,0,1,4,p_1.30.24_LL3f_mi,10
241,174,132,225,665,343,322,0,1,4,p_1.30.24_LL3f_mi,10
242,174,148,228,655,354,301,0,1,4,p_1.30.24_LL3f_mi,10
243,174,136,222,682,346,336,0,1,4,p_1.30.24_LL3f_mi,10
244,174,136,224,665,318,347,0,1,4,p_1.30.24_LL3f_mi,10
245,172,133,221,669,315,354,0,1,4,p_1.30.24_LL3f_mi,10
246,181,145,230,642,305,337,0,1,4,p_1.30.24_LL3f_mi,10
247,162,131,214,692,333,359,0,1,4,p_1.30.24_LL3f_mi,10
248,168,137,218,676,351,325,0,1,4,p_1.30.24_LL3f_mi,10
249,172,132,228,650,328,322,0,1,4,p_1.30.24_LL3f_mi,10
250,183,136,229,652,330,322,0,1,4,p_1.30.24_LL3f_mi,10
251,153,126,201,723,365,358,0,1,4,p_1.30.24_LL3f_mi,10
252,179,134,228,653,317,336,0,1,4,p_1.30.24_LL3f_mi,10
253,178,138,226,662,324,338,0,1,4,p_1.30.24_LL3f_mi,10
254,178,144,230,647,305,342,0,1,4,p_1.30.24_LL3f_mi,10
255,168,134,223,661,317,344,0,1,4,p_1.30.24_LL3f_mi,10
256,178,135,231,641,311,330,0,1,4,p_1.30.24_LL3f_mi,10
257,178,138,231,632,307,325,0,1,4,p_1.30.24_LL3f_mi,10
258,186,138,225,659,324,335,0,1,4,p_1.30.24_LL3f_mi,10
259,171,138,219,678,343,335,0,1,4,p_1.30.24_LL3f_mi,10
260,174,138,225,663,317,346,0,1,4,p_1.30.24_LL3f_mi,10
261,174,143,226,658,317,341,0,1,4,p_1.30.24_LL3f_mi,10
262,174,137,225,663,323,340,0,1,4,p_1.30.24_LL3f_mi,10
263,172,136,227,656,316,340,0,1,4,p_1.30.24_LL3f_mi,10
264,166,133,220,678,329,349,0,1,4,p_1.30.24_LL3f_mi,10
265,171,125,221,675,317,358,0,1,4,p_1.30.24_LL3f_mi,10
266,168,141,211,698,338,360,0,1,4,p_1.30.24_LL3f_mi,10
267,175,145,219,674,321,353,0,1,4,p_1.30.24_LL3f_mi,10
268,182,139,231,646,301,345,0,1,4,p_1.30.24_LL3f_mi,10
269,170,136,226,665,318,347,0,1,4,p_1.30.24_LL3f_mi,10
270,173,133,228,660,323,337,0,1,4,p_1.30.24_LL3f_mi,10
271,177,141,223,666,320,346,0,1,4,p_1.30.24_LL3f_mi,10
272,174,141,220,675,327,348,0,1,4,p_1.30.24_LL3f_mi,10
273,171,128,226,660,343,317,0,1,4,p_1.30.24_LL3f_mi,10
274,173,133,222,665,342,323,0,1,4,p_1.30.24_LL3f_mi,10
275,180,141,226,662,340,322,0,1,4,p_1.30.24_LL3f_mi,10
276,167,129,204,720,371,349,0,1,4,p_1.30.24_LL3f_mi,10
277,174,128,226,663,326,337,0,1,4,p_1.30.24_LL3f_mi,10
278,172,132,218,681,336,345,0,1,4,p_1.30.24_LL3f_mi,10
279,179,134,227,650,317,333,0,1,4,p_1.30.24_LL3f_mi,10
280,176,138,238,620,303,317,0,1,4,p_1.30.24_LL3f_mi,10
281,181,149,228,648,321,327,0,1,4,p_1.30.24_LL3f_mi,10
282,170,131,223,669,323,346,0,1,4,p_1.30.24_LL3f_mi,10
283,169,129,215,686,349,337,0,1,4,p_1.30.24_LL3f_mi,10
284,168,130,213,691,359,332,0,1,4,p_1.30.24_LL3f_mi,10
285,185,134,227,652,339,313,0,1,4,p_1.30.24_LL3f_mi,10
286,176,140,227,651,329,322,0,1,4,p_1.30.24_LL3f_mi,10
287,166,123,222,667,339,328,0,1,4,p_1.30.24_LL3f_mi,10
288,177,135,226,658,335,323,0,1,4,p_1.30.24_LL3f_mi,10
289,169,127,222,673,353,320,0,1,4,p_1.30.24_LL3f_mi,10
290,170,128,222,670,344,326,0,1,4,p_1.30.24_LL3f_mi,10
291,171,126,219,680,328,352,0,1,4,p_1.30.24_LL3f_mi,10
292,183,146,223,671,334,337,0,1,4,p_1.30.24_LL3f_mi,10
293,174,137,222,676,355,321,0,1,4,p_1.30.24_LL3f_mi,10
294,171,129,226,657,336,321,0,1,4,p_1.30.24_LL3f_mi,10
295,185,144,229,648,307,341,0,1,4,p_1.30.24_LL3f_mi,10
296,174,134,226,655,329,326,0,1,4,p_1.30.24_LL3f_mi,10
297,163,130,219,680,346,334,0,1,4,p_1.30.24_LL3f_mi,10
298,177,136,227,658,328,330,0,1,4,p_1.30.24_LL3f_mi,10
299,171,132,223,670,326,344,0,1,4,p_1.30.24_LL3f_mi,10
300,174,138,227,655,319,336,0,1,4,p_1.30.24_LL3f_mi,10
301,153,124,204,711,342,369,0,1,4,p_1.30.24_LL3f_mi,10
302,180,148,225,662,330,332,0,1,4,p_1.30.24_LL3f_mi,10
303,180,134,229,647,319,328,0,1,4,p_1.30.24_LL3f_mi,10
304,176,142,225,659,336,323,0,1,4,p_1.30.24_LL3f_mi,10
305,180,139,224,664,328,336,0,1,4,p_1.30.24_LL3f_mi,10
306,159,128,209,705,347,358,0,1,4,p_1.30.24_LL3f_mi,10
307,175,136,228,648,331,317,0,1,4,p_1.30.24_LL3f_mi,10
308,179,127,232,634,323,311,0,1,4,p_1.30.24_LL3f_mi,10
309,183,136,234,632,317,315,0,1,4,p_1.30.24_LL3f_mi,10
310,175,130,221,671,343,328,0,1,4,p_1.30.24_LL3f_mi,10
311,176,130,226,665,343,322,0,1,4,p_1.30.24_LL3f_mi,10
312,175,130,220,675,350,325,0,1,4,p_1.30.24_LL3f_mi,10
313,173,138,218,684,333,351,0,1,4,p_1.30.24_LL3f_mi,10
314,173,141,223,666,326,340,0,1,4,p_1.30.24_LL3f_mi,10
315,179,139,223,668,315,353,0,1,4,p_1.30.24_LL3f_mi,10
316,179,144,227,658,317,341,0,1,4,p_1.30.24_LL3f_mi,10
317,167,131,219,671,348,323,0,1,4,p_1.30.24_LL3f_mi,10
318,171,138,221,671,347,324,0,1,4,p_1.30.24_LL3f_mi,10
319,161,124,218,678,348,330,0,1,4,p_1.30.24_LL3f_mi,10
320,175,139,226,666,338,328,0,1,4,p_1.30.24_LL3f_mi,10
321,166,136,221,668,337,331,0,1,4,p_1.30.24_LL3f_mi,10
322,181,132,222,669,343,326,0,1,4,p_1.30.24_LL3f_mi,10
323,176,127,226,653,327,326,0,1,4,p_1.30.24_LL3f_mi,10
324,179,133,226,659,331,328,0,1,4,p_1.30.24_LL3f_mi,10
325,170,141,216,688,335,353,0,1,4,p_1.30.24_LL3f_mi,10
326,152,130,198,728,372,356,0,1,4,p_1.30.24_LL3f_mi,10
327,174,131,225,660,332,328,0,1,4,p_1.30.24_LL3f_mi,10
328,178,134,227,658,332,326,0,1,4,p_1.30.24_LL3f_mi,10
329,174,139,223,663,336,327,0,1,4,p_1.30.24_LL3f_mi,10
330,169,136,221,678,329,349,0,1,4,p_1.30.24_LL3f_mi,10
331,169,129,227,655,317,338,0,1,4,p_1.30.24_LL3f_mi,10
332,181,144,232,642,312,330,0,1,4,p_1.30.24_LL3f_mi,10
333,176,138,220,676,331,345,0,1,4,p_1.30.24_LL3f_mi,10
334,173,135,221,678,332,346,0,1,4,p_1.30.24_LL3f_mi,10
335,179,143,233,636,317,319,0,1,4,p_1.30.24_LL3f_mi,10
336,183,145,229,652,324,328,0,1,4,p_1.30.24_LL3f_mi,10
337,174,139,228,652,304,348,0,1,4,p_1.30.24_LL3f_mi,10
338,179,134,229,655,325,330,0,1,4,p_1.30.24_LL3f_mi,10
339,185,144,225,667,333,334,0,1,4,p_1.30.24_LL3f_mi,10
340,165,125,214,691,347,344,0,1,4,p_1.30.24_LL3f_mi,10
341,178,145,225,666,314,352,0,1,4,p_1.30.24_LL3f_mi,10
342,178,146,225,668,329,339,0,1,4,p_1.30.24_LL3f_mi,10
343,181,136,227,661,344,317,0,1,4,p_1.30.24_LL3f_mi,10
344,164,126,218,673,349,324,0,1,4,p_1.30.24_LL3f_mi,10
345,182,141,227,661,340,321,0,1,4,p_1.30.24_LL3f_mi,10
346,168,127,227,649,326,323,0,1,4,p_1.30.24_LL3f_mi,10
347,191,146,234,628,320,308,0,1,4,p_1.30.24_LL3f_mi,10
348,173,128,226,666,345,321,0,1,4,p_1.30.24_LL3f_mi,10
349,174,137,221,672,334,338,0,1,4,p_1.30.24_LL3f_mi,10
350,181,141,222,673,330,343,0,1,4,p_1.30.24_LL3f_mi,10
1,13,13,15,607,288,319,0,1,5,p_1.30.24_LL3f_mi,10
2,92,84,117,864,405,459,0,1,5,p_1.30.24_LL3f_mi,10
3,139,119,176,777,372,405,0,1,5,p_1.30.24_LL3f_mi,10
4,153,125,196,734,363,371,0,1,5,p_1.30.24_LL3f_mi,10
5,171,138,224,665,337,328,0,1,5,p_1.30.24_LL3f_mi,10
6,182,137,234,628,309,319,0,1,5,p_1.30.24_LL3f_mi,10
7,177,131,229,644,326,318,0,1,5,p_1.30.24_LL3f_mi,10
8,182,141,229,648,323,325,0,1,5,p_1.30.24_LL3f_mi,10
9,178,139,227,652,311,341,0,1,5,p_1.30.24_LL3f_mi,10
10,174,141,227,655,300,355,0,1,5,p_1.30.24_LL3f_mi,10
11,178,140,227,658,330,328,0,1,5,p_1.30.24_LL3f_mi,10
12,174,135,225,661,322,339,0,1,5,p_1.30.24_LL3f_mi,10
13,173,139,221,670,325,345,0,1,5,p_1.30.24_LL3f_mi,10
14,178,138,228,649,312,337,0,1,5,p_1.30.24_LL3f_mi,10
15,182,139,228,645,298,347,0,1,5,p_1.30.24_LL3f_mi,10
16,167,138,215,691,318,373,0,1,5,p_1.30.24_LL3f_mi,10
17,175,137,223,665,321,344,0,1,5,p_1.30.24_LL3f_mi,10
18,175,138,227,660,315,345,0,1,5,p_1.30.24_LL3f_mi,10
19,164,135,224,664,298,366,0,1,5,p_1.30.24_LL3f_mi,10
20,176,134,227,652,305,347,0,1,5,p_1.30.24_LL3f_mi,10
21,174,134,224,665,314,351,0,1,5,p_1.30.24_LL3f_mi,10
22,175,133,223,663,316,347,0,1,5,p_1.30.24_LL3f_mi,10
23,172,135,222,666,342,324,0,1,5,p_1.30.24_LL3f_mi,10
24,173,132,226,656,339,317,0,1,5,p_1.30.24_LL3f_mi,10
25,174,132,218,682,352,330,0,1,5,p_1.30.24_LL3f_mi,10
26,155,122,199,723,357,366,0,1,5,p_1.30.24_LL3f_mi,10
27,165,126,218,681,354,327,0,1,5,p_1.30.24_LL3f_mi,10
28,173,131,220,674,350,324,0,1,5,p_1.30.24_LL3f_mi,10
29,167,122,221,674,347,327,0,1,5,p_1.30.24_LL3f_mi,10
30,177,139,223,673,337,336,0,1,5,p_1.30.24_LL3f_mi,10
31,177,131,222,668,337,331,0,1,5,p_1.30.24_LL3f_mi,10
32,176,139,219,681,345,336,0,1,5,p_1.30.24_LL3f_mi,10
33,169,131,218,680,335,345,0,1,5,p_1.30.24_LL3f_mi,10
34,179,131,226,655,333,322,0,1,5,p_1.30.24_LL3f_mi,10
35,169,136,223,672,331,341,0,1,5,p_1.30.24_LL3f_mi,10
36,173,135,225,666,318,348,0,1,5,p_1.30.24_LL3f_mi,10
37,167,131,223,667,329,338,0,1,5,p_1.30.24_LL3f_mi,10
38,172,134,219,680,331,349,0,1,5,p_1.30.24_LL3f_mi,10
39,170,136,220,673,321,352,0,1,5,p_1.30.24_LL3f_mi,10
40,171,126,225,664,318,346,0,1,5,p_1.30.24_LL3f_mi,10
41,174,134,222,670,332,338,0,1,5,p_1.30.24_LL3f_mi,10
42,181,144,227,652,310,342,0,1,5,p_1.30.24_LL3f_mi,10
43,179,132,228,650,307,343,0,1,5,p_1.30.24_LL3f_mi,10
44,163,131,219,671,303,368,0,1,5,p_1.30.24_LL3f_mi,10
45,178,144,220,673,309,364,0,1,5,p_1.30.24_LL3f_mi,10
46,174,136,222,668,303,365,0,1,5,p_1.30.24_LL3f_mi,10
47,167,136,218,680,310,370,0,1,5,p_1.30.24_LL3f_mi,10
48,180,136,231,644,307,337,0,1,5,p_1.30.24_LL3f_mi,10
49,175,140,223,665,326,339,0,1,5,p_1.30.24_LL3f_mi,10
50,159,128,212,697,354,343,0,1,5,p_1.30.24_LL3f_mi,10
51,156,131,198,728,363,365,0,1,5,p_1.30.24_LL3f_mi,10
52,171,136,225,658,321,337,0,1,5,p_1.30.24_LL3f_mi,10
53,173,141,226,660,328,332,0,1,5,p_1.30.24_LL3f_mi,10
54,174,129,227,657,328,329,0,1,5,p_1.30.24_LL3f_mi,10
55,181,137,229,649,318,331,0,1,5,p_1.30.24_LL3f_mi,10
56,163,133,215,692,334,358,0,1,5,p_1.30.24_LL3f_mi,10
57,186,137,226,652,331,321,0,1,5,p_1.30.24_LL3f_mi,10
58,168,132,215,685,345,340,0,1,5,p_1.30.24_LL3f_mi,10
59,172,133,218,679,341,338,0,1,5,p_1.30.24_LL3f_mi,10
60,176,132,221,677,339,338,0,1,5,p_1.30.24_LL3f_mi,10
61,175,134,224,669,333,336,0,1,5,p_1.30.24_LL3f_mi,10
62,177,129,226,660,324,336,0,1,5,p_1.30.24_LL3f_mi,10
63,173,130,215,685,348,337,0,1,5,p_1.30.24_LL3f_mi,10
64,173,133,223,665,336,329,0,1,5,p_1.30.24_LL3f_mi,10
65,166,135,217,684,337,347,0,1,5,p_1.30.24_LL3f_mi,10
66,181,142,230,642,306,336,0,1,5,p_1.30.24_LL3f_mi,10
67,176,130,228,655,315,340,0,1,5,p_1.30.24_LL3f_mi,10
68,177,136,226,659,322,337,0,1,5,p_1.30.24_LL3f_mi,10
69,181,140,233,641,313,328,0,1,5,p_1.30.24_LL3f_mi,10
70,173,139,225,661,312,349,0,1,5,p_1.30.24_LL3f_mi,10
71,174,134,219,673,302,371,0,1,5,p_1.30.24_LL3f_mi,10
72,166,135,215,693,330,363,0,1,5,p_1.30.24_LL3f_mi,10
73,177,135,224,663,331,332,0,1,5,p_1.30.24_LL3f_mi,10
74,176,136,225,660,319,341,0,1,5,p_1.30.24_LL3f_mi,10
75,171,134,213,691,330,361,0,1,5,p_1.30.24_LL3f_mi,10
76,150,130,195,736,342,394,0,1,5,p_1.30.24_LL3f_mi,10
77,180,143,224,666,320,346,0,1,5,p_1.30.24_LL3f_mi,10
78,174,137,231,646,298,348,0,1,5,p_1.30.24_LL3f_mi,10
79,173,134,223,666,334,332,0,1,5,p_1.30.24_LL3f_mi,10
80,177,139,225,654,343,311,0,1,5,p_1.30.24_LL3f_mi,10
81,190,145,232,647,324,323,0,1,5,p_1.30.24_LL3f_mi,10
82,165,131,217,682,353,329,0,1,5,p_1.30.24_LL3f_mi,10
83,179,143,225,667,330,337,0,1,5,p_1.30.24_LL3f_mi,10
84,175,131,225,664,344,320,0,1,5,p_1.30.24_LL3f_mi,10
85,172,139,231,640,328,312,0,1,5,p_1.30.24_LL3f_mi,10
86,182,140,228,647,328,319,0,1,5,p_1.30.24_LL3f_mi,10
87,171,144,223,668,344,324,0,1,5,p_1.30.24_LL3f_mi,10
88,188,145,236,631,326,305,0,1,5,p_1.30.24_LL3f_mi,10
89,178,128,226,657,328,329,0,1,5,p_1.30.24_LL3f_mi,10
90,172,140,223,668,314,354,0,1,5,p_1.30.24_LL3f_mi,10
91,178,137,229,646,302,344,0,1,5,p_1.30.24_LL3f_mi,10
92,171,135,218,681,316,365,0,1,5,p_1.30.24_LL3f_mi,10
93,172,129,220,675,319,356,0,1,5,p_1.30.24_LL3f_mi,10
94,166,132,216,687,334,353,0,1,5,p_1.30.24_LL3f_mi,10
95,168,130,222,673,330,343,0,1,5,p_1.30.24_LL3f_mi,10
96,169,132,222,668,329,339,0,1,5,p_1.30.24_LL3f_mi,10
97,168,133,222,664,342,322,0,1,5,p_1.30.24_LL3f_mi,10
98,179,139,226,664,338,326,0,1,5,p_1.30.24_LL3f_mi,10
99,176,136,226,667,329,338,0,1,5,p_1.30.24_LL3f_mi,10
100,148,126,194,659,325,334,0,1,5,p_1.30.24_LL3f_mi,10
101,103,87,136,692,348,344,0,1,5,p_1.30.24_LL3f_mi,10
102,119,97,155,577,285,292,0,1,5,p_1.30.24_LL3f_mi,10
103,119,95,143,526,250,276,0,1,5,p_1.30.24_LL3f_mi,10
104,99,78,131,471,241,230,0,1,5,p_1.30.24_LL3f_mi,10
105,81,65,106,438,217,221,0,1,5,p_1.30.24_LL3f_mi,10
106,57,53,73,421,204,217,0,1,5,p_1.30.24_LL3f_mi,10
107,53,42,66,362,176,186,0,1,5,p_1.30.24_LL3f_mi,10
108,53,42,65,286,139,147,0,1,5,p_1.30.24_LL3f_mi,10
109,32,28,41,249,124,125,0,1,5,p_1.30.24_LL3f_mi,10
110,30,27,38,184,95,89,0,1,5,p_1.30.24_LL3f_mi,10
111,29,25,37,153,80,73,0,1,5,p_1.30.24_LL3f_mi,10
112,28,21,36,120,66,54,0,1,5,p_1.30.24_LL3f_mi,10
113,30,24,35,110,58,52,0,1,5,p_1.30.24_LL3f_mi,10
114,28,25,35,110,52,58,0,1,5,p_1.30.24_LL3f_mi,10
115,27,23,33,99,50,49,0,1,5,p_1.30.24_LL3f_mi,10
116,26,18,35,103,54,49,0,1,5,p_1.30.24_LL3f_mi,10
117,26,20,33,102,52,50,0,1,5,p_1.30.24_LL3f_mi,10
118,27,20,33,96,48,48,0,1,5,p_1.30.24_LL3f_mi,10
119,23,22,30,91,49,42,0,1,5,p_1.30.24_LL3f_mi,10
120,24,19,33,96,51,45,0,1,5,p_1.30.24_LL3f_mi,10
121,27,21,33,95,53,42,0,1,5,p_1.30.24_LL3f_mi,10
122,25,20,31,93,52,41,0,1,5,p_1.30.24_LL3f_mi,10
123,26,17,32,88,50,38,0,1,5,p_1.30.24_LL3f_mi,10
124,27,22,34,91,40,51,0,1,5,p_1.30.24_LL3f_mi,10
125,26,21,37,116,56,60,20,1,5,p_1.30.24_LL3f_mi,10
126,28,23,36,119,56,63,11,1,5,p_1.30.24_LL3f_mi,10
127,26,21,34,108,45,63,4,1,5,p_1.30.24_LL3f_mi,10
128,26,24,34,114,51,63,1,1,5,p_1.30.24_LL3f_mi,10
129,30,25,35,114,55,59,0,1,5,p_1.30.24_LL3f_mi,10
130,27,21,34,107,56,51,0,1,5,p_1.30.24_LL3f_mi,10
131,24,16,32,93,48,45,0,1,5,p_1.30.24_LL3f_mi,10
132,24,19,33,100,52,48,0,1,5,p_1.30.24_LL3f_mi,10
133,25,21,33,103,48,55,0,1,5,p_1.30.24_LL3f_mi,10
134,26,23,32,104,48,56,0,1,5,p_1.30.24_LL3f_mi,10
135,25,20,34,97,45,52,0,1,5,p_1.30.24_LL3f_mi,10
136,23,22,31,93,40,53,0,1,5,p_1.30.24_LL3f_mi,10
137,26,20,32,90,38,52,0,1,5,p_1.30.24_LL3f_mi,10
138,26,22,33,84,36,48,0,1,5,p_1.30.24_LL3f_mi,10
139,26,20,31,91,47,44,0,1,5,p_1.30.24_LL3f_mi,10
140,23,19,35,107,59,48,18,1,5,p_1.30.24_LL3f_mi,10
141,24,19,33,100,51,49,9,1,5,p_1.30.24_LL3f_mi,10
142,28,19,35,103,55,48,2,1,5,p_1.30.24_LL3f_mi,10
143,26,20,33,97,50,47,1,1,5,p_1.30.24_LL3f_mi,10
144,25,18,32,96,50,46,0,1,5,p_1.30.24_LL3f_mi,10
145,23,16,29,80,44,36,0,1,5,p_1.30.24_LL3f_mi,10
146,24,16,28,79,36,43,0,1,5,p_1.30.24_LL3f_mi,10
147,21,15,28,79,44,35,0,1,5,p_1.30.24_LL3f_mi,10
148,22,16,29,83,49,34,0,1,5,p_1.30.24_LL3f_mi,10
149,25,19,30,73,38,35,0,1,5,p_1.30.24_LL3f_mi,10
150,24,20,31,84,43,41,0,1,5,p_1.30.24_LL3f_mi,10
151,40,27,54,96,41,55,0,1,5,p_1.30.24_LL3f_mi,10
152,55,35,84,117,58,59,0,1,5,p_1.30.24_LL3f_mi,10
153,64,40,103,156,65,91,0,1,5,p_1.30.24_LL3f_mi,10
154,86,56,132,208,91,117,0,1,5,p_1.30.24_LL3f_mi,10
155,115,83,162,293,134,159,16,1,5,p_1.30.24_LL3f_mi,10
156,130,96,181,349,159,190,9,1,5,p_1.30.24_LL3f_mi,10
157,146,103,197,424,195,229,3,1,5,p_1.30.24_LL3f_mi,10
158,164,115,213,473,219,254,1,1,5,p_1.30.24_LL3f_mi,10
159,181,136,225,549,267,282,1,1,5,p_1.30.24_LL3f_mi,10
160,183,131,238,609,305,304,0,1,5,p_1.30.24_LL3f_mi,10
161,186,136,240,604,314,290,0,1,5,p_1.30.24_LL3f_mi,10
162,173,132,222,676,354,322,0,1,5,p_1.30.24_LL3f_mi,10
163,180,130,230,642,337,305,0,1,5,p_1.30.24_LL3f_mi,10
164,177,136,225,659,342,317,0,1,5,p_1.30.24_LL3f_mi,10
165,185,136,227,651,328,323,0,1,5,p_1.30.24_LL3f_mi,10
166,177,137,227,653,323,330,0,1,5,p_1.30.24_LL3f_mi,10
167,180,139,224,669,343,326,0,1,5,p_1.30.24_LL3f_mi,10
168,160,127,213,696,345,351,0,1,5,p_1.30.24_LL3f_mi,10
169,170,139,214,693,344,349,0,1,5,p_1.30.24_LL3f_mi,10
170,159,130,204,711,350,361,15,1,5,p_1.30.24_LL3f_mi,10
171,167,123,219,680,349,331,11,1,5,p_1.30.24_LL3f_mi,10
172,165,132,213,697,368,329,8,1,5,p_1.30.24_LL3f_mi,10
173,175,131,221,671,363,308,4,1,5,p_1.30.24_LL3f_mi,10
174,170,126,227,653,345,308,0,1,5,p_1.30.24_LL3f_mi,10
175,167,129,223,669,353,316,0,1,5,p_1.30.24_LL3f_mi,10
176,163,129,211,701,368,333,1,1,5,p_1.30.24_LL3f_mi,10
177,175,127,228,653,329,324,0,1,5,p_1.30.24_LL3f_mi,10
178,179,145,228,652,322,330,0,1,5,p_1.30.24_LL3f_mi,10
179,182,132,238,616,300,316,0,1,5,p_1.30.24_LL3f_mi,10
180,170,138,219,678,341,337,0,1,5,p_1.30.24_LL3f_mi,10
181,173,138,221,678,336,342,0,1,5,p_1.30.24_LL3f_mi,10
182,172,132,224,661,330,331,0,1,5,p_1.30.24_LL3f_mi,10
183,181,140,226,659,327,332,0,1,5,p_1.30.24_LL3f_mi,10
184,175,140,223,662,323,339,0,1,5,p_1.30.24_LL3f_mi,10
185,173,140,217,680,340,340,0,1,5,p_1.30.24_LL3f_mi,10
186,175,129,224,666,337,329,0,1,5,p_1.30.24_LL3f_mi,10
187,173,133,224,663,340,323,0,1,5,p_1.30.24_LL3f_mi,10
188,181,137,228,644,317,327,0,1,5,p_1.30.24_LL3f_mi,10
189,182,144,227,657,325,332,0,1,5,p_1.30.24_LL3f_mi,10
190,179,142,227,654,323,331,0,1,5,p_1.30.24_LL3f_mi,10
191,168,129,227,652,319,333,0,1,5,p_1.30.24_LL3f_mi,10
192,174,126,228,653,316,337,0,1,5,p_1.30.24_LL3f_mi,10
193,174,140,223,664,324,340,0,1,5,p_1.30.24_LL3f_mi,10
194,178,138,221,668,344,324,0,1,5,p_1.30.24_LL3f_mi,10
195,175,131,229,650,340,310,0,1,5,p_1.30.24_LL3f_mi,10
196,178,125,230,640,334,306,0,1,5,p_1.30.24_LL3f_mi,10
197,172,132,225,661,332,329,0,1,5,p_1.30.24_LL3f_mi,10
198,166,131,219,675,335,340,0,1,5,p_1.30.24_LL3f_mi,10
199,171,138,224,663,317,346,0,1,5,p_1.30.24_LL3f_mi,10
200,176,137,222,672,338,334,0,1,5,p_1.30.24_LL3f_mi,10
201,161,129,208,706,348,358,0,1,5,p_1.30.24_LL3f_mi,10
202,183,147,230,648,326,322,0,1,5,p_1.30.24_LL3f_mi,10
203,183,144,231,639,305,334,0,1,5,p_1.30.24_LL3f_mi,10
204,181,139,227,658,294,364,0,1,5,p_1.30.24_LL3f_mi,10
205,169,137,216,689,313,376,0,1,5,p_1.30.24_LL3f_mi,10
206,166,130,219,679,325,354,0,1,5,p_1.30.24_LL3f_mi,10
207,170,135,219,677,336,341,0,1,5,p_1.30.24_LL3f_mi,10
208,167,128,213,693,345,348,0,1,5,p_1.30.24_LL3f_mi,10
209,167,131,222,668,326,342,0,1,5,p_1.30.24_LL3f_mi,10
210,181,143,227,653,303,350,0,1,5,p_1.30.24_LL3f_mi,10
211,177,147,226,659,297,362,0,1,5,p_1.30.24_LL3f_mi,10
212,180,137,225,660,308,352,0,1,5,p_1.30.24_LL3f_mi,10
213,176,133,222,668,333,335,0,1,5,p_1.30.24_LL3f_mi,10
214,173,140,214,695,333,362,0,1,5,p_1.30.24_LL3f_mi,10
215,178,137,222,666,311,355,0,1,5,p_1.30.24_LL3f_mi,10
216,188,138,236,627,293,334,0,1,5,p_1.30.24_LL3f_mi,10
217,176,134,222,663,328,335,0,1,5,p_1.30.24_LL3f_mi,10
218,180,139,221,673,322,351,0,1,5,p_1.30.24_LL3f_mi,10
219,167,126,217,686,341,345,0,1,5,p_1.30.24_LL3f_mi,10
220,181,141,236,629,313,316,0,1,5,p_1.30.24_LL3f_mi,10
221,176,125,228,655,334,321,0,1,5,p_1.30.24_LL3f_mi,10
222,177,138,223,667,340,327,0,1,5,p_1.30.24_LL3f_mi,10
223,175,133,221,673,365,308,0,1,5,p_1.30.24_LL3f_mi,10
224,177,127,223,663,344,319,0,1,5,p_1.30.24_LL3f_mi,10
225,182,146,226,657,347,310,0,1,5,p_1.30.24_LL3f_mi,10
226,161,130,209,702,344,358,0,1,5,p_1.30.24_LL3f_mi,10
227,178,138,230,644,323,321,0,1,5,p_1.30.24_LL3f_mi,10
228,181,133,227,653,337,316,0,1,5,p_1.30.24_LL3f_mi,10
229,168,133,225,655,326,329,0,1,5,p_1.30.24_LL3f_mi,10
230,185,142,229,646,307,339,0,1,5,p_1.30.24_LL3f_mi,10
231,173,138,225,655,317,338,0,1,5,p_1.30.24_LL3f_mi,10
232,167,127,218,676,315,361,0,1,5,p_1.30.24_LL3f_mi,10
233,159,123,219,677,310,367,0,1,5,p_1.30.24_LL3f_mi,10
234,167,132,219,675,328,347,0,1,5,p_1.30.24_LL3f_mi,10
235,177,131,228,644,332,312,0,1,5,p_1.30.24_LL3f_mi,10
236,182,137,231,635,320,315,0,1,5,p_1.30.24_LL3f_mi,10
237,181,130,231,644,326,318,0,1,5,p_1.30.24_LL3f_mi,10
238,172,146,220,686,363,323,0,1,5,p_1.30.24_LL3f_mi,10
239,164,128,203,721,376,345,0,1,5,p_1.30.24_LL3f_mi,10
240,177,128,226,658,351,307,0,1,5,p_1.30.24_LL3f_mi,10
241,175,136,223,668,373,295,0,1,5,p_1.30.24_LL3f_mi,10
242,186,137,229,650,353,297,0,1,5,p_1.30.24_LL3f_mi,10
243,172,126,226,657,348,309,0,1,5,p_1.30.24_LL3f_mi,10
244,174,136,226,656,342,314,0,1,5,p_1.30.24_LL3f_mi,10
245,168,136,214,690,340,350,0,1,5,p_1.30.24_LL3f_mi,10
246,172,140,227,656,321,335,0,1,5,p_1.30.24_LL3f_mi,10
247,169,133,221,676,345,331,0,1,5,p_1.30.24_LL3f_mi,10
248,175,129,222,663,333,330,0,1,5,p_1.30.24_LL3f_mi,10
249,175,136,222,671,329,342,0,1,5,p_1.30.24_LL3f_mi,10
250,165,129,215,686,324,362,0,1,5,p_1.30.24_LL3f_mi,10
251,163,126,206,716,359,357,0,1,5,p_1.30.24_LL3f_mi,10
252,181,139,226,653,340,313,0,1,5,p_1.30.24_LL3f_mi,10
253,173,129,226,651,337,314,0,1,5,p_1.30.24_LL3f_mi,10
254,165,130,220,676,345,331,0,1,5,p_1.30.24_LL3f_mi,10
255,182,142,228,653,327,326,0,1,5,p_1.30.24_LL3f_mi,10
256,181,129,234,635,315,320,0,1,5,p_1.30.24_LL3f_mi,10
257,171,140,223,670,341,329,0,1,5,p_1.30.24_LL3f_mi,10
258,182,139,229,657,343,314,0,1,5,p_1.30.24_LL3f_mi,10
259,163,120,223,669,352,317,0,1,5,p_1.30.24_LL3f_mi,10
260,174,134,225,661,357,304,0,1,5,p_1.30.24_LL3f_mi,10
261,174,130,226,657,355,302,0,1,5,p_1.30.24_LL3f_mi,10
262,176,138,221,678,350,328,0,1,5,p_1.30.24_LL3f_mi,10
263,179,137,226,666,347,319,0,1,5,p_1.30.24_LL3f_mi,10
264,177,133,229,642,309,333,0,1,5,p_1.30.24_LL3f_mi,10
265,179,132,229,651,317,334,0,1,5,p_1.30.24_LL3f_mi,10
266,171,130,221,676,342,334,0,1,5,p_1.30.24_LL3f_mi,10
267,174,142,223,674,326,348,0,1,5,p_1.30.24_LL3f_mi,10
268,176,137,225,663,325,338,0,1,5,p_1.30.24_LL3f_mi,10
269,175,140,229,647,338,309,0,1,5,p_1.30.24_LL3f_mi,10
270,173,130,233,630,320,310,0,1,5,p_1.30.24_LL3f_mi,10
271,183,145,226,657,334,323,0,1,5,p_1.30.24_LL3f_mi,10
272,168,137,214,697,332,365,0,1,5,p_1.30.24_LL3f_mi,10
273,175,132,215,686,342,344,0,1,5,p_1.30.24_LL3f_mi,10
274,181,135,229,641,327,314,0,1,5,p_1.30.24_LL3f_mi,10
275,182,139,224,667,352,315,0,1,5,p_1.30.24_LL3f_mi,10
276,165,142,204,718,369,349,0,1,5,p_1.30.24_LL3f_mi,10
277,168,128,216,683,335,348,0,1,5,p_1.30.24_LL3f_mi,10
278,176,136,230,645,299,346,0,1,5,p_1.30.24_LL3f_mi,10
279,177,136,232,638,318,320,0,1,5,p_1.30.24_LL3f_mi,10
280,162,125,217,678,339,339,0,1,5,p_1.30.24_LL3f_mi,10
281,173,132,225,666,330,336,0,1,5,p_1.30.24_LL3f_mi,10
282,171,131,223,668,319,349,0,1,5,p_1.30.24_LL3f_mi,10
283,179,146,227,663,320,343,0,1,5,p_1.30.24_LL3f_mi,10
284,179,129,231,644,337,307,0,1,5,p_1.30.24_LL3f_mi,10
285,181,137,229,650,329,321,0,1,5,p_1.30.24_LL3f_mi,10
286,172,131,229,646,337,309,0,1,5,p_1.30.24_LL3f_mi,10
287,174,143,220,676,357,319,0,1,5,p_1.30.24_LL3f_mi,10
288,173,142,228,658,326,332,0,1,5,p_1.30.24_LL3f_mi,10
289,177,139,222,666,343,323,0,1,5,p_1.30.24_LL3f_mi,10
290,173,122,227,653,335,318,0,1,5,p_1.30.24_LL3f_mi,10
291,168,134,220,676,353,323,0,1,5,p_1.30.24_LL3f_mi,10
292,174,140,223,665,351,314,0,1,5,p_1.30.24_LL3f_mi,10
293,178,143,230,656,324,332,0,1,5,p_1.30.24_LL3f_mi,10
294,175,140,223,668,322,346,0,1,5,p_1.30.24_LL3f_mi,10
295,170,137,223,666,326,340,0,1,5,p_1.30.24_LL3f_mi,10
296,170,138,225,662,327,335,0,1,5,p_1.30.24_LL3f_mi,10
297,180,136,230,648,320,328,0,1,5,p_1.30.24_LL3f_mi,10
298,173,135,226,662,328,334,0,1,5,p_1.30.24_LL3f_mi,10
299,170,136,220,673,336,337,0,1,5,p_1.30.24_LL3f_mi,10
300,169,125,222,663,346,317,0,1,5,p_1.30.24_LL3f_mi,10
301,158,126,199,728,361,367,0,1,5,p_1.30.24_LL3f_mi,10
302,177,138,233,627,284,343,0,1,5,p_1.30.24_LL3f_mi,10
303,180,141,235,628,301,327,0,1,5,p_1.30.24_LL3f_mi,10
304,172,130,220,677,340,337,0,1,5,p_1.30.24_LL3f_mi,10
305,171,140,217,679,326,353,0,1,5,p_1.30.24_LL3f_mi,10
306,175,134,223,668,314,354,0,1,5,p_1.30.24_LL3f_mi,10
307,167,132,218,681,328,353,0,1,5,p_1.30.24_LL3f_mi,10
308,172,126,219,673,352,321,0,1,5,p_1.30.24_LL3f_mi,10
309,177,130,225,661,354,307,0,1,5,p_1.30.24_LL3f_mi,10
310,179,148,223,664,344,320,0,1,5,p_1.30.24_LL3f_mi,10
311,176,139,228,657,316,341,0,1,5,p_1.30.24_LL3f_mi,10
312,168,138,221,666,320,346,0,1,5,p_1.30.24_LL3f_mi,10
313,178,141,229,651,312,339,0,1,5,p_1.30.24_LL3f_mi,10
314,184,129,224,663,321,342,0,1,5,p_1.30.24_LL3f_mi,10
315,170,132,227,657,314,343,0,1,5,p_1.30.24_LL3f_mi,10
316,173,132,223,660,313,347,0,1,5,p_1.30.24_LL3f_mi,10
317,163,130,213,693,341,352,0,1,5,p_1.30.24_LL3f_mi,10
318,167,127,218,681,340,341,0,1,5,p_1.30.24_LL3f_mi,10
319,174,138,226,657,324,333,0,1,5,p_1.30.24_LL3f_mi,10
320,174,142,220,671,318,353,0,1,5,p_1.30.24_LL3f_mi,10
321,164,133,216,685,337,348,0,1,5,p_1.30.24_LL3f_mi,10
322,172,133,218,684,338,346,0,1,5,p_1.30.24_LL3f_mi,10
323,182,139,230,649,323,326,0,1,5,p_1.30.24_LL3f_mi,10
324,172,137,227,651,341,310,0,1,5,p_1.30.24_LL3f_mi,10
325,173,125,222,672,353,319,0,1,5,p_1.30.24_LL3f_mi,10
326,151,124,199,724,365,359,0,1,5,p_1.30.24_LL3f_mi,10
327,179,138,226,655,325,330,0,1,5,p_1.30.24_LL3f_mi,10
328,186,136,237,611,300,311,0,1,5,p_1.30.24_LL3f_mi,10
329,175,136,234,631,316,315,0,1,5,p_1.30.24_LL3f_mi,10
330,180,140,235,627,314,313,0,1,5,p_1.30.24_LL3f_mi,10
331,178,139,224,663,334,329,0,1,5,p_1.30.24_LL3f_mi,10
332,159,133,217,687,349,338,0,1,5,p_1.30.24_LL3f_mi,10
333,174,130,222,670,329,341,0,1,5,p_1.30.24_LL3f_mi,10
334,182,140,233,637,318,319,0,1,5,p_1.30.24_LL3f_mi,10
335,179,143,230,645,308,337,0,1,5,p_1.30.24_LL3f_mi,10
336,183,147,232,640,302,338,0,1,5,p_1.30.24_LL3f_mi,10
337,172,139,228,662,298,364,0,1,5,p_1.30.24_LL3f_mi,10
338,175,135,227,658,321,337,0,1,5,p_1.30.24_LL3f_mi,10
339,172,138,226,658,335,323,0,1,5,p_1.30.24_LL3f_mi,10
340,178,143,227,651,324,327,0,1,5,p_1.30.24_LL3f_mi,10
341,178,143,221,673,326,347,0,1,5,p_1.30.24_LL3f_mi,10
342,171,133,220,670,320,350,0,1,5,p_1.30.24_LL3f_mi,10
343,173,133,221,675,325,350,0,1,5,p_1.30.24_LL3f_mi,10
344,182,151,232,638,294,344,0,1,5,p_1.30.24_LL3f_mi,10
345,184,138,231,642,322,320,0,1,5,p_1.30.24_LL3f_mi,10
346,177,136,221,670,333,337,0,1,5,p_1.30.24_LL3f_mi,10
347,175,136,225,661,335,326,0,1,5,p_1.30.24_LL3f_mi,10
348,177,138,232,642,326,316,0,1,5,p_1.30.24_LL3f_mi,10
349,180,140,231,643,336,307,0,1,5,p_1.30.24_LL3f_mi,10
350,164,130,216,695,365,330,0,1,5,p_1.30.24_LL3f_mi,10
1,8,8,10,632,323,309,0,1,1,p_1.30.24_LL3f_mi,11
2,104,92,129,846,433,413,0,1,1,p_1.30.24_LL3f_mi,11
3,143,119,179,777,412,365,0,1,1,p_1.30.24_LL3f_mi,11
4,153,127,198,726,382,344,0,1,1,p_1.30.24_LL3f_mi,11
5,174,132,226,658,333,325,0,1,1,p_1.30.24_LL3f_mi,11
6,183,146,231,637,313,324,0,1,1,p_1.30.24_LL3f_mi,11
7,169,137,223,668,331,337,0,1,1,p_1.30.24_LL3f_mi,11
8,180,133,222,668,336,332,0,1,1,p_1.30.24_LL3f_mi,11
9,169,127,225,658,341,317,0,1,1,p_1.30.24_LL3f_mi,11
10,184,137,229,649,329,320,0,1,1,p_1.30.24_LL3f_mi,11
11,182,129,228,658,338,320,0,1,1,p_1.30.24_LL3f_mi,11
12,181,134,230,647,325,322,0,1,1,p_1.30.24_LL3f_mi,11
13,174,130,226,661,319,342,0,1,1,p_1.30.24_LL3f_mi,11
14,180,141,228,648,319,329,0,1,1,p_1.30.24_LL3f_mi,11
15,176,135,223,662,329,333,0,1,1,p_1.30.24_LL3f_mi,11
16,175,132,227,657,333,324,0,1,1,p_1.30.24_LL3f_mi,11
17,182,145,221,666,321,345,0,1,1,p_1.30.24_LL3f_mi,11
18,165,130,221,677,319,358,0,1,1,p_1.30.24_LL3f_mi,11
19,163,130,217,681,337,344,0,1,1,p_1.30.24_LL3f_mi,11
20,160,122,209,704,336,368,0,1,1,p_1.30.24_LL3f_mi,11
21,174,136,227,657,333,324,0,1,1,p_1.30.24_LL3f_mi,11
22,174,133,226,655,335,320,0,1,1,p_1.30.24_LL3f_mi,11
23,174,141,223,672,330,342,0,1,1,p_1.30.24_LL3f_mi,11
24,171,136,221,671,332,339,0,1,1,p_1.30.24_LL3f_mi,11
25,177,138,227,655,321,334,0,1,1,p_1.30.24_LL3f_mi,11
26,161,130,203,721,354,367,0,1,1,p_1.30.24_LL3f_mi,11
27,173,141,224,664,317,347,0,1,1,p_1.30.24_LL3f_mi,11
28,175,126,227,661,326,335,0,1,1,p_1.30.24_LL3f_mi,11
29,175,130,222,669,328,341,0,1,1,p_1.30.24_LL3f_mi,11
30,177,132,225,660,343,317,0,1,1,p_1.30.24_LL3f_mi,11
31,170,130,226,668,344,324,0,1,1,p_1.30.24_LL3f_mi,11
32,176,137,218,680,352,328,0,1,1,p_1.30.24_LL3f_mi,11
33,162,135,217,680,364,316,0,1,1,p_1.30.24_LL3f_mi,11
34,175,136,226,655,347,308,0,1,1,p_1.30.24_LL3f_mi,11
35,181,139,228,650,332,318,0,1,1,p_1.30.24_LL3f_mi,11
36,173,137,227,653,335,318,0,1,1,p_1.30.24_LL3f_mi,11
37,168,129,223,664,352,312,0,1,1,p_1.30.24_LL3f_mi,11
38,166,133,219,673,349,324,0,1,1,p_1.30.24_LL3f_mi,11
39,172,128,219,677,355,322,0,1,1,p_1.30.24_LL3f_mi,11
40,186,137,231,646,332,314,0,1,1,p_1.30.24_LL3f_mi,11
41,180,137,230,652,317,335,0,1,1,p_1.30.24_LL3f_mi,11
42,178,134,221,674,326,348,0,1,1,p_1.30.24_LL3f_mi,11
43,172,136,220,673,331,342,0,1,1,p_1.30.24_LL3f_mi,11
44,178,141,228,659,327,332,0,1,1,p_1.30.24_LL3f_mi,11
45,175,131,226,663,336,327,0,1,1,p_1.30.24_LL3f_mi,11
46,172,135,223,662,325,337,0,1,1,p_1.30.24_LL3f_mi,11
47,174,130,229,653,330,323,0,1,1,p_1.30.24_LL3f_mi,11
48,178,138,226,661,324,337,0,1,1,p_1.30.24_LL3f_mi,11
49,171,135,221,677,321,356,0,1,1,p_1.30.24_LL3f_mi,11
50,173,139,219,681,330,351,0,1,1,p_1.30.24_LL3f_mi,11
51,157,126,207,716,351,365,0,1,1,p_1.30.24_LL3f_mi,11
52,168,126,221,672,341,331,0,1,1,p_1.30.24_LL3f_mi,11
53,174,132,227,656,324,332,0,1,1,p_1.30.24_LL3f_mi,11
54,164,141,215,691,342,349,0,1,1,p_1.30.24_LL3f_mi,11
55,172,134,222,666,340,326,0,1,1,p_1.30.24_LL3f_mi,11
56,183,136,228,651,319,332,0,1,1,p_1.30.24_LL3f_mi,11
57,177,137,228,647,315,332,0,1,1,p_1.30.24_LL3f_mi,11
58,174,146,219,681,315,366,0,1,1,p_1.30.24_LL3f_mi,11
59,175,136,222,670,323,347,0,1,1,p_1.30.24_LL3f_mi,11
60,172,136,223,667,328,339,0,1,1,p_1.30.24_LL3f_mi,11
61,174,131,228,644,318,326,0,1,1,p_1.30.24_LL3f_mi,11
62,167,132,219,679,330,349,0,1,1,p_1.30.24_LL3f_mi,11
63,180,135,225,661,330,331,0,1,1,p_1.30.24_LL3f_mi,11
64,189,138,227,657,329,328,0,1,1,p_1.30.24_LL3f_mi,11
65,176,135,222,674,342,332,0,1,1,p_1.30.24_LL3f_mi,11
66,178,141,223,666,338,328,0,1,1,p_1.30.24_LL3f_mi,11
67,184,139,230,648,314,334,0,1,1,p_1.30.24_LL3f_mi,11
68,175,138,218,678,329,349,0,1,1,p_1.30.24_LL3f_mi,11
69,177,140,223,671,321,350,0,1,1,p_1.30.24_LL3f_mi,11
70,175,144,218,679,305,374,0,1,1,p_1.30.24_LL3f_mi,11
71,174,138,218,677,319,358,0,1,1,p_1.30.24_LL3f_mi,11
72,184,143,230,654,312,342,0,1,1,p_1.30.24_LL3f_mi,11
73,173,146,223,665,320,345,0,1,1,p_1.30.24_LL3f_mi,11
74,172,136,224,663,316,347,0,1,1,p_1.30.24_LL3f_mi,11
75,164,136,216,688,327,361,0,1,1,p_1.30.24_LL3f_mi,11
76,157,130,198,732,360,372,0,1,1,p_1.30.24_LL3f_mi,11
77,170,135,220,674,351,323,0,1,1,p_1.30.24_LL3f_mi,11
78,177,134,229,650,331,319,0,1,1,p_1.30.24_LL3f_mi,11
79,177,134,225,663,344,319,0,1,1,p_1.30.24_LL3f_mi,11
80,172,134,221,667,336,331,0,1,1,p_1.30.24_LL3f_mi,11
81,180,131,228,651,331,320,0,1,1,p_1.30.24_LL3f_mi,11
82,170,132,219,680,331,349,0,1,1,p_1.30.24_LL3f_mi,11
83,165,139,217,684,327,357,0,1,1,p_1.30.24_LL3f_mi,11
84,166,125,226,653,322,331,0,1,1,p_1.30.24_LL3f_mi,11
85,174,135,223,660,326,334,0,1,1,p_1.30.24_LL3f_mi,11
86,178,136,222,666,336,330,0,1,1,p_1.30.24_LL3f_mi,11
87,172,135,226,655,326,329,0,1,1,p_1.30.24_LL3f_mi,11
88,176,141,223,670,342,328,0,1,1,p_1.30.24_LL3f_mi,11
89,170,130,225,658,351,307,0,1,1,p_1.30.24_LL3f_mi,11
90,167,128,230,653,327,326,0,1,1,p_1.30.24_LL3f_mi,11
91,165,132,218,679,327,352,0,1,1,p_1.30.24_LL3f_mi,11
92,172,145,226,662,310,352,0,1,1,p_1.30.24_LL3f_mi,11
93,182,139,233,635,292,343,0,1,1,p_1.30.24_LL3f_mi,11
94,182,140,225,665,304,361,0,1,1,p_1.30.24_LL3f_mi,11
95,177,138,225,659,316,343,0,1,1,p_1.30.24_LL3f_mi,11
96,175,130,231,646,322,324,0,1,1,p_1.30.24_LL3f_mi,11
97,169,126,221,666,326,340,0,1,1,p_1.30.24_LL3f_mi,11
98,172,139,219,683,328,355,0,1,1,p_1.30.24_LL3f_mi,11
99,175,133,225,657,317,340,0,1,1,p_1.30.24_LL3f_mi,11
100,147,120,190,668,330,338,0,1,1,p_1.30.24_LL3f_mi,11
101,122,101,154,667,349,318,0,1,1,p_1.30.24_LL3f_mi,11
102,126,103,160,569,303,266,0,1,1,p_1.30.24_LL3f_mi,11
103,106,91,137,536,283,253,0,1,1,p_1.30.24_LL3f_mi,11
104,103,86,132,473,251,222,0,1,1,p_1.30.24_LL3f_mi,11
105,78,67,101,451,238,213,0,1,1,p_1.30.24_LL3f_mi,11
106,76,64,95,384,200,184,0,1,1,p_1.30.24_LL3f_mi,11
107,52,48,68,355,181,174,0,1,1,p_1.30.24_LL3f_mi,11
108,49,43,63,288,144,144,0,1,1,p_1.30.24_LL3f_mi,11
109,28,27,35,261,132,129,0,1,1,p_1.30.24_LL3f_mi,11
110,31,28,37,184,99,85,0,1,1,p_1.30.24_LL3f_mi,11
111,31,23,38,148,78,70,0,1,1,p_1.30.24_LL3f_mi,11
112,29,22,37,128,65,63,0,1,1,p_1.30.24_LL3f_mi,11
113,25,21,36,125,68,57,0,1,1,p_1.30.24_LL3f_mi,11
114,27,23,36,108,57,51,0,1,1,p_1.30.24_LL3f_mi,11
115,26,21,37,117,62,55,0,1,1,p_1.30.24_LL3f_mi,11
116,29,23,36,116,66,50,0,1,1,p_1.30.24_LL3f_mi,11
117,28,21,35,118,56,62,0,1,1,p_1.30.24_LL3f_mi,11
118,29,23,35,119,52,67,0,1,1,p_1.30.24_LL3f_mi,11
119,22,18,35,103,40,63,0,1,1,p_1.30.24_LL3f_mi,11
120,25,17,33,107,51,56,0,1,1,p_1.30.24_LL3f_mi,11
121,28,22,33,99,49,50,0,1,1,p_1.30.24_LL3f_mi,11
122,25,20,33,104,51,53,0,1,1,p_1.30.24_LL3f_mi,11
123,21,18,31,97,46,51,0,1,1,p_1.30.24_LL3f_mi,11
124,30,25,36,99,49,50,0,1,1,p_1.30.24_LL3f_mi,11
125,26,21,36,129,68,61,18,1,1,p_1.30.24_LL3f_mi,11
126,27,17,37,130,72,58,11,1,1,p_1.30.24_LL3f_mi,11
127,29,24,36,125,64,61,5,1,1,p_1.30.24_LL3f_mi,11
128,28,22,36,117,64,53,2,1,1,p_1.30.24_LL3f_mi,11
129,25,20,34,108,62,46,0,1,1,p_1.30.24_LL3f_mi,11
130,29,21,35,115,60,55,0,1,1,p_1.30.24_LL3f_mi,11
131,25,24,34,105,52,53,0,1,1,p_1.30.24_LL3f_mi,11
132,27,22,34,108,49,59,0,1,1,p_1.30.24_LL3f_mi,11
133,27,20,34,103,55,48,0,1,1,p_1.30.24_LL3f_mi,11
134,26,18,34,109,58,51,0,1,1,p_1.30.24_LL3f_mi,11
135,25,21,33,102,55,47,0,1,1,p_1.30.24_LL3f_mi,11
136,28,23,34,105,58,47,0,1,1,p_1.30.24_LL3f_mi,11
137,24,22,33,106,56,50,0,1,1,p_1.30.24_LL3f_mi,11
138,26,20,34,106,57,49,0,1,1,p_1.30.24_LL3f_mi,11
139,27,21,35,111,57,54,0,1,1,p_1.30.24_LL3f_mi,11
140,27,22,36,127,61,66,21,1,1,p_1.30.24_LL3f_mi,11
141,25,18,35,111,63,48,12,1,1,p_1.30.24_LL3f_mi,11
142,27,20,35,114,67,47,6,1,1,p_1.30.24_LL3f_mi,11
143,28,18,35,114,65,49,1,1,1,p_1.30.24_LL3f_mi,11
144,28,19,33,111,61,50,1,1,1,p_1.30.24_LL3f_mi,11
145,31,22,36,108,60,48,0,1,1,p_1.30.24_LL3f_mi,11
146,26,18,33,103,61,42,0,1,1,p_1.30.24_LL3f_mi,11
147,26,19,33,94,51,43,0,1,1,p_1.30.24_LL3f_mi,11
148,24,18,31,94,49,45,0,1,1,p_1.30.24_LL3f_mi,11
149,21,18,29,82,40,42,0,1,1,p_1.30.24_LL3f_mi,11
150,23,19,31,90,44,46,0,1,1,p_1.30.24_LL3f_mi,11
151,43,22,67,89,47,42,0,1,1,p_1.30.24_LL3f_mi,11
152,58,38,85,119,60,59,0,1,1,p_1.30.24_LL3f_mi,11
153,76,55,114,168,81,87,0,1,1,p_1.30.24_LL3f_mi,11
154,100,66,138,224,110,114,0,1,1,p_1.30.24_LL3f_mi,11
155,126,77,163,312,162,150,15,1,1,p_1.30.24_LL3f_mi,11
156,140,100,179,380,194,186,10,1,1,p_1.30.24_LL3f_mi,11
157,156,113,197,433,218,215,3,1,1,p_1.30.24_LL3f_mi,11
158,164,121,208,511,255,256,2,1,1,p_1.30.24_LL3f_mi,11
159,172,134,223,555,280,275,1,1,1,p_1.30.24_LL3f_mi,11
160,184,136,237,608,300,308,0,1,1,p_1.30.24_LL3f_mi,11
161,178,136,232,639,315,324,0,1,1,p_1.30.24_LL3f_mi,11
162,171,137,225,661,321,340,0,1,1,p_1.30.24_LL3f_mi,11
163,170,132,223,671,328,343,0,1,1,p_1.30.24_LL3f_mi,11
164,174,123,224,661,316,345,0,1,1,p_1.30.24_LL3f_mi,11
165,177,134,223,666,318,348,0,1,1,p_1.30.24_LL3f_mi,11
166,180,140,229,651,320,331,0,1,1,p_1.30.24_LL3f_mi,11
167,180,134,224,664,327,337,0,1,1,p_1.30.24_LL3f_mi,11
168,156,123,207,712,349,363,0,1,1,p_1.30.24_LL3f_mi,11
169,167,131,211,701,345,356,0,1,1,p_1.30.24_LL3f_mi,11
170,170,136,217,678,323,355,16,1,1,p_1.30.24_LL3f_mi,11
171,178,136,228,652,315,337,9,1,1,p_1.30.24_LL3f_mi,11
172,172,131,222,663,338,325,9,1,1,p_1.30.24_LL3f_mi,11
173,177,131,223,668,332,336,2,1,1,p_1.30.24_LL3f_mi,11
174,164,133,224,669,325,344,0,1,1,p_1.30.24_LL3f_mi,11
175,164,129,211,701,329,372,0,1,1,p_1.30.24_LL3f_mi,11
176,154,124,199,728,350,378,0,1,1,p_1.30.24_LL3f_mi,11
177,170,129,221,668,330,338,0,1,1,p_1.30.24_LL3f_mi,11
178,174,135,227,648,342,306,0,1,1,p_1.30.24_LL3f_mi,11
179,175,140,222,671,349,322,0,1,1,p_1.30.24_LL3f_mi,11
180,172,133,227,653,323,330,0,1,1,p_1.30.24_LL3f_mi,11
181,170,132,222,670,330,340,0,1,1,p_1.30.24_LL3f_mi,11
182,170,133,213,693,345,348,0,1,1,p_1.30.24_LL3f_mi,11
183,169,139,219,680,339,341,0,1,1,p_1.30.24_LL3f_mi,11
184,163,124,213,694,347,347,0,1,1,p_1.30.24_LL3f_mi,11
185,185,143,227,652,351,301,0,1,1,p_1.30.24_LL3f_mi,11
186,176,136,230,649,344,305,0,1,1,p_1.30.24_LL3f_mi,11
187,178,129,225,666,340,326,0,1,1,p_1.30.24_LL3f_mi,11
188,168,139,215,691,341,350,0,1,1,p_1.30.24_LL3f_mi,11
189,174,136,222,665,334,331,0,1,1,p_1.30.24_LL3f_mi,11
190,174,135,221,670,336,334,0,1,1,p_1.30.24_LL3f_mi,11
191,176,137,227,654,330,324,0,1,1,p_1.30.24_LL3f_mi,11
192,179,133,227,655,330,325,0,1,1,p_1.30.24_LL3f_mi,11
193,170,135,223,663,351,312,0,1,1,p_1.30.24_LL3f_mi,11
194,172,133,219,674,356,318,0,1,1,p_1.30.24_LL3f_mi,11
195,175,135,224,670,349,321,0,1,1,p_1.30.24_LL3f_mi,11
196,172,138,222,664,331,333,0,1,1,p_1.30.24_LL3f_mi,11
197,172,140,222,670,342,328,0,1,1,p_1.30.24_LL3f_mi,11
198,172,133,216,687,327,360,0,1,1,p_1.30.24_LL3f_mi,11
199,176,142,226,656,308,348,0,1,1,p_1.30.24_LL3f_mi,11
200,177,139,224,666,336,330,0,1,1,p_1.30.24_LL3f_mi,11
201,168,128,215,692,351,341,0,1,1,p_1.30.24_LL3f_mi,11
202,180,135,227,657,336,321,0,1,1,p_1.30.24_LL3f_mi,11
203,174,127,228,645,310,335,0,1,1,p_1.30.24_LL3f_mi,11
204,179,134,232,639,300,339,0,1,1,p_1.30.24_LL3f_mi,11
205,176,136,228,652,286,366,0,1,1,p_1.30.24_LL3f_mi,11
206,184,152,219,684,306,378,0,1,1,p_1.30.24_LL3f_mi,11
207,187,147,230,648,302,346,0,1,1,p_1.30.24_LL3f_mi,11
208,173,140,223,668,335,333,0,1,1,p_1.30.24_LL3f_mi,11
209,173,143,221,673,345,328,0,1,1,p_1.30.24_LL3f_mi,11
210,178,142,228,653,327,326,0,1,1,p_1.30.24_LL3f_mi,11
211,175,135,223,666,332,334,0,1,1,p_1.30.24_LL3f_mi,11
212,161,133,214,693,357,336,0,1,1,p_1.30.24_LL3f_mi,11
213,171,135,226,656,343,313,0,1,1,p_1.30.24_LL3f_mi,11
214,179,140,223,657,350,307,0,1,1,p_1.30.24_LL3f_mi,11
215,176,137,223,667,339,328,0,1,1,p_1.30.24_LL3f_mi,11
216,169,139,221,674,336,338,0,1,1,p_1.30.24_LL3f_mi,11
217,177,135,225,653,323,330,0,1,1,p_1.30.24_LL3f_mi,11
218,178,143,229,651,321,330,0,1,1,p_1.30.24_LL3f_mi,11
219,179,140,230,647,334,313,0,1,1,p_1.30.24_LL3f_mi,11
220,179,141,227,657,327,330,0,1,1,p_1.30.24_LL3f_mi,11
221,178,133,230,644,320,324,0,1,1,p_1.30.24_LL3f_mi,11
222,174,137,227,651,312,339,0,1,1,p_1.30.24_LL3f_mi,11
223,173,138,223,666,332,334,0,1,1,p_1.30.24_LL3f_mi,11
224,172,137,221,671,352,319,0,1,1,p_1.30.24_LL3f_mi,11
225,169,141,212,698,356,342,0,1,1,p_1.30.24_LL3f_mi,11
226,163,133,209,710,363,347,0,1,1,p_1.30.24_LL3f_mi,11
227,179,140,231,645,341,304,0,1,1,p_1.30.24_LL3f_mi,11
228,166,133,222,669,354,315,0,1,1,p_1.30.24_LL3f_mi,11
229,168,131,215,692,361,331,0,1,1,p_1.30.24_LL3f_mi,11
230,169,132,221,671,331,340,0,1,1,p_1.30.24_LL3f_mi,11
231,174,131,221,671,317,354,0,1,1,p_1.30.24_LL3f_mi,11
232,179,135,228,649,307,342,0,1,1,p_1.30.24_LL3f_mi,11
233,172,139,225,663,326,337,0,1,1,p_1.30.24_LL3f_mi,11
234,179,139,229,652,327,325,0,1,1,p_1.30.24_LL3f_mi,11
235,173,128,221,676,365,311,0,1,1,p_1.30.24_LL3f_mi,11
236,159,121,214,688,366,322,0,1,1,p_1.30.24_LL3f_mi,11
237,168,122,215,693,382,311,0,1,1,p_1.30.24_LL3f_mi,11
238,173,132,225,656,348,308,0,1,1,p_1.30.24_LL3f_mi,11
239,178,143,225,656,325,331,0,1,1,p_1.30.24_LL3f_mi,11
240,174,131,223,672,322,350,0,1,1,p_1.30.24_LL3f_mi,11
241,171,138,220,675,332,343,0,1,1,p_1.30.24_LL3f_mi,11
242,176,137,225,660,314,346,0,1,1,p_1.30.24_LL3f_mi,11
243,172,129,216,683,331,352,0,1,1,p_1.30.24_LL3f_mi,11
244,172,130,230,649,326,323,0,1,1,p_1.30.24_LL3f_mi,11
245,175,138,224,665,330,335,0,1,1,p_1.30.24_LL3f_mi,11
246,179,137,232,642,324,318,0,1,1,p_1.30.24_LL3f_mi,11
247,180,143,233,632,321,311,0,1,1,p_1.30.24_LL3f_mi,11
248,176,130,227,652,332,320,0,1,1,p_1.30.24_LL3f_mi,11
249,177,141,229,643,318,325,0,1,1,p_1.30.24_LL3f_mi,11
250,173,135,221,673,342,331,0,1,1,p_1.30.24_LL3f_mi,11
251,158,130,208,711,341,370,0,1,1,p_1.30.24_LL3f_mi,11
252,183,143,226,658,318,340,0,1,1,p_1.30.24_LL3f_mi,11
253,168,132,220,677,326,351,0,1,1,p_1.30.24_LL3f_mi,11
254,167,130,222,670,317,353,0,1,1,p_1.30.24_LL3f_mi,11
255,168,132,213,700,342,358,0,1,1,p_1.30.24_LL3f_mi,11
256,183,140,230,654,310,344,0,1,1,p_1.30.24_LL3f_mi,11
257,177,136,229,644,309,335,0,1,1,p_1.30.24_LL3f_mi,11
258,178,134,227,657,325,332,0,1,1,p_1.30.24_LL3f_mi,11
259,177,134,231,646,315,331,0,1,1,p_1.30.24_LL3f_mi,11
260,167,131,216,681,342,339,0,1,1,p_1.30.24_LL3f_mi,11
261,174,132,227,655,321,334,0,1,1,p_1.30.24_LL3f_mi,11
262,171,137,220,679,333,346,0,1,1,p_1.30.24_LL3f_mi,11
263,186,146,232,638,306,332,0,1,1,p_1.30.24_LL3f_mi,11
264,178,140,221,671,327,344,0,1,1,p_1.30.24_LL3f_mi,11
265,169,127,216,682,350,332,0,1,1,p_1.30.24_LL3f_mi,11
266,179,129,228,647,332,315,0,1,1,p_1.30.24_LL3f_mi,11
267,170,133,222,664,347,317,0,1,1,p_1.30.24_LL3f_mi,11
268,169,129,221,673,335,338,0,1,1,p_1.30.24_LL3f_mi,11
269,164,127,214,686,337,349,0,1,1,p_1.30.24_LL3f_mi,11
270,170,137,221,671,344,327,0,1,1,p_1.30.24_LL3f_mi,11
271,173,135,222,668,332,336,0,1,1,p_1.30.24_LL3f_mi,11
272,179,145,222,668,325,343,0,1,1,p_1.30.24_LL3f_mi,11
273,168,125,219,684,330,354,0,1,1,p_1.30.24_LL3f_mi,11
274,175,135,230,643,318,325,0,1,1,p_1.30.24_LL3f_mi,11
275,181,147,229,652,324,328,0,1,1,p_1.30.24_LL3f_mi,11
276,160,120,211,701,353,348,0,1,1,p_1.30.24_LL3f_mi,11
277,172,137,224,671,339,332,0,1,1,p_1.30.24_LL3f_mi,11
278,179,141,224,660,326,334,0,1,1,p_1.30.24_LL3f_mi,11
279,177,133,223,666,326,340,0,1,1,p_1.30.24_LL3f_mi,11
280,176,139,227,657,323,334,0,1,1,p_1.30.24_LL3f_mi,11
281,166,130,221,675,332,343,0,1,1,p_1.30.24_LL3f_mi,11
282,175,132,223,665,330,335,0,1,1,p_1.30.24_LL3f_mi,11
283,166,133,224,657,327,330,0,1,1,p_1.30.24_LL3f_mi,11
284,173,136,219,681,348,333,0,1,1,p_1.30.24_LL3f_mi,11
285,182,133,229,652,352,300,0,1,1,p_1.30.24_LL3f_mi,11
286,173,132,215,692,368,324,0,1,1,p_1.30.24_LL3f_mi,11
287,173,133,224,662,361,301,0,1,1,p_1.30.24_LL3f_mi,11
288,179,131,230,642,325,317,0,1,1,p_1.30.24_LL3f_mi,11
289,176,134,226,658,334,324,0,1,1,p_1.30.24_LL3f_mi,11
290,174,140,226,666,324,342,0,1,1,p_1.30.24_LL3f_mi,11
291,173,136,229,641,302,339,0,1,1,p_1.30.24_LL3f_mi,11
292,173,140,227,659,303,356,0,1,1,p_1.30.24_LL3f_mi,11
293,172,134,215,687,331,356,0,1,1,p_1.30.24_LL3f_mi,11
294,170,134,222,674,320,354,0,1,1,p_1.30.24_LL3f_mi,11
295,181,140,225,661,325,336,0,1,1,p_1.30.24_LL3f_mi,11
296,174,136,230,650,308,342,0,1,1,p_1.30.24_LL3f_mi,11
297,174,138,223,672,327,345,0,1,1,p_1.30.24_LL3f_mi,11
298,168,138,213,698,343,355,0,1,1,p_1.30.24_LL3f_mi,11
299,178,140,223,669,345,324,0,1,1,p_1.30.24_LL3f_mi,11
300,164,136,217,684,355,329,0,1,1,p_1.30.24_LL3f_mi,11
301,159,133,203,716,378,338,0,1,1,p_1.30.24_LL3f_mi,11
302,176,134,224,671,354,317,0,1,1,p_1.30.24_LL3f_mi,11
303,174,137,225,660,351,309,0,1,1,p_1.30.24_LL3f_mi,11
304,170,142,221,669,333,336,0,1,1,p_1.30.24_LL3f_mi,11
305,173,126,222,666,336,330,0,1,1,p_1.30.24_LL3f_mi,11
306,176,138,224,661,328,333,0,1,1,p_1.30.24_LL3f_mi,11
307,175,138,228,649,334,315,0,1,1,p_1.30.24_LL3f_mi,11
308,175,132,223,668,342,326,0,1,1,p_1.30.24_LL3f_mi,11
309,171,133,220,672,341,331,0,1,1,p_1.30.24_LL3f_mi,11
310,174,132,222,674,351,323,0,1,1,p_1.30.24_LL3f_mi,11
311,180,136,229,656,344,312,0,1,1,p_1.30.24_LL3f_mi,11
312,180,138,227,653,324,329,0,1,1,p_1.30.24_LL3f_mi,11
313,176,135,225,655,326,329,0,1,1,p_1.30.24_LL3f_mi,11
314,177,125,228,652,322,330,0,1,1,p_1.30.24_LL3f_mi,11
315,173,134,230,645,324,321,0,1,1,p_1.30.24_LL3f_mi,11
316,179,140,224,662,351,311,0,1,1,p_1.30.24_LL3f_mi,11
317,166,139,215,685,354,331,0,1,1,p_1.30.24_LL3f_mi,11
318,180,141,234,627,311,316,0,1,1,p_1.30.24_LL3f_mi,11
319,164,136,221,668,320,348,0,1,1,p_1.30.24_LL3f_mi,11
320,169,136,224,667,315,352,0,1,1,p_1.30.24_LL3f_mi,11
321,183,141,227,655,328,327,0,1,1,p_1.30.24_LL3f_mi,11
322,171,132,222,677,339,338,0,1,1,p_1.30.24_LL3f_mi,11
323,171,133,223,666,351,315,0,1,1,p_1.30.24_LL3f_mi,11
324,182,136,230,646,342,304,0,1,1,p_1.30.24_LL3f_mi,11
325,179,141,227,650,328,322,0,1,1,p_1.30.24_LL3f_mi,11
326,149,121,209,707,331,376,0,1,1,p_1.30.24_LL3f_mi,11
327,164,131,217,682,327,355,0,1,1,p_1.30.24_LL3f_mi,11
328,177,133,228,652,326,326,0,1,1,p_1.30.24_LL3f_mi,11
329,172,130,219,676,330,346,0,1,1,p_1.30.24_LL3f_mi,11
330,178,131,223,666,345,321,0,1,1,p_1.30.24_LL3f_mi,11
331,175,138,225,660,348,312,0,1,1,p_1.30.24_LL3f_mi,11
332,172,126,222,667,352,315,0,1,1,p_1.30.24_LL3f_mi,11
333,172,128,221,674,356,318,0,1,1,p_1.30.24_LL3f_mi,11
334,170,130,214,694,363,331,0,1,1,p_1.30.24_LL3f_mi,11
335,173,136,220,675,343,332,0,1,1,p_1.30.24_LL3f_mi,11
336,182,134,232,637,324,313,0,1,1,p_1.30.24_LL3f_mi,11
337,178,138,229,647,321,326,0,1,1,p_1.30.24_LL3f_mi,11
338,169,133,218,680,343,337,0,1,1,p_1.30.24_LL3f_mi,11
339,163,126,218,684,328,356,0,1,1,p_1.30.24_LL3f_mi,11
340,173,133,222,668,302,366,0,1,1,p_1.30.24_LL3f_mi,11
341,179,145,223,667,290,377,0,1,1,p_1.30.24_LL3f_mi,11
342,174,137,226,660,302,358,0,1,1,p_1.30.24_LL3f_mi,11
343,175,145,220,675,302,373,0,1,1,p_1.30.24_LL3f_mi,11
344,183,138,231,644,303,341,0,1,1,p_1.30.24_LL3f_mi,11
345,180,141,233,635,306,329,0,1,1,p_1.30.24_LL3f_mi,11
346,175,138,225,662,325,337,0,1,1,p_1.30.24_LL3f_mi,11
347,166,140,213,691,338,353,0,1,1,p_1.30.24_LL3f_mi,11
348,171,131,226,663,319,344,0,1,1,p_1.30.24_LL3f_mi,11
349,161,125,219,678,314,364,0,1,1,p_1.30.24_LL3f_mi,11
350,162,130,215,686,328,358,0,1,1,p_1.30.24_LL3f_mi,11
1,1,1,1,620,301,319,0,1,2,p_1.30.24_LL3f_mi,11
2,97,85,123,858,418,440,0,1,2,p_1.30.24_LL3f_mi,11
3,128,111,168,791,385,406,0,1,2,p_1.30.24_LL3f_mi,11
4,163,129,206,714,358,356,0,1,2,p_1.30.24_LL3f_mi,11
5,172,137,224,664,335,329,0,1,2,p_1.30.24_LL3f_mi,11
6,178,136,226,657,358,299,0,1,2,p_1.30.24_LL3f_mi,11
7,177,136,226,659,352,307,0,1,2,p_1.30.24_LL3f_mi,11
8,185,148,226,657,347,310,0,1,2,p_1.30.24_LL3f_mi,11
9,175,131,223,666,325,341,0,1,2,p_1.30.24_LL3f_mi,11
10,174,143,223,666,309,357,0,1,2,p_1.30.24_LL3f_mi,11
11,181,131,225,664,322,342,0,1,2,p_1.30.24_LL3f_mi,11
12,172,134,220,676,351,325,0,1,2,p_1.30.24_LL3f_mi,11
13,173,140,221,669,339,330,0,1,2,p_1.30.24_LL3f_mi,11
14,166,131,215,688,350,338,0,1,2,p_1.30.24_LL3f_mi,11
15,162,126,222,668,358,310,0,1,2,p_1.30.24_LL3f_mi,11
16,177,142,226,657,334,323,0,1,2,p_1.30.24_LL3f_mi,11
17,177,135,227,654,349,305,0,1,2,p_1.30.24_LL3f_mi,11
18,176,142,223,669,358,311,0,1,2,p_1.30.24_LL3f_mi,11
19,164,135,214,697,365,332,0,1,2,p_1.30.24_LL3f_mi,11
20,165,131,211,698,359,339,0,1,2,p_1.30.24_LL3f_mi,11
21,164,132,220,673,337,336,0,1,2,p_1.30.24_LL3f_mi,11
22,175,144,226,661,329,332,0,1,2,p_1.30.24_LL3f_mi,11
23,169,140,218,682,348,334,0,1,2,p_1.30.24_LL3f_mi,11
24,175,137,225,664,328,336,0,1,2,p_1.30.24_LL3f_mi,11
25,178,139,226,661,335,326,0,1,2,p_1.30.24_LL3f_mi,11
26,161,122,211,702,341,361,0,1,2,p_1.30.24_LL3f_mi,11
27,168,136,223,664,315,349,0,1,2,p_1.30.24_LL3f_mi,11
28,166,130,220,678,317,361,0,1,2,p_1.30.24_LL3f_mi,11
29,168,133,218,682,322,360,0,1,2,p_1.30.24_LL3f_mi,11
30,170,136,215,689,331,358,0,1,2,p_1.30.24_LL3f_mi,11
31,181,143,226,659,305,354,0,1,2,p_1.30.24_LL3f_mi,11
32,170,131,217,690,335,355,0,1,2,p_1.30.24_LL3f_mi,11
33,170,136,215,690,338,352,0,1,2,p_1.30.24_LL3f_mi,11
34,170,139,225,665,331,334,0,1,2,p_1.30.24_LL3f_mi,11
35,181,134,226,657,323,334,0,1,2,p_1.30.24_LL3f_mi,11
36,169,128,221,675,354,321,0,1,2,p_1.30.24_LL3f_mi,11
37,166,124,218,681,355,326,0,1,2,p_1.30.24_LL3f_mi,11
38,170,123,222,667,345,322,0,1,2,p_1.30.24_LL3f_mi,11
39,174,139,220,673,342,331,0,1,2,p_1.30.24_LL3f_mi,11
40,176,123,224,660,336,324,0,1,2,p_1.30.24_LL3f_mi,11
41,177,131,228,654,329,325,0,1,2,p_1.30.24_LL3f_mi,11
42,170,131,218,675,347,328,0,1,2,p_1.30.24_LL3f_mi,11
43,180,133,227,660,324,336,0,1,2,p_1.30.24_LL3f_mi,11
44,175,139,220,680,338,342,0,1,2,p_1.30.24_LL3f_mi,11
45,169,136,220,674,323,351,0,1,2,p_1.30.24_LL3f_mi,11
46,179,151,225,669,326,343,0,1,2,p_1.30.24_LL3f_mi,11
47,188,147,226,657,327,330,0,1,2,p_1.30.24_LL3f_mi,11
48,179,135,226,661,326,335,0,1,2,p_1.30.24_LL3f_mi,11
49,192,149,239,608,303,305,0,1,2,p_1.30.24_LL3f_mi,11
50,175,138,226,657,345,312,0,1,2,p_1.30.24_LL3f_mi,11
51,158,129,203,715,376,339,0,1,2,p_1.30.24_LL3f_mi,11
52,175,140,226,654,323,331,0,1,2,p_1.30.24_LL3f_mi,11
53,175,139,221,669,328,341,0,1,2,p_1.30.24_LL3f_mi,11
54,169,133,216,687,341,346,0,1,2,p_1.30.24_LL3f_mi,11
55,172,133,226,660,323,337,0,1,2,p_1.30.24_LL3f_mi,11
56,182,139,232,637,329,308,0,1,2,p_1.30.24_LL3f_mi,11
57,178,141,226,664,346,318,0,1,2,p_1.30.24_LL3f_mi,11
58,168,135,216,687,345,342,0,1,2,p_1.30.24_LL3f_mi,11
59,175,133,227,653,345,308,0,1,2,p_1.30.24_LL3f_mi,11
60,177,136,233,632,347,285,0,1,2,p_1.30.24_LL3f_mi,11
61,176,126,232,645,351,294,0,1,2,p_1.30.24_LL3f_mi,11
62,174,133,224,663,356,307,0,1,2,p_1.30.24_LL3f_mi,11
63,177,143,221,677,345,332,0,1,2,p_1.30.24_LL3f_mi,11
64,173,129,224,661,338,323,0,1,2,p_1.30.24_LL3f_mi,11
65,174,136,224,669,325,344,0,1,2,p_1.30.24_LL3f_mi,11
66,168,138,217,691,322,369,0,1,2,p_1.30.24_LL3f_mi,11
67,163,129,218,678,325,353,0,1,2,p_1.30.24_LL3f_mi,11
68,172,142,226,658,324,334,0,1,2,p_1.30.24_LL3f_mi,11
69,174,138,225,661,320,341,0,1,2,p_1.30.24_LL3f_mi,11
70,167,130,220,680,336,344,0,1,2,p_1.30.24_LL3f_mi,11
71,177,132,229,649,336,313,0,1,2,p_1.30.24_LL3f_mi,11
72,171,132,227,651,324,327,0,1,2,p_1.30.24_LL3f_mi,11
73,166,128,217,686,337,349,0,1,2,p_1.30.24_LL3f_mi,11
74,170,126,221,674,354,320,0,1,2,p_1.30.24_LL3f_mi,11
75,182,138,231,646,326,320,0,1,2,p_1.30.24_LL3f_mi,11
76,157,128,205,710,367,343,0,1,2,p_1.30.24_LL3f_mi,11
77,173,133,219,677,356,321,0,1,2,p_1.30.24_LL3f_mi,11
78,179,143,227,655,352,303,0,1,2,p_1.30.24_LL3f_mi,11
79,177,129,224,663,340,323,0,1,2,p_1.30.24_LL3f_mi,11
80,176,137,230,645,320,325,0,1,2,p_1.30.24_LL3f_mi,11
81,173,145,224,665,320,345,0,1,2,p_1.30.24_LL3f_mi,11
82,163,132,214,691,332,359,0,1,2,p_1.30.24_LL3f_mi,11
83,167,136,221,673,314,359,0,1,2,p_1.30.24_LL3f_mi,11
84,178,137,223,664,322,342,0,1,2,p_1.30.24_LL3f_mi,11
85,174,138,229,650,329,321,0,1,2,p_1.30.24_LL3f_mi,11
86,175,142,224,666,347,319,0,1,2,p_1.30.24_LL3f_mi,11
87,172,131,218,682,375,307,0,1,2,p_1.30.24_LL3f_mi,11
88,173,131,222,671,375,296,0,1,2,p_1.30.24_LL3f_mi,11
89,173,133,222,672,357,315,0,1,2,p_1.30.24_LL3f_mi,11
90,183,135,230,643,328,315,0,1,2,p_1.30.24_LL3f_mi,11
91,172,140,232,641,321,320,0,1,2,p_1.30.24_LL3f_mi,11
92,176,132,232,652,332,320,0,1,2,p_1.30.24_LL3f_mi,11
93,177,146,221,674,341,333,0,1,2,p_1.30.24_LL3f_mi,11
94,178,135,225,667,335,332,0,1,2,p_1.30.24_LL3f_mi,11
95,176,136,219,678,346,332,0,1,2,p_1.30.24_LL3f_mi,11
96,180,135,230,646,318,328,0,1,2,p_1.30.24_LL3f_mi,11
97,179,136,226,663,337,326,0,1,2,p_1.30.24_LL3f_mi,11
98,161,135,213,692,368,324,0,1,2,p_1.30.24_LL3f_mi,11
99,163,132,212,697,361,336,0,1,2,p_1.30.24_LL3f_mi,11
100,155,119,192,664,342,322,0,1,2,p_1.30.24_LL3f_mi,11
101,113,94,145,678,359,319,0,1,2,p_1.30.24_LL3f_mi,11
102,122,94,167,549,291,258,0,1,2,p_1.30.24_LL3f_mi,11
103,120,95,149,509,255,254,0,1,2,p_1.30.24_LL3f_mi,11
104,91,77,123,487,247,240,0,1,2,p_1.30.24_LL3f_mi,11
105,89,74,114,427,217,210,0,1,2,p_1.30.24_LL3f_mi,11
106,75,63,97,389,198,191,0,1,2,p_1.30.24_LL3f_mi,11
107,58,49,77,344,165,179,0,1,2,p_1.30.24_LL3f_mi,11
108,40,32,54,307,154,153,0,1,2,p_1.30.24_LL3f_mi,11
109,37,32,46,244,119,125,0,1,2,p_1.30.24_LL3f_mi,11
110,28,27,33,196,94,102,0,1,2,p_1.30.24_LL3f_mi,11
111,31,26,37,162,83,79,0,1,2,p_1.30.24_LL3f_mi,11
112,28,24,36,136,70,66,0,1,2,p_1.30.24_LL3f_mi,11
113,30,27,37,116,48,68,0,1,2,p_1.30.24_LL3f_mi,11
114,27,21,36,120,58,62,0,1,2,p_1.30.24_LL3f_mi,11
115,30,25,34,108,59,49,0,1,2,p_1.30.24_LL3f_mi,11
116,28,24,34,106,57,49,0,1,2,p_1.30.24_LL3f_mi,11
117,26,20,33,103,56,47,0,1,2,p_1.30.24_LL3f_mi,11
118,23,19,30,89,45,44,0,1,2,p_1.30.24_LL3f_mi,11
119,23,15,32,88,47,41,0,1,2,p_1.30.24_LL3f_mi,11
120,23,16,31,90,47,43,0,1,2,p_1.30.24_LL3f_mi,11
121,22,17,29,86,43,43,0,1,2,p_1.30.24_LL3f_mi,11
122,26,20,33,94,49,45,0,1,2,p_1.30.24_LL3f_mi,11
123,24,18,31,91,47,44,0,1,2,p_1.30.24_LL3f_mi,11
124,23,17,30,83,45,38,0,1,2,p_1.30.24_LL3f_mi,11
125,24,18,35,108,54,54,17,1,2,p_1.30.24_LL3f_mi,11
126,26,23,34,114,58,56,11,1,2,p_1.30.24_LL3f_mi,11
127,24,21,34,108,53,55,8,1,2,p_1.30.24_LL3f_mi,11
128,28,23,37,110,50,60,3,1,2,p_1.30.24_LL3f_mi,11
129,27,21,36,114,57,57,1,1,2,p_1.30.24_LL3f_mi,11
130,28,24,33,110,55,55,0,1,2,p_1.30.24_LL3f_mi,11
131,25,20,33,98,47,51,0,1,2,p_1.30.24_LL3f_mi,11
132,26,22,34,99,41,58,0,1,2,p_1.30.24_LL3f_mi,11
133,25,17,32,95,38,57,0,1,2,p_1.30.24_LL3f_mi,11
134,25,21,32,93,37,56,0,1,2,p_1.30.24_LL3f_mi,11
135,26,23,33,103,44,59,0,1,2,p_1.30.24_LL3f_mi,11
136,26,16,33,92,42,50,0,1,2,p_1.30.24_LL3f_mi,11
137,22,17,31,92,43,49,0,1,2,p_1.30.24_LL3f_mi,11
138,23,17,32,97,42,55,0,1,2,p_1.30.24_LL3f_mi,11
139,26,21,32,102,44,58,0,1,2,p_1.30.24_LL3f_mi,11
140,25,17,36,124,58,66,19,1,2,p_1.30.24_LL3f_mi,11
141,27,21,34,114,58,56,7,1,2,p_1.30.24_LL3f_mi,11
142,25,21,34,108,50,58,4,1,2,p_1.30.24_LL3f_mi,11
143,25,23,34,107,53,54,2,1,2,p_1.30.24_LL3f_mi,11
144,29,22,34,100,55,45,2,1,2,p_1.30.24_LL3f_mi,11
145,25,20,32,91,49,42,0,1,2,p_1.30.24_LL3f_mi,11
146,29,21,34,99,51,48,0,1,2,p_1.30.24_LL3f_mi,11
147,25,19,33,103,51,52,0,1,2,p_1.30.24_LL3f_mi,11
148,24,21,32,100,50,50,0,1,2,p_1.30.24_LL3f_mi,11
149,28,24,35,108,54,54,0,1,2,p_1.30.24_LL3f_mi,11
150,23,20,32,103,49,54,0,1,2,p_1.30.24_LL3f_mi,11
151,54,31,77,110,56,54,0,1,2,p_1.30.24_LL3f_mi,11
152,75,45,99,146,79,67,0,1,2,p_1.30.24_LL3f_mi,11
153,87,62,121,199,95,104,0,1,2,p_1.30.24_LL3f_mi,11
154,100,78,143,253,107,146,0,1,2,p_1.30.24_LL3f_mi,11
155,118,94,161,343,148,195,16,1,2,p_1.30.24_LL3f_mi,11
156,142,102,179,386,173,213,10,1,2,p_1.30.24_LL3f_mi,11
157,152,117,194,447,205,242,8,1,2,p_1.30.24_LL3f_mi,11
158,163,126,212,486,229,257,2,1,2,p_1.30.24_LL3f_mi,11
159,176,130,223,548,259,289,0,1,2,p_1.30.24_LL3f_mi,11
160,186,139,241,605,297,308,0,1,2,p_1.30.24_LL3f_mi,11
161,178,139,231,642,323,319,0,1,2,p_1.30.24_LL3f_mi,11
162,176,144,220,676,325,351,0,1,2,p_1.30.24_LL3f_mi,11
163,168,129,216,686,328,358,0,1,2,p_1.30.24_LL3f_mi,11
164,176,144,218,674,327,347,0,1,2,p_1.30.24_LL3f_mi,11
165,173,135,222,672,330,342,0,1,2,p_1.30.24_LL3f_mi,11
166,177,139,230,650,343,307,0,1,2,p_1.30.24_LL3f_mi,11
167,181,131,229,644,347,297,0,1,2,p_1.30.24_LL3f_mi,11
168,173,133,217,683,357,326,0,1,2,p_1.30.24_LL3f_mi,11
169,177,129,228,654,338,316,0,1,2,p_1.30.24_LL3f_mi,11
170,164,134,213,701,340,361,22,1,2,p_1.30.24_LL3f_mi,11
171,164,135,215,684,327,357,6,1,2,p_1.30.24_LL3f_mi,11
172,175,129,220,675,337,338,3,1,2,p_1.30.24_LL3f_mi,11
173,172,133,225,660,332,328,1,1,2,p_1.30.24_LL3f_mi,11
174,175,140,225,664,316,348,0,1,2,p_1.30.24_LL3f_mi,11
175,166,135,225,665,316,349,0,1,2,p_1.30.24_LL3f_mi,11
176,162,133,212,707,338,369,0,1,2,p_1.30.24_LL3f_mi,11
177,169,127,222,668,322,346,0,1,2,p_1.30.24_LL3f_mi,11
178,177,133,224,657,327,330,0,1,2,p_1.30.24_LL3f_mi,11
179,180,138,232,638,306,332,0,1,2,p_1.30.24_LL3f_mi,11
180,177,135,224,659,333,326,0,1,2,p_1.30.24_LL3f_mi,11
181,186,135,231,652,318,334,0,1,2,p_1.30.24_LL3f_mi,11
182,173,141,221,678,324,354,0,1,2,p_1.30.24_LL3f_mi,11
183,169,122,224,665,329,336,0,1,2,p_1.30.24_LL3f_mi,11
184,175,138,225,662,322,340,0,1,2,p_1.30.24_LL3f_mi,11
185,169,130,220,670,328,342,0,1,2,p_1.30.24_LL3f_mi,11
186,161,130,209,706,351,355,0,1,2,p_1.30.24_LL3f_mi,11
187,165,121,219,674,333,341,0,1,2,p_1.30.24_LL3f_mi,11
188,175,138,230,639,311,328,0,1,2,p_1.30.24_LL3f_mi,11
189,179,143,226,661,326,335,0,1,2,p_1.30.24_LL3f_mi,11
190,172,130,220,676,347,329,0,1,2,p_1.30.24_LL3f_mi,11
191,183,142,236,624,300,324,0,1,2,p_1.30.24_LL3f_mi,11
192,177,142,224,663,336,327,0,1,2,p_1.30.24_LL3f_mi,11
193,165,126,216,689,353,336,0,1,2,p_1.30.24_LL3f_mi,11
194,169,140,217,686,339,347,0,1,2,p_1.30.24_LL3f_mi,11
195,173,125,224,665,314,351,0,1,2,p_1.30.24_LL3f_mi,11
196,166,131,226,654,327,327,0,1,2,p_1.30.24_LL3f_mi,11
197,177,138,221,670,336,334,0,1,2,p_1.30.24_LL3f_mi,11
198,171,136,225,666,345,321,0,1,2,p_1.30.24_LL3f_mi,11
199,173,129,219,678,347,331,0,1,2,p_1.30.24_LL3f_mi,11
200,174,143,225,661,339,322,0,1,2,p_1.30.24_LL3f_mi,11
201,165,128,207,711,373,338,0,1,2,p_1.30.24_LL3f_mi,11
202,175,139,223,663,355,308,0,1,2,p_1.30.24_LL3f_mi,11
203,179,136,230,644,308,336,0,1,2,p_1.30.24_LL3f_mi,11
204,176,132,229,650,318,332,0,1,2,p_1.30.24_LL3f_mi,11
205,186,150,229,652,309,343,0,1,2,p_1.30.24_LL3f_mi,11
206,169,137,224,663,322,341,0,1,2,p_1.30.24_LL3f_mi,11
207,179,134,228,655,325,330,0,1,2,p_1.30.24_LL3f_mi,11
208,170,128,218,681,342,339,0,1,2,p_1.30.24_LL3f_mi,11
209,173,131,221,677,341,336,0,1,2,p_1.30.24_LL3f_mi,11
210,175,135,223,664,330,334,0,1,2,p_1.30.24_LL3f_mi,11
211,179,141,233,644,329,315,0,1,2,p_1.30.24_LL3f_mi,11
212,182,135,229,654,344,310,0,1,2,p_1.30.24_LL3f_mi,11
213,175,133,226,650,340,310,0,1,2,p_1.30.24_LL3f_mi,11
214,169,136,216,683,352,331,0,1,2,p_1.30.24_LL3f_mi,11
215,168,129,214,690,332,358,0,1,2,p_1.30.24_LL3f_mi,11
216,171,137,223,666,335,331,0,1,2,p_1.30.24_LL3f_mi,11
217,170,134,222,663,324,339,0,1,2,p_1.30.24_LL3f_mi,11
218,174,136,222,675,338,337,0,1,2,p_1.30.24_LL3f_mi,11
219,177,141,225,658,327,331,0,1,2,p_1.30.24_LL3f_mi,11
220,168,128,218,681,342,339,0,1,2,p_1.30.24_LL3f_mi,11
221,171,136,218,679,343,336,0,1,2,p_1.30.24_LL3f_mi,11
222,166,135,217,680,337,343,0,1,2,p_1.30.24_LL3f_mi,11
223,171,133,222,666,334,332,0,1,2,p_1.30.24_LL3f_mi,11
224,180,142,234,636,316,320,0,1,2,p_1.30.24_LL3f_mi,11
225,177,133,230,644,323,321,0,1,2,p_1.30.24_LL3f_mi,11
226,163,134,200,722,367,355,0,1,2,p_1.30.24_LL3f_mi,11
227,178,134,221,673,345,328,0,1,2,p_1.30.24_LL3f_mi,11
228,180,131,235,639,327,312,0,1,2,p_1.30.24_LL3f_mi,11
229,180,141,222,675,354,321,0,1,2,p_1.30.24_LL3f_mi,11
230,176,140,225,665,333,332,0,1,2,p_1.30.24_LL3f_mi,11
231,176,132,230,652,312,340,0,1,2,p_1.30.24_LL3f_mi,11
232,176,134,222,668,319,349,0,1,2,p_1.30.24_LL3f_mi,11
233,178,141,230,647,294,353,0,1,2,p_1.30.24_LL3f_mi,11
234,177,145,229,652,314,338,0,1,2,p_1.30.24_LL3f_mi,11
235,173,139,225,666,323,343,0,1,2,p_1.30.24_LL3f_mi,11
236,184,143,229,647,326,321,0,1,2,p_1.30.24_LL3f_mi,11
237,165,136,217,681,319,362,0,1,2,p_1.30.24_LL3f_mi,11
238,170,132,211,696,335,361,0,1,2,p_1.30.24_LL3f_mi,11
239,178,134,227,658,313,345,0,1,2,p_1.30.24_LL3f_mi,11
240,172,137,221,668,317,351,0,1,2,p_1.30.24_LL3f_mi,11
241,175,136,225,659,304,355,0,1,2,p_1.30.24_LL3f_mi,11
242,181,141,230,650,306,344,0,1,2,p_1.30.24_LL3f_mi,11
243,180,144,224,663,322,341,0,1,2,p_1.30.24_LL3f_mi,11
244,171,138,223,668,322,346,0,1,2,p_1.30.24_LL3f_mi,11
245,178,138,230,649,326,323,0,1,2,p_1.30.24_LL3f_mi,11
246,178,136,228,651,343,308,0,1,2,p_1.30.24_LL3f_mi,11
247,170,129,218,680,359,321,0,1,2,p_1.30.24_LL3f_mi,11
248,175,134,223,668,356,312,0,1,2,p_1.30.24_LL3f_mi,11
249,167,123,225,658,358,300,0,1,2,p_1.30.24_LL3f_mi,11
250,171,131,216,685,371,314,0,1,2,p_1.30.24_LL3f_mi,11
251,147,113,198,732,394,338,0,1,2,p_1.30.24_LL3f_mi,11
252,178,140,224,663,341,322,0,1,2,p_1.30.24_LL3f_mi,11
253,173,143,225,658,339,319,0,1,2,p_1.30.24_LL3f_mi,11
254,175,133,234,626,316,310,0,1,2,p_1.30.24_LL3f_mi,11
255,181,136,230,645,322,323,0,1,2,p_1.30.24_LL3f_mi,11
256,173,132,222,669,344,325,0,1,2,p_1.30.24_LL3f_mi,11
257,166,139,214,696,333,363,0,1,2,p_1.30.24_LL3f_mi,11
258,170,130,218,679,336,343,0,1,2,p_1.30.24_LL3f_mi,11
259,167,131,212,700,352,348,0,1,2,p_1.30.24_LL3f_mi,11
260,166,129,224,660,332,328,0,1,2,p_1.30.24_LL3f_mi,11
261,171,142,216,684,334,350,0,1,2,p_1.30.24_LL3f_mi,11
262,167,135,214,691,322,369,0,1,2,p_1.30.24_LL3f_mi,11
263,169,134,221,670,332,338,0,1,2,p_1.30.24_LL3f_mi,11
264,175,134,223,671,327,344,0,1,2,p_1.30.24_LL3f_mi,11
265,175,135,225,667,325,342,0,1,2,p_1.30.24_LL3f_mi,11
266,174,131,223,659,325,334,0,1,2,p_1.30.24_LL3f_mi,11
267,172,136,220,676,326,350,0,1,2,p_1.30.24_LL3f_mi,11
268,171,131,217,688,308,380,0,1,2,p_1.30.24_LL3f_mi,11
269,169,139,217,683,306,377,0,1,2,p_1.30.24_LL3f_mi,11
270,173,138,225,654,309,345,0,1,2,p_1.30.24_LL3f_mi,11
271,176,138,228,657,302,355,0,1,2,p_1.30.24_LL3f_mi,11
272,182,137,227,651,317,334,0,1,2,p_1.30.24_LL3f_mi,11
273,172,139,223,671,323,348,0,1,2,p_1.30.24_LL3f_mi,11
274,167,129,214,695,355,340,0,1,2,p_1.30.24_LL3f_mi,11
275,166,130,216,687,351,336,0,1,2,p_1.30.24_LL3f_mi,11
276,154,131,195,737,367,370,0,1,2,p_1.30.24_LL3f_mi,11
277,166,135,221,669,331,338,0,1,2,p_1.30.24_LL3f_mi,11
278,184,132,236,625,320,305,0,1,2,p_1.30.24_LL3f_mi,11
279,165,138,222,666,335,331,0,1,2,p_1.30.24_LL3f_mi,11
280,172,136,219,673,338,335,0,1,2,p_1.30.24_LL3f_mi,11
281,174,132,228,658,325,333,0,1,2,p_1.30.24_LL3f_mi,11
282,179,135,221,675,328,347,0,1,2,p_1.30.24_LL3f_mi,11
283,179,141,223,664,316,348,0,1,2,p_1.30.24_LL3f_mi,11
284,180,141,232,634,307,327,0,1,2,p_1.30.24_LL3f_mi,11
285,174,138,227,652,329,323,0,1,2,p_1.30.24_LL3f_mi,11
286,177,129,225,662,331,331,0,1,2,p_1.30.24_LL3f_mi,11
287,184,148,225,663,318,345,0,1,2,p_1.30.24_LL3f_mi,11
288,171,129,219,677,317,360,0,1,2,p_1.30.24_LL3f_mi,11
289,168,128,224,660,328,332,0,1,2,p_1.30.24_LL3f_mi,11
290,178,134,226,663,339,324,0,1,2,p_1.30.24_LL3f_mi,11
291,175,137,227,654,333,321,0,1,2,p_1.30.24_LL3f_mi,11
292,162,129,217,682,351,331,0,1,2,p_1.30.24_LL3f_mi,11
293,166,125,224,667,341,326,0,1,2,p_1.30.24_LL3f_mi,11
294,177,138,225,663,332,331,0,1,2,p_1.30.24_LL3f_mi,11
295,176,129,222,669,344,325,0,1,2,p_1.30.24_LL3f_mi,11
296,165,133,217,686,359,327,0,1,2,p_1.30.24_LL3f_mi,11
297,171,134,221,672,353,319,0,1,2,p_1.30.24_LL3f_mi,11
298,176,133,223,675,366,309,0,1,2,p_1.30.24_LL3f_mi,11
299,174,133,223,668,356,312,0,1,2,p_1.30.24_LL3f_mi,11
300,174,133,227,661,345,316,0,1,2,p_1.30.24_LL3f_mi,11
301,152,120,197,732,377,355,0,1,2,p_1.30.24_LL3f_mi,11
302,175,132,219,676,352,324,0,1,2,p_1.30.24_LL3f_mi,11
303,175,134,228,651,341,310,0,1,2,p_1.30.24_LL3f_mi,11
304,174,131,219,675,336,339,0,1,2,p_1.30.24_LL3f_mi,11
305,167,127,220,673,360,313,0,1,2,p_1.30.24_LL3f_mi,11
306,174,132,222,668,337,331,0,1,2,p_1.30.24_LL3f_mi,11
307,173,133,224,665,334,331,0,1,2,p_1.30.24_LL3f_mi,11
308,175,136,223,669,336,333,0,1,2,p_1.30.24_LL3f_mi,11
309,175,139,220,682,335,347,0,1,2,p_1.30.24_LL3f_mi,11
310,177,134,226,660,338,322,0,1,2,p_1.30.24_LL3f_mi,11
311,187,142,234,637,322,315,0,1,2,p_1.30.24_LL3f_mi,11
312,170,134,216,688,354,334,0,1,2,p_1.30.24_LL3f_mi,11
313,172,137,224,664,336,328,0,1,2,p_1.30.24_LL3f_mi,11
314,177,133,224,667,327,340,0,1,2,p_1.30.24_LL3f_mi,11
315,172,131,223,666,320,346,0,1,2,p_1.30.24_LL3f_mi,11
316,167,134,212,690,346,344,0,1,2,p_1.30.24_LL3f_mi,11
317,178,142,223,672,316,356,0,1,2,p_1.30.24_LL3f_mi,11
318,172,133,217,683,337,346,0,1,2,p_1.30.24_LL3f_mi,11
319,174,138,226,659,313,346,0,1,2,p_1.30.24_LL3f_mi,11
320,175,141,226,659,314,345,0,1,2,p_1.30.24_LL3f_mi,11
321,178,142,226,658,319,339,0,1,2,p_1.30.24_LL3f_mi,11
322,176,139,226,662,335,327,0,1,2,p_1.30.24_LL3f_mi,11
323,170,135,227,661,332,329,0,1,2,p_1.30.24_LL3f_mi,11
324,178,146,229,651,330,321,0,1,2,p_1.30.24_LL3f_mi,11
325,173,133,225,661,330,331,0,1,2,p_1.30.24_LL3f_mi,11
326,166,141,210,709,354,355,0,1,2,p_1.30.24_LL3f_mi,11
327,177,147,226,659,334,325,0,1,2,p_1.30.24_LL3f_mi,11
328,183,139,231,642,320,322,0,1,2,p_1.30.24_LL3f_mi,11
329,181,144,233,635,316,319,0,1,2,p_1.30.24_LL3f_mi,11
330,175,131,231,643,318,325,0,1,2,p_1.30.24_LL3f_mi,11
331,176,135,227,655,322,333,0,1,2,p_1.30.24_LL3f_mi,11
332,177,146,226,662,320,342,0,1,2,p_1.30.24_LL3f_mi,11
333,173,133,220,676,329,347,0,1,2,p_1.30.24_LL3f_mi,11
334,177,141,220,674,333,341,0,1,2,p_1.30.24_LL3f_mi,11
335,169,128,218,681,347,334,0,1,2,p_1.30.24_LL3f_mi,11
336,181,139,230,646,333,313,0,1,2,p_1.30.24_LL3f_mi,11
337,172,133,224,666,342,324,0,1,2,p_1.30.24_LL3f_mi,11
338,182,137,223,667,349,318,0,1,2,p_1.30.24_LL3f_mi,11
339,179,132,227,660,348,312,0,1,2,p_1.30.24_LL3f_mi,11
340,182,138,232,639,330,309,0,1,2,p_1.30.24_LL3f_mi,11
341,172,123,227,660,347,313,0,1,2,p_1.30.24_LL3f_mi,11
342,176,139,223,675,349,326,0,1,2,p_1.30.24_LL3f_mi,11
343,168,134,216,681,362,319,0,1,2,p_1.30.24_LL3f_mi,11
344,167,139,219,675,348,327,0,1,2,p_1.30.24_LL3f_mi,11
345,176,141,221,664,342,322,0,1,2,p_1.30.24_LL3f_mi,11
346,180,137,228,655,318,337,0,1,2,p_1.30.24_LL3f_mi,11
347,169,130,221,669,320,349,0,1,2,p_1.30.24_LL3f_mi,11
348,176,131,227,651,332,319,0,1,2,p_1.30.24_LL3f_mi,11
349,174,135,226,652,352,300,0,1,2,p_1.30.24_LL3f_mi,11
350,181,132,228,651,367,284,0,1,2,p_1.30.24_LL3f_mi,11
1,5,5,5,628,342,286,0,1,3,p_1.30.24_LL3f_mi,11
2,100,91,130,845,443,402,0,1,3,p_1.30.24_LL3f_mi,11
3,129,113,171,783,403,380,0,1,3,p_1.30.24_LL3f_mi,11
4,161,138,200,727,365,362,0,1,3,p_1.30.24_LL3f_mi,11
5,176,136,230,648,316,332,0,1,3,p_1.30.24_LL3f_mi,11
6,180,138,226,655,315,340,0,1,3,p_1.30.24_LL3f_mi,11
7,176,146,221,671,319,352,0,1,3,p_1.30.24_LL3f_mi,11
8,177,134,226,661,333,328,0,1,3,p_1.30.24_LL3f_mi,11
9,182,134,227,653,328,325,0,1,3,p_1.30.24_LL3f_mi,11
10,172,134,228,654,330,324,0,1,3,p_1.30.24_LL3f_mi,11
11,172,140,227,652,326,326,0,1,3,p_1.30.24_LL3f_mi,11
12,171,136,222,667,334,333,0,1,3,p_1.30.24_LL3f_mi,11
13,172,138,221,673,320,353,0,1,3,p_1.30.24_LL3f_mi,11
14,171,138,216,689,318,371,0,1,3,p_1.30.24_LL3f_mi,11
15,176,131,228,651,330,321,0,1,3,p_1.30.24_LL3f_mi,11
16,182,145,230,646,338,308,0,1,3,p_1.30.24_LL3f_mi,11
17,166,123,223,665,340,325,0,1,3,p_1.30.24_LL3f_mi,11
18,164,132,219,679,335,344,0,1,3,p_1.30.24_LL3f_mi,11
19,168,141,219,679,318,361,0,1,3,p_1.30.24_LL3f_mi,11
20,172,132,224,665,311,354,0,1,3,p_1.30.24_LL3f_mi,11
21,176,139,229,651,305,346,0,1,3,p_1.30.24_LL3f_mi,11
22,175,139,228,648,318,330,0,1,3,p_1.30.24_LL3f_mi,11
23,178,132,227,652,327,325,0,1,3,p_1.30.24_LL3f_mi,11
24,174,129,224,662,341,321,0,1,3,p_1.30.24_LL3f_mi,11
25,171,133,220,665,349,316,0,1,3,p_1.30.24_LL3f_mi,11
26,161,132,206,715,377,338,0,1,3,p_1.30.24_LL3f_mi,11
27,176,135,223,660,343,317,0,1,3,p_1.30.24_LL3f_mi,11
28,166,131,221,674,346,328,0,1,3,p_1.30.24_LL3f_mi,11
29,179,136,229,651,324,327,0,1,3,p_1.30.24_LL3f_mi,11
30,172,145,221,674,320,354,0,1,3,p_1.30.24_LL3f_mi,11
31,169,141,219,677,329,348,0,1,3,p_1.30.24_LL3f_mi,11
32,172,132,219,674,322,352,0,1,3,p_1.30.24_LL3f_mi,11
33,180,136,227,654,318,336,0,1,3,p_1.30.24_LL3f_mi,11
34,171,133,221,672,344,328,0,1,3,p_1.30.24_LL3f_mi,11
35,177,133,227,659,333,326,0,1,3,p_1.30.24_LL3f_mi,11
36,176,142,221,677,341,336,0,1,3,p_1.30.24_LL3f_mi,11
37,174,134,226,660,329,331,0,1,3,p_1.30.24_LL3f_mi,11
38,179,138,224,661,323,338,0,1,3,p_1.30.24_LL3f_mi,11
39,172,141,220,670,328,342,0,1,3,p_1.30.24_LL3f_mi,11
40,188,144,234,636,330,306,0,1,3,p_1.30.24_LL3f_mi,11
41,169,126,226,656,313,343,0,1,3,p_1.30.24_LL3f_mi,11
42,166,135,221,673,330,343,0,1,3,p_1.30.24_LL3f_mi,11
43,179,140,226,653,308,345,0,1,3,p_1.30.24_LL3f_mi,11
44,177,133,226,662,313,349,0,1,3,p_1.30.24_LL3f_mi,11
45,180,143,226,661,316,345,0,1,3,p_1.30.24_LL3f_mi,11
46,172,132,221,667,322,345,0,1,3,p_1.30.24_LL3f_mi,11
47,176,133,225,664,309,355,0,1,3,p_1.30.24_LL3f_mi,11
48,175,135,225,663,306,357,0,1,3,p_1.30.24_LL3f_mi,11
49,165,129,216,685,324,361,0,1,3,p_1.30.24_LL3f_mi,11
50,172,135,227,653,320,333,0,1,3,p_1.30.24_LL3f_mi,11
51,171,128,215,697,354,343,0,1,3,p_1.30.24_LL3f_mi,11
52,173,133,222,671,329,342,0,1,3,p_1.30.24_LL3f_mi,11
53,174,138,228,647,305,342,0,1,3,p_1.30.24_LL3f_mi,11
54,174,134,225,666,311,355,0,1,3,p_1.30.24_LL3f_mi,11
55,174,137,219,672,320,352,0,1,3,p_1.30.24_LL3f_mi,11
56,173,137,221,678,331,347,0,1,3,p_1.30.24_LL3f_mi,11
57,172,130,225,660,318,342,0,1,3,p_1.30.24_LL3f_mi,11
58,179,139,227,658,329,329,0,1,3,p_1.30.24_LL3f_mi,11
59,182,141,228,659,328,331,0,1,3,p_1.30.24_LL3f_mi,11
60,178,127,232,640,311,329,0,1,3,p_1.30.24_LL3f_mi,11
61,175,143,228,654,301,353,0,1,3,p_1.30.24_LL3f_mi,11
62,174,141,223,670,327,343,0,1,3,p_1.30.24_LL3f_mi,11
63,168,137,222,672,320,352,0,1,3,p_1.30.24_LL3f_mi,11
64,177,144,220,673,319,354,0,1,3,p_1.30.24_LL3f_mi,11
65,179,130,225,664,336,328,0,1,3,p_1.30.24_LL3f_mi,11
66,176,132,222,669,354,315,0,1,3,p_1.30.24_LL3f_mi,11
67,170,127,218,678,367,311,0,1,3,p_1.30.24_LL3f_mi,11
68,172,132,218,681,356,325,0,1,3,p_1.30.24_LL3f_mi,11
69,173,138,223,666,340,326,0,1,3,p_1.30.24_LL3f_mi,11
70,175,138,229,650,326,324,0,1,3,p_1.30.24_LL3f_mi,11
71,173,139,221,669,320,349,0,1,3,p_1.30.24_LL3f_mi,11
72,171,135,218,683,317,366,0,1,3,p_1.30.24_LL3f_mi,11
73,178,135,223,670,313,357,0,1,3,p_1.30.24_LL3f_mi,11
74,184,146,231,646,310,336,0,1,3,p_1.30.24_LL3f_mi,11
75,175,130,229,649,337,312,0,1,3,p_1.30.24_LL3f_mi,11
76,171,130,215,684,356,328,0,1,3,p_1.30.24_LL3f_mi,11
77,170,125,221,668,357,311,0,1,3,p_1.30.24_LL3f_mi,11
78,170,126,220,678,350,328,0,1,3,p_1.30.24_LL3f_mi,11
79,176,136,227,658,331,327,0,1,3,p_1.30.24_LL3f_mi,11
80,178,144,221,675,345,330,0,1,3,p_1.30.24_LL3f_mi,11
81,163,126,219,679,348,331,0,1,3,p_1.30.24_LL3f_mi,11
82,169,133,218,682,338,344,0,1,3,p_1.30.24_LL3f_mi,11
83,177,135,225,666,324,342,0,1,3,p_1.30.24_LL3f_mi,11
84,164,133,218,682,321,361,0,1,3,p_1.30.24_LL3f_mi,11
85,165,133,219,680,321,359,0,1,3,p_1.30.24_LL3f_mi,11
86,179,136,228,653,313,340,0,1,3,p_1.30.24_LL3f_mi,11
87,175,144,227,653,321,332,0,1,3,p_1.30.24_LL3f_mi,11
88,185,142,232,642,311,331,0,1,3,p_1.30.24_LL3f_mi,11
89,171,138,219,677,336,341,0,1,3,p_1.30.24_LL3f_mi,11
90,167,129,217,683,358,325,0,1,3,p_1.30.24_LL3f_mi,11
91,168,139,217,689,357,332,0,1,3,p_1.30.24_LL3f_mi,11
92,181,130,233,629,312,317,0,1,3,p_1.30.24_LL3f_mi,11
93,185,150,234,631,305,326,0,1,3,p_1.30.24_LL3f_mi,11
94,175,136,222,675,320,355,0,1,3,p_1.30.24_LL3f_mi,11
95,176,141,218,682,322,360,0,1,3,p_1.30.24_LL3f_mi,11
96,175,134,223,661,322,339,0,1,3,p_1.30.24_LL3f_mi,11
97,170,134,225,662,331,331,0,1,3,p_1.30.24_LL3f_mi,11
98,176,137,229,645,324,321,0,1,3,p_1.30.24_LL3f_mi,11
99,170,129,228,651,340,311,0,1,3,p_1.30.24_LL3f_mi,11
100,146,122,189,669,343,326,0,1,3,p_1.30.24_LL3f_mi,11
101,117,101,147,675,340,335,0,1,3,p_1.30.24_LL3f_mi,11
102,121,99,164,557,271,286,0,1,3,p_1.30.24_LL3f_mi,11
103,107,87,140,533,252,281,0,1,3,p_1.30.24_LL3f_mi,11
104,104,81,128,473,243,230,0,1,3,p_1.30.24_LL3f_mi,11
105,82,76,106,442,232,210,0,1,3,p_1.30.24_LL3f_mi,11
106,72,58,92,393,199,194,0,1,3,p_1.30.24_LL3f_mi,11
107,55,51,68,353,179,174,0,1,3,p_1.30.24_LL3f_mi,11
108,49,42,60,292,150,142,0,1,3,p_1.30.24_LL3f_mi,11
109,32,29,42,251,130,121,0,1,3,p_1.30.24_LL3f_mi,11
110,29,25,35,189,99,90,0,1,3,p_1.30.24_LL3f_mi,11
111,27,22,37,166,94,72,0,1,3,p_1.30.24_LL3f_mi,11
112,27,22,35,141,75,66,0,1,3,p_1.30.24_LL3f_mi,11
113,27,21,35,121,54,67,0,1,3,p_1.30.24_LL3f_mi,11
114,25,21,34,114,56,58,0,1,3,p_1.30.24_LL3f_mi,11
115,27,22,34,112,45,67,0,1,3,p_1.30.24_LL3f_mi,11
116,26,21,33,108,47,61,0,1,3,p_1.30.24_LL3f_mi,11
117,27,21,36,102,51,51,0,1,3,p_1.30.24_LL3f_mi,11
118,28,21,34,104,56,48,0,1,3,p_1.30.24_LL3f_mi,11
119,24,21,33,101,47,54,0,1,3,p_1.30.24_LL3f_mi,11
120,28,20,35,108,57,51,0,1,3,p_1.30.24_LL3f_mi,11
121,25,21,34,105,55,50,0,1,3,p_1.30.24_LL3f_mi,11
122,27,20,34,98,48,50,0,1,3,p_1.30.24_LL3f_mi,11
123,27,20,34,95,43,52,0,1,3,p_1.30.24_LL3f_mi,11
124,24,18,33,94,43,51,0,1,3,p_1.30.24_LL3f_mi,11
125,28,23,35,122,54,68,12,1,3,p_1.30.24_LL3f_mi,11
126,25,19,36,123,61,62,14,1,3,p_1.30.24_LL3f_mi,11
127,30,25,37,122,60,62,8,1,3,p_1.30.24_LL3f_mi,11
128,27,18,36,114,63,51,3,1,3,p_1.30.24_LL3f_mi,11
129,29,22,37,109,64,45,1,1,3,p_1.30.24_LL3f_mi,11
130,27,23,34,105,61,44,0,1,3,p_1.30.24_LL3f_mi,11
131,25,20,34,102,54,48,0,1,3,p_1.30.24_LL3f_mi,11
132,27,18,36,109,48,61,0,1,3,p_1.30.24_LL3f_mi,11
133,24,20,31,97,36,61,0,1,3,p_1.30.24_LL3f_mi,11
134,28,23,34,99,43,56,0,1,3,p_1.30.24_LL3f_mi,11
135,26,18,34,102,49,53,0,1,3,p_1.30.24_LL3f_mi,11
136,25,21,32,95,51,44,0,1,3,p_1.30.24_LL3f_mi,11
137,26,20,33,95,47,48,0,1,3,p_1.30.24_LL3f_mi,11
138,25,18,33,91,43,48,0,1,3,p_1.30.24_LL3f_mi,11
139,26,23,33,98,42,56,0,1,3,p_1.30.24_LL3f_mi,11
140,24,18,35,105,49,56,14,1,3,p_1.30.24_LL3f_mi,11
141,26,22,35,114,51,63,9,1,3,p_1.30.24_LL3f_mi,11
142,27,21,34,112,54,58,6,1,3,p_1.30.24_LL3f_mi,11
143,28,21,36,121,58,63,3,1,3,p_1.30.24_LL3f_mi,11
144,27,21,35,112,49,63,2,1,3,p_1.30.24_LL3f_mi,11
145,27,20,35,109,47,62,0,1,3,p_1.30.24_LL3f_mi,11
146,30,27,36,111,52,59,0,1,3,p_1.30.24_LL3f_mi,11
147,26,21,34,109,46,63,0,1,3,p_1.30.24_LL3f_mi,11
148,24,17,34,105,46,59,0,1,3,p_1.30.24_LL3f_mi,11
149,26,21,34,101,50,51,0,1,3,p_1.30.24_LL3f_mi,11
150,28,24,35,111,65,46,0,1,3,p_1.30.24_LL3f_mi,11
151,58,35,78,113,61,52,0,1,3,p_1.30.24_LL3f_mi,11
152,68,43,99,148,71,77,0,1,3,p_1.30.24_LL3f_mi,11
153,98,61,121,197,114,83,0,1,3,p_1.30.24_LL3f_mi,11
154,118,79,145,272,141,131,0,1,3,p_1.30.24_LL3f_mi,11
155,123,89,159,357,189,168,22,1,3,p_1.30.24_LL3f_mi,11
156,145,100,178,389,203,186,10,1,3,p_1.30.24_LL3f_mi,11
157,156,105,196,448,229,219,3,1,3,p_1.30.24_LL3f_mi,11
158,152,111,205,525,281,244,0,1,3,p_1.30.24_LL3f_mi,11
159,181,132,230,531,283,248,0,1,3,p_1.30.24_LL3f_mi,11
160,189,136,242,597,303,294,0,1,3,p_1.30.24_LL3f_mi,11
161,182,140,231,642,334,308,0,1,3,p_1.30.24_LL3f_mi,11
162,174,138,221,667,328,339,0,1,3,p_1.30.24_LL3f_mi,11
163,174,131,217,677,355,322,0,1,3,p_1.30.24_LL3f_mi,11
164,173,134,225,666,335,331,0,1,3,p_1.30.24_LL3f_mi,11
165,175,135,227,658,328,330,0,1,3,p_1.30.24_LL3f_mi,11
166,171,142,227,655,316,339,0,1,3,p_1.30.24_LL3f_mi,11
167,177,134,231,638,297,341,0,1,3,p_1.30.24_LL3f_mi,11
168,170,137,221,673,316,357,0,1,3,p_1.30.24_LL3f_mi,11
169,166,134,223,670,328,342,0,1,3,p_1.30.24_LL3f_mi,11
170,167,131,209,702,331,371,17,1,3,p_1.30.24_LL3f_mi,11
171,177,143,222,670,325,345,14,1,3,p_1.30.24_LL3f_mi,11
172,169,134,217,678,330,348,8,1,3,p_1.30.24_LL3f_mi,11
173,179,138,228,650,329,321,1,1,3,p_1.30.24_LL3f_mi,11
174,164,128,215,682,354,328,0,1,3,p_1.30.24_LL3f_mi,11
175,175,134,223,665,352,313,0,1,3,p_1.30.24_LL3f_mi,11
176,169,136,213,699,360,339,0,1,3,p_1.30.24_LL3f_mi,11
177,169,133,223,664,333,331,0,1,3,p_1.30.24_LL3f_mi,11
178,169,127,217,685,344,341,0,1,3,p_1.30.24_LL3f_mi,11
179,177,133,225,661,336,325,0,1,3,p_1.30.24_LL3f_mi,11
180,170,138,216,687,354,333,0,1,3,p_1.30.24_LL3f_mi,11
181,182,141,226,659,333,326,0,1,3,p_1.30.24_LL3f_mi,11
182,179,142,229,650,339,311,0,1,3,p_1.30.24_LL3f_mi,11
183,165,129,223,667,355,312,0,1,3,p_1.30.24_LL3f_mi,11
184,179,133,226,657,338,319,0,1,3,p_1.30.24_LL3f_mi,11
185,177,133,222,670,346,324,0,1,3,p_1.30.24_LL3f_mi,11
186,179,141,232,639,319,320,0,1,3,p_1.30.24_LL3f_mi,11
187,179,138,223,665,327,338,0,1,3,p_1.30.24_LL3f_mi,11
188,170,133,222,667,337,330,0,1,3,p_1.30.24_LL3f_mi,11
189,175,134,223,671,339,332,0,1,3,p_1.30.24_LL3f_mi,11
190,169,128,218,680,336,344,0,1,3,p_1.30.24_LL3f_mi,11
191,179,149,222,670,325,345,0,1,3,p_1.30.24_LL3f_mi,11
192,175,135,221,672,348,324,0,1,3,p_1.30.24_LL3f_mi,11
193,168,130,221,669,339,330,0,1,3,p_1.30.24_LL3f_mi,11
194,178,144,224,661,322,339,0,1,3,p_1.30.24_LL3f_mi,11
195,168,129,219,675,325,350,0,1,3,p_1.30.24_LL3f_mi,11
196,172,141,217,685,335,350,0,1,3,p_1.30.24_LL3f_mi,11
197,182,135,233,639,326,313,0,1,3,p_1.30.24_LL3f_mi,11
198,177,141,223,663,335,328,0,1,3,p_1.30.24_LL3f_mi,11
199,191,150,237,619,305,314,0,1,3,p_1.30.24_LL3f_mi,11
200,181,143,226,658,332,326,0,1,3,p_1.30.24_LL3f_mi,11
201,152,132,199,727,369,358,0,1,3,p_1.30.24_LL3f_mi,11
202,179,133,224,666,343,323,0,1,3,p_1.30.24_LL3f_mi,11
203,174,134,222,668,344,324,0,1,3,p_1.30.24_LL3f_mi,11
204,175,129,233,639,319,320,0,1,3,p_1.30.24_LL3f_mi,11
205,171,124,227,651,332,319,0,1,3,p_1.30.24_LL3f_mi,11
206,172,138,222,671,345,326,0,1,3,p_1.30.24_LL3f_mi,11
207,167,130,223,666,324,342,0,1,3,p_1.30.24_LL3f_mi,11
208,178,138,227,658,340,318,0,1,3,p_1.30.24_LL3f_mi,11
209,177,134,229,644,332,312,0,1,3,p_1.30.24_LL3f_mi,11
210,166,130,216,684,356,328,0,1,3,p_1.30.24_LL3f_mi,11
211,169,133,224,670,351,319,0,1,3,p_1.30.24_LL3f_mi,11
212,182,144,231,638,327,311,0,1,3,p_1.30.24_LL3f_mi,11
213,167,132,225,663,311,352,0,1,3,p_1.30.24_LL3f_mi,11
214,184,139,235,628,299,329,0,1,3,p_1.30.24_LL3f_mi,11
215,175,136,229,650,319,331,0,1,3,p_1.30.24_LL3f_mi,11
216,168,134,221,674,327,347,0,1,3,p_1.30.24_LL3f_mi,11
217,179,146,224,665,320,345,0,1,3,p_1.30.24_LL3f_mi,11
218,174,132,225,664,337,327,0,1,3,p_1.30.24_LL3f_mi,11
219,175,136,224,666,339,327,0,1,3,p_1.30.24_LL3f_mi,11
220,170,131,223,669,344,325,0,1,3,p_1.30.24_LL3f_mi,11
221,172,136,225,663,339,324,0,1,3,p_1.30.24_LL3f_mi,11
222,172,135,222,672,334,338,0,1,3,p_1.30.24_LL3f_mi,11
223,166,122,215,694,355,339,0,1,3,p_1.30.24_LL3f_mi,11
224,169,141,220,678,346,332,0,1,3,p_1.30.24_LL3f_mi,11
225,178,136,222,676,367,309,0,1,3,p_1.30.24_LL3f_mi,11
226,165,132,207,712,369,343,0,1,3,p_1.30.24_LL3f_mi,11
227,174,133,221,668,336,332,0,1,3,p_1.30.24_LL3f_mi,11
228,170,139,226,659,318,341,0,1,3,p_1.30.24_LL3f_mi,11
229,177,136,225,660,313,347,0,1,3,p_1.30.24_LL3f_mi,11
230,174,141,228,648,326,322,0,1,3,p_1.30.24_LL3f_mi,11
231,170,138,224,665,328,337,0,1,3,p_1.30.24_LL3f_mi,11
232,175,131,226,660,337,323,0,1,3,p_1.30.24_LL3f_mi,11
233,176,133,227,654,340,314,0,1,3,p_1.30.24_LL3f_mi,11
234,162,125,214,690,366,324,0,1,3,p_1.30.24_LL3f_mi,11
235,176,141,225,662,332,330,0,1,3,p_1.30.24_LL3f_mi,11
236,174,133,226,657,330,327,0,1,3,p_1.30.24_LL3f_mi,11
237,179,136,231,641,316,325,0,1,3,p_1.30.24_LL3f_mi,11
238,168,133,221,675,341,334,0,1,3,p_1.30.24_LL3f_mi,11
239,173,136,224,673,332,341,0,1,3,p_1.30.24_LL3f_mi,11
240,172,141,227,653,313,340,0,1,3,p_1.30.24_LL3f_mi,11
241,176,139,224,666,324,342,0,1,3,p_1.30.24_LL3f_mi,11
242,167,136,225,663,330,333,0,1,3,p_1.30.24_LL3f_mi,11
243,172,137,223,662,337,325,0,1,3,p_1.30.24_LL3f_mi,11
244,171,129,223,664,327,337,0,1,3,p_1.30.24_LL3f_mi,11
245,179,136,224,662,330,332,0,1,3,p_1.30.24_LL3f_mi,11
246,169,131,217,678,345,333,0,1,3,p_1.30.24_LL3f_mi,11
247,173,128,227,657,334,323,0,1,3,p_1.30.24_LL3f_mi,11
248,175,135,226,656,325,331,0,1,3,p_1.30.24_LL3f_mi,11
249,177,135,230,651,329,322,0,1,3,p_1.30.24_LL3f_mi,11
250,173,141,230,649,318,331,0,1,3,p_1.30.24_LL3f_mi,11
251,162,137,201,720,347,373,0,1,3,p_1.30.24_LL3f_mi,11
252,162,131,217,679,336,343,0,1,3,p_1.30.24_LL3f_mi,11
253,176,136,226,663,325,338,0,1,3,p_1.30.24_LL3f_mi,11
254,166,124,219,680,355,325,0,1,3,p_1.30.24_LL3f_mi,11
255,171,137,226,665,338,327,0,1,3,p_1.30.24_LL3f_mi,11
256,172,142,227,651,324,327,0,1,3,p_1.30.24_LL3f_mi,11
257,182,137,229,646,312,334,0,1,3,p_1.30.24_LL3f_mi,11
258,170,136,226,657,311,346,0,1,3,p_1.30.24_LL3f_mi,11
259,170,138,219,677,333,344,0,1,3,p_1.30.24_LL3f_mi,11
260,175,140,230,652,306,346,0,1,3,p_1.30.24_LL3f_mi,11
261,187,148,230,644,304,340,0,1,3,p_1.30.24_LL3f_mi,11
262,178,133,228,652,315,337,0,1,3,p_1.30.24_LL3f_mi,11
263,176,130,229,650,319,331,0,1,3,p_1.30.24_LL3f_mi,11
264,176,139,228,657,326,331,0,1,3,p_1.30.24_LL3f_mi,11
265,165,136,223,662,319,343,0,1,3,p_1.30.24_LL3f_mi,11
266,176,135,224,667,334,333,0,1,3,p_1.30.24_LL3f_mi,11
267,168,133,219,680,339,341,0,1,3,p_1.30.24_LL3f_mi,11
268,170,130,220,681,335,346,0,1,3,p_1.30.24_LL3f_mi,11
269,172,133,222,668,318,350,0,1,3,p_1.30.24_LL3f_mi,11
270,175,141,231,641,323,318,0,1,3,p_1.30.24_LL3f_mi,11
271,170,132,222,667,337,330,0,1,3,p_1.30.24_LL3f_mi,11
272,174,138,219,677,335,342,0,1,3,p_1.30.24_LL3f_mi,11
273,177,134,225,664,335,329,0,1,3,p_1.30.24_LL3f_mi,11
274,170,138,225,668,338,330,0,1,3,p_1.30.24_LL3f_mi,11
275,169,132,218,674,338,336,0,1,3,p_1.30.24_LL3f_mi,11
276,163,122,204,715,373,342,0,1,3,p_1.30.24_LL3f_mi,11
277,167,131,222,671,348,323,0,1,3,p_1.30.24_LL3f_mi,11
278,173,130,224,666,341,325,0,1,3,p_1.30.24_LL3f_mi,11
279,175,136,220,676,319,357,0,1,3,p_1.30.24_LL3f_mi,11
280,169,131,219,677,337,340,0,1,3,p_1.30.24_LL3f_mi,11
281,170,137,226,656,313,343,0,1,3,p_1.30.24_LL3f_mi,11
282,181,147,226,657,319,338,0,1,3,p_1.30.24_LL3f_mi,11
283,167,131,220,676,340,336,0,1,3,p_1.30.24_LL3f_mi,11
284,167,131,222,669,332,337,0,1,3,p_1.30.24_LL3f_mi,11
285,168,134,224,665,331,334,0,1,3,p_1.30.24_LL3f_mi,11
286,176,135,229,650,323,327,0,1,3,p_1.30.24_LL3f_mi,11
287,178,129,226,662,329,333,0,1,3,p_1.30.24_LL3f_mi,11
288,174,132,229,649,320,329,0,1,3,p_1.30.24_LL3f_mi,11
289,170,136,221,665,324,341,0,1,3,p_1.30.24_LL3f_mi,11
290,168,131,220,677,327,350,0,1,3,p_1.30.24_LL3f_mi,11
291,178,133,226,657,297,360,0,1,3,p_1.30.24_LL3f_mi,11
292,177,136,220,672,322,350,0,1,3,p_1.30.24_LL3f_mi,11
293,173,137,223,661,336,325,0,1,3,p_1.30.24_LL3f_mi,11
294,170,130,222,669,337,332,0,1,3,p_1.30.24_LL3f_mi,11
295,179,132,226,657,328,329,0,1,3,p_1.30.24_LL3f_mi,11
296,173,139,225,670,326,344,0,1,3,p_1.30.24_LL3f_mi,11
297,179,145,226,663,329,334,0,1,3,p_1.30.24_LL3f_mi,11
298,179,139,227,658,326,332,0,1,3,p_1.30.24_LL3f_mi,11
299,174,135,220,677,319,358,0,1,3,p_1.30.24_LL3f_mi,11
300,167,132,220,673,331,342,0,1,3,p_1.30.24_LL3f_mi,11
301,166,132,208,714,354,360,0,1,3,p_1.30.24_LL3f_mi,11
302,183,137,229,648,310,338,0,1,3,p_1.30.24_LL3f_mi,11
303,186,142,229,650,319,331,0,1,3,p_1.30.24_LL3f_mi,11
304,172,135,221,664,330,334,0,1,3,p_1.30.24_LL3f_mi,11
305,174,133,225,659,344,315,0,1,3,p_1.30.24_LL3f_mi,11
306,163,135,216,689,359,330,0,1,3,p_1.30.24_LL3f_mi,11
307,178,138,224,665,340,325,0,1,3,p_1.30.24_LL3f_mi,11
308,187,140,231,644,320,324,0,1,3,p_1.30.24_LL3f_mi,11
309,178,137,222,668,341,327,0,1,3,p_1.30.24_LL3f_mi,11
310,166,136,216,685,350,335,0,1,3,p_1.30.24_LL3f_mi,11
311,161,130,218,686,336,350,0,1,3,p_1.30.24_LL3f_mi,11
312,173,141,227,658,314,344,0,1,3,p_1.30.24_LL3f_mi,11
313,175,143,226,651,310,341,0,1,3,p_1.30.24_LL3f_mi,11
314,172,142,224,664,320,344,0,1,3,p_1.30.24_LL3f_mi,11
315,162,125,215,688,353,335,0,1,3,p_1.30.24_LL3f_mi,11
316,176,134,218,686,370,316,0,1,3,p_1.30.24_LL3f_mi,11
317,171,136,222,669,351,318,0,1,3,p_1.30.24_LL3f_mi,11
318,172,136,225,662,343,319,0,1,3,p_1.30.24_LL3f_mi,11
319,181,140,231,647,332,315,0,1,3,p_1.30.24_LL3f_mi,11
320,176,139,228,651,329,322,0,1,3,p_1.30.24_LL3f_mi,11
321,174,136,226,661,320,341,0,1,3,p_1.30.24_LL3f_mi,11
322,178,141,227,656,336,320,0,1,3,p_1.30.24_LL3f_mi,11
323,168,134,221,676,342,334,0,1,3,p_1.30.24_LL3f_mi,11
324,181,142,232,640,316,324,0,1,3,p_1.30.24_LL3f_mi,11
325,178,136,225,659,345,314,0,1,3,p_1.30.24_LL3f_mi,11
326,157,129,200,727,379,348,0,1,3,p_1.30.24_LL3f_mi,11
327,174,143,227,655,334,321,0,1,3,p_1.30.24_LL3f_mi,11
328,181,140,233,639,337,302,0,1,3,p_1.30.24_LL3f_mi,11
329,177,140,226,659,337,322,0,1,3,p_1.30.24_LL3f_mi,11
330,179,145,225,661,337,324,0,1,3,p_1.30.24_LL3f_mi,11
331,172,137,215,690,357,333,0,1,3,p_1.30.24_LL3f_mi,11
332,181,138,229,654,328,326,0,1,3,p_1.30.24_LL3f_mi,11
333,166,126,219,676,331,345,0,1,3,p_1.30.24_LL3f_mi,11
334,176,132,225,653,321,332,0,1,3,p_1.30.24_LL3f_mi,11
335,175,134,229,646,320,326,0,1,3,p_1.30.24_LL3f_mi,11
336,171,138,224,667,323,344,0,1,3,p_1.30.24_LL3f_mi,11
337,165,131,221,673,344,329,0,1,3,p_1.30.24_LL3f_mi,11
338,169,130,216,680,346,334,0,1,3,p_1.30.24_LL3f_mi,11
339,173,134,222,671,331,340,0,1,3,p_1.30.24_LL3f_mi,11
340,171,141,224,661,313,348,0,1,3,p_1.30.24_LL3f_mi,11
341,168,130,222,682,328,354,0,1,3,p_1.30.24_LL3f_mi,11
342,174,138,227,656,318,338,0,1,3,p_1.30.24_LL3f_mi,11
343,173,141,223,663,318,345,0,1,3,p_1.30.24_LL3f_mi,11
344,177,137,223,665,312,353,0,1,3,p_1.30.24_LL3f_mi,11
345,168,135,221,674,317,357,0,1,3,p_1.30.24_LL3f_mi,11
346,163,131,213,690,328,362,0,1,3,p_1.30.24_LL3f_mi,11
347,175,136,225,655,321,334,0,1,3,p_1.30.24_LL3f_mi,11
348,171,139,221,670,321,349,0,1,3,p_1.30.24_LL3f_mi,11
349,169,134,223,667,317,350,0,1,3,p_1.30.24_LL3f_mi,11
350,178,147,224,668,330,338,0,1,3,p_1.30.24_LL3f_mi,11
1,7,7,9,602,322,280,0,1,4,p_1.30.24_LL3f_mi,11
2,97,86,132,846,439,407,0,1,4,p_1.30.24_LL3f_mi,11
3,129,111,167,787,405,382,0,1,4,p_1.30.24_LL3f_mi,11
4,154,119,209,705,372,333,0,1,4,p_1.30.24_LL3f_mi,11
5,177,139,226,654,340,314,0,1,4,p_1.30.24_LL3f_mi,11
6,176,127,224,666,331,335,0,1,4,p_1.30.24_LL3f_mi,11
7,171,138,223,664,328,336,0,1,4,p_1.30.24_LL3f_mi,11
8,177,135,226,659,322,337,0,1,4,p_1.30.24_LL3f_mi,11
9,174,133,226,667,346,321,0,1,4,p_1.30.24_LL3f_mi,11
10,174,136,228,651,334,317,0,1,4,p_1.30.24_LL3f_mi,11
11,171,132,224,660,339,321,0,1,4,p_1.30.24_LL3f_mi,11
12,171,132,223,661,348,313,0,1,4,p_1.30.24_LL3f_mi,11
13,174,132,223,666,348,318,0,1,4,p_1.30.24_LL3f_mi,11
14,177,140,225,654,325,329,0,1,4,p_1.30.24_LL3f_mi,11
15,169,131,221,667,313,354,0,1,4,p_1.30.24_LL3f_mi,11
16,172,139,218,684,315,369,0,1,4,p_1.30.24_LL3f_mi,11
17,179,139,223,665,318,347,0,1,4,p_1.30.24_LL3f_mi,11
18,176,141,232,647,319,328,0,1,4,p_1.30.24_LL3f_mi,11
19,185,143,224,661,325,336,0,1,4,p_1.30.24_LL3f_mi,11
20,170,132,223,660,307,353,0,1,4,p_1.30.24_LL3f_mi,11
21,172,135,221,675,313,362,0,1,4,p_1.30.24_LL3f_mi,11
22,179,140,227,662,318,344,0,1,4,p_1.30.24_LL3f_mi,11
23,174,142,227,652,309,343,0,1,4,p_1.30.24_LL3f_mi,11
24,171,138,224,666,330,336,0,1,4,p_1.30.24_LL3f_mi,11
25,180,136,226,659,319,340,0,1,4,p_1.30.24_LL3f_mi,11
26,168,136,215,691,333,358,0,1,4,p_1.30.24_LL3f_mi,11
27,178,140,225,657,329,328,0,1,4,p_1.30.24_LL3f_mi,11
28,178,142,223,663,324,339,0,1,4,p_1.30.24_LL3f_mi,11
29,181,143,231,646,315,331,0,1,4,p_1.30.24_LL3f_mi,11
30,180,145,227,650,326,324,0,1,4,p_1.30.24_LL3f_mi,11
31,177,140,225,657,321,336,0,1,4,p_1.30.24_LL3f_mi,11
32,166,133,218,682,341,341,0,1,4,p_1.30.24_LL3f_mi,11
33,172,146,225,660,317,343,0,1,4,p_1.30.24_LL3f_mi,11
34,182,145,231,639,305,334,0,1,4,p_1.30.24_LL3f_mi,11
35,175,143,223,665,323,342,0,1,4,p_1.30.24_LL3f_mi,11
36,160,127,211,697,344,353,0,1,4,p_1.30.24_LL3f_mi,11
37,172,138,222,672,340,332,0,1,4,p_1.30.24_LL3f_mi,11
38,179,135,224,661,325,336,0,1,4,p_1.30.24_LL3f_mi,11
39,176,127,230,645,318,327,0,1,4,p_1.30.24_LL3f_mi,11
40,183,132,226,659,338,321,0,1,4,p_1.30.24_LL3f_mi,11
41,171,134,220,682,340,342,0,1,4,p_1.30.24_LL3f_mi,11
42,179,142,222,672,330,342,0,1,4,p_1.30.24_LL3f_mi,11
43,167,127,220,674,318,356,0,1,4,p_1.30.24_LL3f_mi,11
44,176,145,220,675,314,361,0,1,4,p_1.30.24_LL3f_mi,11
45,172,132,220,672,315,357,0,1,4,p_1.30.24_LL3f_mi,11
46,172,135,230,642,311,331,0,1,4,p_1.30.24_LL3f_mi,11
47,180,131,233,639,305,334,0,1,4,p_1.30.24_LL3f_mi,11
48,179,141,228,653,314,339,0,1,4,p_1.30.24_LL3f_mi,11
49,183,143,229,641,305,336,0,1,4,p_1.30.24_LL3f_mi,11
50,173,135,223,672,337,335,0,1,4,p_1.30.24_LL3f_mi,11
51,162,129,207,711,361,350,0,1,4,p_1.30.24_LL3f_mi,11
52,171,134,224,663,342,321,0,1,4,p_1.30.24_LL3f_mi,11
53,184,143,234,631,318,313,0,1,4,p_1.30.24_LL3f_mi,11
54,178,138,229,649,322,327,0,1,4,p_1.30.24_LL3f_mi,11
55,179,140,229,656,315,341,0,1,4,p_1.30.24_LL3f_mi,11
56,177,137,224,668,327,341,0,1,4,p_1.30.24_LL3f_mi,11
57,169,141,216,690,353,337,0,1,4,p_1.30.24_LL3f_mi,11
58,164,130,218,684,349,335,0,1,4,p_1.30.24_LL3f_mi,11
59,168,128,228,652,327,325,0,1,4,p_1.30.24_LL3f_mi,11
60,174,139,220,675,336,339,0,1,4,p_1.30.24_LL3f_mi,11
61,171,130,226,659,333,326,0,1,4,p_1.30.24_LL3f_mi,11
62,173,141,224,659,326,333,0,1,4,p_1.30.24_LL3f_mi,11
63,175,139,226,661,314,347,0,1,4,p_1.30.24_LL3f_mi,11
64,175,127,221,675,334,341,0,1,4,p_1.30.24_LL3f_mi,11
65,173,140,228,649,322,327,0,1,4,p_1.30.24_LL3f_mi,11
66,171,130,219,676,350,326,0,1,4,p_1.30.24_LL3f_mi,11
67,180,139,230,644,328,316,0,1,4,p_1.30.24_LL3f_mi,11
68,175,136,224,666,357,309,0,1,4,p_1.30.24_LL3f_mi,11
69,178,138,224,664,349,315,0,1,4,p_1.30.24_LL3f_mi,11
70,176,136,225,663,332,331,0,1,4,p_1.30.24_LL3f_mi,11
71,172,132,221,674,333,341,0,1,4,p_1.30.24_LL3f_mi,11
72,173,128,220,676,320,356,0,1,4,p_1.30.24_LL3f_mi,11
73,176,138,224,663,330,333,0,1,4,p_1.30.24_LL3f_mi,11
74,181,140,235,626,313,313,0,1,4,p_1.30.24_LL3f_mi,11
75,182,132,229,646,333,313,0,1,4,p_1.30.24_LL3f_mi,11
76,171,133,207,712,368,344,0,1,4,p_1.30.24_LL3f_mi,11
77,176,144,221,668,340,328,0,1,4,p_1.30.24_LL3f_mi,11
78,186,147,229,645,336,309,0,1,4,p_1.30.24_LL3f_mi,11
79,174,130,225,664,345,319,0,1,4,p_1.30.24_LL3f_mi,11
80,166,133,225,660,338,322,0,1,4,p_1.30.24_LL3f_mi,11
81,174,140,220,676,332,344,0,1,4,p_1.30.24_LL3f_mi,11
82,179,140,230,643,310,333,0,1,4,p_1.30.24_LL3f_mi,11
83,180,141,221,674,321,353,0,1,4,p_1.30.24_LL3f_mi,11
84,189,148,230,645,298,347,0,1,4,p_1.30.24_LL3f_mi,11
85,169,128,219,677,319,358,0,1,4,p_1.30.24_LL3f_mi,11
86,177,147,224,663,310,353,0,1,4,p_1.30.24_LL3f_mi,11
87,175,141,227,657,320,337,0,1,4,p_1.30.24_LL3f_mi,11
88,172,138,218,684,331,353,0,1,4,p_1.30.24_LL3f_mi,11
89,179,144,224,669,311,358,0,1,4,p_1.30.24_LL3f_mi,11
90,172,139,226,658,320,338,0,1,4,p_1.30.24_LL3f_mi,11
91,189,137,230,640,313,327,0,1,4,p_1.30.24_LL3f_mi,11
92,183,139,234,626,309,317,0,1,4,p_1.30.24_LL3f_mi,11
93,176,146,222,667,315,352,0,1,4,p_1.30.24_LL3f_mi,11
94,166,133,219,677,337,340,0,1,4,p_1.30.24_LL3f_mi,11
95,169,136,224,668,325,343,0,1,4,p_1.30.24_LL3f_mi,11
96,171,134,229,647,320,327,0,1,4,p_1.30.24_LL3f_mi,11
97,190,145,230,654,329,325,0,1,4,p_1.30.24_LL3f_mi,11
98,173,134,227,656,337,319,0,1,4,p_1.30.24_LL3f_mi,11
99,177,134,226,665,338,327,0,1,4,p_1.30.24_LL3f_mi,11
100,148,121,191,660,339,321,0,1,4,p_1.30.24_LL3f_mi,11
101,113,98,144,680,345,335,0,1,4,p_1.30.24_LL3f_mi,11
102,128,103,162,564,282,282,0,1,4,p_1.30.24_LL3f_mi,11
103,107,83,136,536,268,268,0,1,4,p_1.30.24_LL3f_mi,11
104,101,84,129,472,238,234,0,1,4,p_1.30.24_LL3f_mi,11
105,80,65,107,436,210,226,0,1,4,p_1.30.24_LL3f_mi,11
106,64,53,80,411,206,205,0,1,4,p_1.30.24_LL3f_mi,11
107,62,50,77,340,166,174,0,1,4,p_1.30.24_LL3f_mi,11
108,46,43,58,300,146,154,0,1,4,p_1.30.24_LL3f_mi,11
109,28,26,38,254,119,135,0,1,4,p_1.30.24_LL3f_mi,11
110,28,22,37,194,90,104,0,1,4,p_1.30.24_LL3f_mi,11
111,29,27,37,148,66,82,0,1,4,p_1.30.24_LL3f_mi,11
112,29,27,38,130,64,66,0,1,4,p_1.30.24_LL3f_mi,11
113,30,21,38,129,71,58,0,1,4,p_1.30.24_LL3f_mi,11
114,26,18,35,119,68,51,0,1,4,p_1.30.24_LL3f_mi,11
115,27,21,37,121,61,60,0,1,4,p_1.30.24_LL3f_mi,11
116,27,23,35,120,62,58,0,1,4,p_1.30.24_LL3f_mi,11
117,25,21,34,116,55,61,0,1,4,p_1.30.24_LL3f_mi,11
118,30,24,35,117,57,60,0,1,4,p_1.30.24_LL3f_mi,11
119,27,21,32,106,48,58,0,1,4,p_1.30.24_LL3f_mi,11
120,27,21,34,102,51,51,0,1,4,p_1.30.24_LL3f_mi,11
121,26,19,35,103,59,44,0,1,4,p_1.30.24_LL3f_mi,11
122,27,20,33,110,62,48,0,1,4,p_1.30.24_LL3f_mi,11
123,27,21,33,104,57,47,0,1,4,p_1.30.24_LL3f_mi,11
124,27,23,33,104,53,51,0,1,4,p_1.30.24_LL3f_mi,11
125,26,19,37,114,58,56,18,1,4,p_1.30.24_LL3f_mi,11
126,29,24,36,113,54,59,7,1,4,p_1.30.24_LL3f_mi,11
127,27,21,35,107,54,53,3,1,4,p_1.30.24_LL3f_mi,11
128,25,20,33,104,55,49,0,1,4,p_1.30.24_LL3f_mi,11
129,26,19,35,106,56,50,0,1,4,p_1.30.24_LL3f_mi,11
130,29,21,33,106,61,45,0,1,4,p_1.30.24_LL3f_mi,11
131,26,21,33,101,59,42,0,1,4,p_1.30.24_LL3f_mi,11
132,28,18,35,105,66,39,0,1,4,p_1.30.24_LL3f_mi,11
133,24,17,33,100,63,37,0,1,4,p_1.30.24_LL3f_mi,11
134,23,18,30,90,54,36,0,1,4,p_1.30.24_LL3f_mi,11
135,27,21,31,93,52,41,0,1,4,p_1.30.24_LL3f_mi,11
136,29,20,34,102,58,44,0,1,4,p_1.30.24_LL3f_mi,11
137,26,19,31,95,57,38,0,1,4,p_1.30.24_LL3f_mi,11
138,25,21,34,101,58,43,0,1,4,p_1.30.24_LL3f_mi,11
139,25,20,33,98,49,49,0,1,4,p_1.30.24_LL3f_mi,11
140,31,25,38,133,64,69,11,1,4,p_1.30.24_LL3f_mi,11
141,26,19,36,121,62,59,10,1,4,p_1.30.24_LL3f_mi,11
142,21,14,34,106,56,50,9,1,4,p_1.30.24_LL3f_mi,11
143,25,20,32,97,48,49,3,1,4,p_1.30.24_LL3f_mi,11
144,25,17,34,97,44,53,0,1,4,p_1.30.24_LL3f_mi,11
145,22,18,31,98,53,45,0,1,4,p_1.30.24_LL3f_mi,11
146,24,16,32,92,52,40,0,1,4,p_1.30.24_LL3f_mi,11
147,25,19,33,95,53,42,0,1,4,p_1.30.24_LL3f_mi,11
148,24,19,31,99,53,46,0,1,4,p_1.30.24_LL3f_mi,11
149,28,21,35,102,59,43,0,1,4,p_1.30.24_LL3f_mi,11
150,24,19,31,97,59,38,0,1,4,p_1.30.24_LL3f_mi,11
151,58,35,79,109,64,45,0,1,4,p_1.30.24_LL3f_mi,11
152,69,47,102,158,80,78,0,1,4,p_1.30.24_LL3f_mi,11
153,87,56,122,203,98,105,0,1,4,p_1.30.24_LL3f_mi,11
154,105,76,145,263,135,128,0,1,4,p_1.30.24_LL3f_mi,11
155,123,85,161,356,175,181,19,1,4,p_1.30.24_LL3f_mi,11
156,143,94,179,406,200,206,9,1,4,p_1.30.24_LL3f_mi,11
157,148,114,190,470,211,259,6,1,4,p_1.30.24_LL3f_mi,11
158,160,125,209,509,238,271,2,1,4,p_1.30.24_LL3f_mi,11
159,177,131,225,547,261,286,1,1,4,p_1.30.24_LL3f_mi,11
160,188,141,242,596,295,301,0,1,4,p_1.30.24_LL3f_mi,11
161,179,140,225,658,313,345,0,1,4,p_1.30.24_LL3f_mi,11
162,170,134,225,668,304,364,0,1,4,p_1.30.24_LL3f_mi,11
163,178,144,227,653,305,348,0,1,4,p_1.30.24_LL3f_mi,11
164,179,145,227,654,314,340,0,1,4,p_1.30.24_LL3f_mi,11
165,169,134,223,665,337,328,0,1,4,p_1.30.24_LL3f_mi,11
166,166,129,216,683,328,355,0,1,4,p_1.30.24_LL3f_mi,11
167,162,134,210,701,328,373,0,1,4,p_1.30.24_LL3f_mi,11
168,171,141,218,681,332,349,0,1,4,p_1.30.24_LL3f_mi,11
169,181,140,219,676,326,350,0,1,4,p_1.30.24_LL3f_mi,11
170,170,135,213,687,311,376,13,1,4,p_1.30.24_LL3f_mi,11
171,177,144,225,666,318,348,9,1,4,p_1.30.24_LL3f_mi,11
172,176,140,229,649,315,334,4,1,4,p_1.30.24_LL3f_mi,11
173,176,133,232,647,313,334,3,1,4,p_1.30.24_LL3f_mi,11
174,167,135,215,686,346,340,1,1,4,p_1.30.24_LL3f_mi,11
175,169,133,221,666,332,334,1,1,4,p_1.30.24_LL3f_mi,11
176,150,119,203,721,370,351,1,1,4,p_1.30.24_LL3f_mi,11
177,172,133,220,672,332,340,0,1,4,p_1.30.24_LL3f_mi,11
178,171,136,223,665,329,336,0,1,4,p_1.30.24_LL3f_mi,11
179,166,134,219,678,346,332,0,1,4,p_1.30.24_LL3f_mi,11
180,176,137,228,651,326,325,0,1,4,p_1.30.24_LL3f_mi,11
181,174,134,225,658,330,328,0,1,4,p_1.30.24_LL3f_mi,11
182,171,127,217,684,361,323,0,1,4,p_1.30.24_LL3f_mi,11
183,177,140,228,653,324,329,0,1,4,p_1.30.24_LL3f_mi,11
184,175,135,225,659,336,323,0,1,4,p_1.30.24_LL3f_mi,11
185,172,122,223,667,344,323,0,1,4,p_1.30.24_LL3f_mi,11
186,168,137,220,672,345,327,0,1,4,p_1.30.24_LL3f_mi,11
187,175,137,235,628,322,306,0,1,4,p_1.30.24_LL3f_mi,11
188,180,136,230,646,331,315,0,1,4,p_1.30.24_LL3f_mi,11
189,178,139,220,673,341,332,0,1,4,p_1.30.24_LL3f_mi,11
190,166,125,224,664,327,337,0,1,4,p_1.30.24_LL3f_mi,11
191,174,131,224,663,319,344,0,1,4,p_1.30.24_LL3f_mi,11
192,179,139,228,652,326,326,0,1,4,p_1.30.24_LL3f_mi,11
193,176,129,226,663,340,323,0,1,4,p_1.30.24_LL3f_mi,11
194,171,127,223,666,334,332,0,1,4,p_1.30.24_LL3f_mi,11
195,179,144,223,668,345,323,0,1,4,p_1.30.24_LL3f_mi,11
196,177,149,223,666,333,333,0,1,4,p_1.30.24_LL3f_mi,11
197,168,135,215,691,347,344,0,1,4,p_1.30.24_LL3f_mi,11
198,174,137,222,667,345,322,0,1,4,p_1.30.24_LL3f_mi,11
199,165,131,216,689,342,347,0,1,4,p_1.30.24_LL3f_mi,11
200,177,135,221,669,341,328,0,1,4,p_1.30.24_LL3f_mi,11
201,162,132,206,710,367,343,0,1,4,p_1.30.24_LL3f_mi,11
202,171,142,228,655,332,323,0,1,4,p_1.30.24_LL3f_mi,11
203,176,135,227,657,321,336,0,1,4,p_1.30.24_LL3f_mi,11
204,175,139,225,662,329,333,0,1,4,p_1.30.24_LL3f_mi,11
205,182,140,234,630,322,308,0,1,4,p_1.30.24_LL3f_mi,11
206,170,144,216,684,357,327,0,1,4,p_1.30.24_LL3f_mi,11
207,164,125,217,678,348,330,0,1,4,p_1.30.24_LL3f_mi,11
208,169,133,220,675,348,327,0,1,4,p_1.30.24_LL3f_mi,11
209,184,147,232,637,312,325,0,1,4,p_1.30.24_LL3f_mi,11
210,175,137,224,663,329,334,0,1,4,p_1.30.24_LL3f_mi,11
211,173,140,216,686,353,333,0,1,4,p_1.30.24_LL3f_mi,11
212,183,136,233,636,315,321,0,1,4,p_1.30.24_LL3f_mi,11
213,177,140,225,659,332,327,0,1,4,p_1.30.24_LL3f_mi,11
214,175,135,227,659,329,330,0,1,4,p_1.30.24_LL3f_mi,11
215,174,130,219,682,353,329,0,1,4,p_1.30.24_LL3f_mi,11
216,179,135,231,642,307,335,0,1,4,p_1.30.24_LL3f_mi,11
217,168,129,222,668,313,355,0,1,4,p_1.30.24_LL3f_mi,11
218,183,151,225,662,315,347,0,1,4,p_1.30.24_LL3f_mi,11
219,177,144,220,680,330,350,0,1,4,p_1.30.24_LL3f_mi,11
220,174,128,225,660,323,337,0,1,4,p_1.30.24_LL3f_mi,11
221,171,135,222,664,320,344,0,1,4,p_1.30.24_LL3f_mi,11
222,171,136,219,678,358,320,0,1,4,p_1.30.24_LL3f_mi,11
223,175,136,221,672,357,315,0,1,4,p_1.30.24_LL3f_mi,11
224,178,137,227,660,348,312,0,1,4,p_1.30.24_LL3f_mi,11
225,173,140,226,659,329,330,0,1,4,p_1.30.24_LL3f_mi,11
226,162,137,206,709,337,372,0,1,4,p_1.30.24_LL3f_mi,11
227,174,128,228,648,295,353,0,1,4,p_1.30.24_LL3f_mi,11
228,174,143,219,678,322,356,0,1,4,p_1.30.24_LL3f_mi,11
229,185,137,229,649,304,345,0,1,4,p_1.30.24_LL3f_mi,11
230,171,136,224,662,318,344,0,1,4,p_1.30.24_LL3f_mi,11
231,171,134,227,653,322,331,0,1,4,p_1.30.24_LL3f_mi,11
232,171,119,229,649,327,322,0,1,4,p_1.30.24_LL3f_mi,11
233,181,142,219,673,328,345,0,1,4,p_1.30.24_LL3f_mi,11
234,169,128,220,671,333,338,0,1,4,p_1.30.24_LL3f_mi,11
235,175,139,224,664,332,332,0,1,4,p_1.30.24_LL3f_mi,11
236,174,133,225,669,337,332,0,1,4,p_1.30.24_LL3f_mi,11
237,167,137,222,669,331,338,0,1,4,p_1.30.24_LL3f_mi,11
238,171,144,225,660,315,345,0,1,4,p_1.30.24_LL3f_mi,11
239,179,140,223,662,324,338,0,1,4,p_1.30.24_LL3f_mi,11
240,170,133,222,669,329,340,0,1,4,p_1.30.24_LL3f_mi,11
241,179,143,221,671,330,341,0,1,4,p_1.30.24_LL3f_mi,11
242,174,130,223,672,335,337,0,1,4,p_1.30.24_LL3f_mi,11
243,173,145,223,662,314,348,0,1,4,p_1.30.24_LL3f_mi,11
244,174,136,219,679,323,356,0,1,4,p_1.30.24_LL3f_mi,11
245,165,128,226,652,319,333,0,1,4,p_1.30.24_LL3f_mi,11
246,183,147,230,644,309,335,0,1,4,p_1.30.24_LL3f_mi,11
247,177,134,227,656,334,322,0,1,4,p_1.30.24_LL3f_mi,11
248,177,140,217,683,345,338,0,1,4,p_1.30.24_LL3f_mi,11
249,167,125,221,674,339,335,0,1,4,p_1.30.24_LL3f_mi,11
250,172,137,223,663,326,337,0,1,4,p_1.30.24_LL3f_mi,11
251,155,135,195,735,359,376,0,1,4,p_1.30.24_LL3f_mi,11
252,169,129,219,680,334,346,0,1,4,p_1.30.24_LL3f_mi,11
253,169,134,224,657,336,321,0,1,4,p_1.30.24_LL3f_mi,11
254,175,144,224,667,341,326,0,1,4,p_1.30.24_LL3f_mi,11
255,179,137,228,645,318,327,0,1,4,p_1.30.24_LL3f_mi,11
256,181,145,228,648,330,318,0,1,4,p_1.30.24_LL3f_mi,11
257,180,140,230,644,321,323,0,1,4,p_1.30.24_LL3f_mi,11
258,161,133,216,690,354,336,0,1,4,p_1.30.24_LL3f_mi,11
259,173,133,219,674,356,318,0,1,4,p_1.30.24_LL3f_mi,11
260,176,133,227,654,339,315,0,1,4,p_1.30.24_LL3f_mi,11
261,176,136,218,683,352,331,0,1,4,p_1.30.24_LL3f_mi,11
262,172,134,224,659,338,321,0,1,4,p_1.30.24_LL3f_mi,11
263,167,132,221,671,339,332,0,1,4,p_1.30.24_LL3f_mi,11
264,175,129,226,657,334,323,0,1,4,p_1.30.24_LL3f_mi,11
265,167,125,218,682,339,343,0,1,4,p_1.30.24_LL3f_mi,11
266,170,133,222,670,340,330,0,1,4,p_1.30.24_LL3f_mi,11
267,174,136,217,679,356,323,0,1,4,p_1.30.24_LL3f_mi,11
268,182,130,231,643,337,306,0,1,4,p_1.30.24_LL3f_mi,11
269,167,128,221,671,352,319,0,1,4,p_1.30.24_LL3f_mi,11
270,169,132,221,680,340,340,0,1,4,p_1.30.24_LL3f_mi,11
271,174,139,219,676,340,336,0,1,4,p_1.30.24_LL3f_mi,11
272,177,140,225,665,316,349,0,1,4,p_1.30.24_LL3f_mi,11
273,173,129,225,658,313,345,0,1,4,p_1.30.24_LL3f_mi,11
274,178,135,226,653,328,325,0,1,4,p_1.30.24_LL3f_mi,11
275,178,138,221,676,330,346,0,1,4,p_1.30.24_LL3f_mi,11
276,155,125,202,719,355,364,0,1,4,p_1.30.24_LL3f_mi,11
277,179,141,228,652,315,337,0,1,4,p_1.30.24_LL3f_mi,11
278,179,148,228,652,307,345,0,1,4,p_1.30.24_LL3f_mi,11
279,173,141,226,655,328,327,0,1,4,p_1.30.24_LL3f_mi,11
280,177,132,227,654,330,324,0,1,4,p_1.30.24_LL3f_mi,11
281,177,135,226,649,327,322,0,1,4,p_1.30.24_LL3f_mi,11
282,179,142,221,668,335,333,0,1,4,p_1.30.24_LL3f_mi,11
283,183,136,224,666,340,326,0,1,4,p_1.30.24_LL3f_mi,11
284,174,135,226,655,346,309,0,1,4,p_1.30.24_LL3f_mi,11
285,166,129,219,684,351,333,0,1,4,p_1.30.24_LL3f_mi,11
286,164,128,216,685,339,346,0,1,4,p_1.30.24_LL3f_mi,11
287,177,137,233,637,318,319,0,1,4,p_1.30.24_LL3f_mi,11
288,185,138,232,634,311,323,0,1,4,p_1.30.24_LL3f_mi,11
289,166,137,216,682,349,333,0,1,4,p_1.30.24_LL3f_mi,11
290,178,137,222,674,344,330,0,1,4,p_1.30.24_LL3f_mi,11
291,178,135,229,648,325,323,0,1,4,p_1.30.24_LL3f_mi,11
292,178,137,225,664,318,346,0,1,4,p_1.30.24_LL3f_mi,11
293,184,140,230,649,311,338,0,1,4,p_1.30.24_LL3f_mi,11
294,178,139,226,661,332,329,0,1,4,p_1.30.24_LL3f_mi,11
295,167,122,219,673,340,333,0,1,4,p_1.30.24_LL3f_mi,11
296,172,136,224,663,340,323,0,1,4,p_1.30.24_LL3f_mi,11
297,172,132,220,676,338,338,0,1,4,p_1.30.24_LL3f_mi,11
298,175,132,221,668,338,330,0,1,4,p_1.30.24_LL3f_mi,11
299,181,136,229,647,334,313,0,1,4,p_1.30.24_LL3f_mi,11
300,174,135,221,668,324,344,0,1,4,p_1.30.24_LL3f_mi,11
301,163,129,198,731,355,376,0,1,4,p_1.30.24_LL3f_mi,11
302,169,124,216,688,348,340,0,1,4,p_1.30.24_LL3f_mi,11
303,177,136,227,651,327,324,0,1,4,p_1.30.24_LL3f_mi,11
304,178,135,231,641,313,328,0,1,4,p_1.30.24_LL3f_mi,11
305,174,139,231,642,312,330,0,1,4,p_1.30.24_LL3f_mi,11
306,166,128,218,680,339,341,0,1,4,p_1.30.24_LL3f_mi,11
307,175,144,225,660,334,326,0,1,4,p_1.30.24_LL3f_mi,11
308,177,141,226,659,338,321,0,1,4,p_1.30.24_LL3f_mi,11
309,174,135,221,671,346,325,0,1,4,p_1.30.24_LL3f_mi,11
310,182,143,226,658,339,319,0,1,4,p_1.30.24_LL3f_mi,11
311,174,130,227,656,322,334,0,1,4,p_1.30.24_LL3f_mi,11
312,178,142,228,654,321,333,0,1,4,p_1.30.24_LL3f_mi,11
313,174,130,218,680,345,335,0,1,4,p_1.30.24_LL3f_mi,11
314,178,134,225,665,352,313,0,1,4,p_1.30.24_LL3f_mi,11
315,163,135,213,691,347,344,0,1,4,p_1.30.24_LL3f_mi,11
316,174,135,225,666,335,331,0,1,4,p_1.30.24_LL3f_mi,11
317,179,140,225,664,320,344,0,1,4,p_1.30.24_LL3f_mi,11
318,179,142,225,659,317,342,0,1,4,p_1.30.24_LL3f_mi,11
319,182,143,228,652,322,330,0,1,4,p_1.30.24_LL3f_mi,11
320,170,134,222,672,319,353,0,1,4,p_1.30.24_LL3f_mi,11
321,176,142,223,667,319,348,0,1,4,p_1.30.24_LL3f_mi,11
322,181,136,227,645,299,346,0,1,4,p_1.30.24_LL3f_mi,11
323,184,156,225,664,292,372,0,1,4,p_1.30.24_LL3f_mi,11
324,182,148,231,643,302,341,0,1,4,p_1.30.24_LL3f_mi,11
325,170,135,221,673,334,339,0,1,4,p_1.30.24_LL3f_mi,11
326,152,130,193,740,387,353,0,1,4,p_1.30.24_LL3f_mi,11
327,178,138,231,643,316,327,0,1,4,p_1.30.24_LL3f_mi,11
328,179,132,235,632,316,316,0,1,4,p_1.30.24_LL3f_mi,11
329,177,133,219,675,343,332,0,1,4,p_1.30.24_LL3f_mi,11
330,169,142,224,666,320,346,0,1,4,p_1.30.24_LL3f_mi,11
331,170,133,228,660,312,348,0,1,4,p_1.30.24_LL3f_mi,11
332,173,141,218,683,324,359,0,1,4,p_1.30.24_LL3f_mi,11
333,172,147,219,685,332,353,0,1,4,p_1.30.24_LL3f_mi,11
334,176,137,223,668,334,334,0,1,4,p_1.30.24_LL3f_mi,11
335,176,136,224,658,342,316,0,1,4,p_1.30.24_LL3f_mi,11
336,176,130,229,649,347,302,0,1,4,p_1.30.24_LL3f_mi,11
337,173,139,218,680,349,331,0,1,4,p_1.30.24_LL3f_mi,11
338,181,140,225,670,338,332,0,1,4,p_1.30.24_LL3f_mi,11
339,171,132,217,681,341,340,0,1,4,p_1.30.24_LL3f_mi,11
340,180,145,223,667,333,334,0,1,4,p_1.30.24_LL3f_mi,11
341,176,138,224,665,331,334,0,1,4,p_1.30.24_LL3f_mi,11
342,176,145,224,659,317,342,0,1,4,p_1.30.24_LL3f_mi,11
343,177,140,227,652,316,336,0,1,4,p_1.30.24_LL3f_mi,11
344,173,141,224,665,316,349,0,1,4,p_1.30.24_LL3f_mi,11
345,166,134,219,674,320,354,0,1,4,p_1.30.24_LL3f_mi,11
346,166,137,215,685,316,369,0,1,4,p_1.30.24_LL3f_mi,11
347,179,141,228,653,317,336,0,1,4,p_1.30.24_LL3f_mi,11
348,176,133,230,651,310,341,0,1,4,p_1.30.24_LL3f_mi,11
349,180,133,232,639,299,340,0,1,4,p_1.30.24_LL3f_mi,11
350,179,134,228,650,330,320,0,1,4,p_1.30.24_LL3f_mi,11
1,8,8,10,629,300,329,0,1,5,p_1.30.24_LL3f_mi,11
2,105,95,133,845,419,426,0,1,5,p_1.30.24_LL3f_mi,11
3,126,107,160,799,398,401,0,1,5,p_1.30.24_LL3f_mi,11
4,160,119,200,728,376,352,0,1,5,p_1.30.24_LL3f_mi,11
5,176,130,222,669,337,332,0,1,5,p_1.30.24_LL3f_mi,11
6,180,135,227,653,337,316,0,1,5,p_1.30.24_LL3f_mi,11
7,171,137,225,659,340,319,0,1,5,p_1.30.24_LL3f_mi,11
8,164,128,217,687,346,341,0,1,5,p_1.30.24_LL3f_mi,11
9,172,131,216,689,348,341,0,1,5,p_1.30.24_LL3f_mi,11
10,171,124,219,671,341,330,0,1,5,p_1.30.24_LL3f_mi,11
11,180,134,230,639,331,308,0,1,5,p_1.30.24_LL3f_mi,11
12,185,140,230,646,330,316,0,1,5,p_1.30.24_LL3f_mi,11
13,170,130,223,664,338,326,0,1,5,p_1.30.24_LL3f_mi,11
14,183,137,230,639,325,314,0,1,5,p_1.30.24_LL3f_mi,11
15,179,140,227,650,324,326,0,1,5,p_1.30.24_LL3f_mi,11
16,166,133,214,697,346,351,0,1,5,p_1.30.24_LL3f_mi,11
17,174,143,216,689,357,332,0,1,5,p_1.30.24_LL3f_mi,11
18,177,138,227,662,333,329,0,1,5,p_1.30.24_LL3f_mi,11
19,169,138,226,660,333,327,0,1,5,p_1.30.24_LL3f_mi,11
20,175,137,225,660,337,323,0,1,5,p_1.30.24_LL3f_mi,11
21,171,129,218,679,351,328,0,1,5,p_1.30.24_LL3f_mi,11
22,163,125,216,688,350,338,0,1,5,p_1.30.24_LL3f_mi,11
23,174,138,220,670,328,342,0,1,5,p_1.30.24_LL3f_mi,11
24,170,137,224,661,323,338,0,1,5,p_1.30.24_LL3f_mi,11
25,180,134,225,660,332,328,0,1,5,p_1.30.24_LL3f_mi,11
26,158,133,208,710,343,367,0,1,5,p_1.30.24_LL3f_mi,11
27,172,134,220,676,326,350,0,1,5,p_1.30.24_LL3f_mi,11
28,165,130,222,675,329,346,0,1,5,p_1.30.24_LL3f_mi,11
29,175,133,229,646,331,315,0,1,5,p_1.30.24_LL3f_mi,11
30,183,135,230,637,331,306,0,1,5,p_1.30.24_LL3f_mi,11
31,171,135,227,656,332,324,0,1,5,p_1.30.24_LL3f_mi,11
32,175,137,222,671,336,335,0,1,5,p_1.30.24_LL3f_mi,11
33,176,137,221,674,321,353,0,1,5,p_1.30.24_LL3f_mi,11
34,177,138,227,649,304,345,0,1,5,p_1.30.24_LL3f_mi,11
35,179,132,224,664,312,352,0,1,5,p_1.30.24_LL3f_mi,11
36,173,142,220,679,329,350,0,1,5,p_1.30.24_LL3f_mi,11
37,179,141,231,644,311,333,0,1,5,p_1.30.24_LL3f_mi,11
38,179,142,222,669,336,333,0,1,5,p_1.30.24_LL3f_mi,11
39,168,133,220,678,340,338,0,1,5,p_1.30.24_LL3f_mi,11
40,175,137,221,671,335,336,0,1,5,p_1.30.24_LL3f_mi,11
41,172,132,221,680,336,344,0,1,5,p_1.30.24_LL3f_mi,11
42,169,135,222,671,328,343,0,1,5,p_1.30.24_LL3f_mi,11
43,178,147,222,674,335,339,0,1,5,p_1.30.24_LL3f_mi,11
44,161,125,218,684,341,343,0,1,5,p_1.30.24_LL3f_mi,11
45,168,127,218,681,333,348,0,1,5,p_1.30.24_LL3f_mi,11
46,169,135,212,695,346,349,0,1,5,p_1.30.24_LL3f_mi,11
47,180,147,227,659,325,334,0,1,5,p_1.30.24_LL3f_mi,11
48,175,134,222,668,311,357,0,1,5,p_1.30.24_LL3f_mi,11
49,175,145,223,668,318,350,0,1,5,p_1.30.24_LL3f_mi,11
50,165,127,221,672,342,330,0,1,5,p_1.30.24_LL3f_mi,11
51,159,128,208,709,360,349,0,1,5,p_1.30.24_LL3f_mi,11
52,163,129,214,693,353,340,0,1,5,p_1.30.24_LL3f_mi,11
53,181,139,228,651,324,327,0,1,5,p_1.30.24_LL3f_mi,11
54,171,141,217,683,351,332,0,1,5,p_1.30.24_LL3f_mi,11
55,178,140,229,645,328,317,0,1,5,p_1.30.24_LL3f_mi,11
56,172,135,222,671,332,339,0,1,5,p_1.30.24_LL3f_mi,11
57,180,139,229,645,318,327,0,1,5,p_1.30.24_LL3f_mi,11
58,178,135,225,657,332,325,0,1,5,p_1.30.24_LL3f_mi,11
59,174,134,226,657,315,342,0,1,5,p_1.30.24_LL3f_mi,11
60,173,134,226,662,321,341,0,1,5,p_1.30.24_LL3f_mi,11
61,166,124,216,684,352,332,0,1,5,p_1.30.24_LL3f_mi,11
62,176,136,225,662,323,339,0,1,5,p_1.30.24_LL3f_mi,11
63,189,141,235,630,319,311,0,1,5,p_1.30.24_LL3f_mi,11
64,172,134,226,660,357,303,0,1,5,p_1.30.24_LL3f_mi,11
65,170,132,215,685,368,317,0,1,5,p_1.30.24_LL3f_mi,11
66,170,132,217,682,366,316,0,1,5,p_1.30.24_LL3f_mi,11
67,182,135,230,644,334,310,0,1,5,p_1.30.24_LL3f_mi,11
68,171,138,225,657,348,309,0,1,5,p_1.30.24_LL3f_mi,11
69,173,144,227,654,329,325,0,1,5,p_1.30.24_LL3f_mi,11
70,167,137,223,666,336,330,0,1,5,p_1.30.24_LL3f_mi,11
71,173,131,223,666,327,339,0,1,5,p_1.30.24_LL3f_mi,11
72,167,130,222,669,330,339,0,1,5,p_1.30.24_LL3f_mi,11
73,173,134,225,668,332,336,0,1,5,p_1.30.24_LL3f_mi,11
74,176,131,226,660,332,328,0,1,5,p_1.30.24_LL3f_mi,11
75,174,145,223,661,333,328,0,1,5,p_1.30.24_LL3f_mi,11
76,164,138,211,697,362,335,0,1,5,p_1.30.24_LL3f_mi,11
77,174,132,228,645,335,310,0,1,5,p_1.30.24_LL3f_mi,11
78,180,143,225,654,328,326,0,1,5,p_1.30.24_LL3f_mi,11
79,180,138,230,649,326,323,0,1,5,p_1.30.24_LL3f_mi,11
80,175,134,222,669,328,341,0,1,5,p_1.30.24_LL3f_mi,11
81,169,139,219,680,333,347,0,1,5,p_1.30.24_LL3f_mi,11
82,174,136,224,665,330,335,0,1,5,p_1.30.24_LL3f_mi,11
83,175,133,227,649,319,330,0,1,5,p_1.30.24_LL3f_mi,11
84,182,138,230,643,312,331,0,1,5,p_1.30.24_LL3f_mi,11
85,175,141,221,671,322,349,0,1,5,p_1.30.24_LL3f_mi,11
86,167,134,216,690,340,350,0,1,5,p_1.30.24_LL3f_mi,11
87,167,135,212,696,349,347,0,1,5,p_1.30.24_LL3f_mi,11
88,172,138,222,677,361,316,0,1,5,p_1.30.24_LL3f_mi,11
89,174,135,225,661,341,320,0,1,5,p_1.30.24_LL3f_mi,11
90,184,139,229,649,323,326,0,1,5,p_1.30.24_LL3f_mi,11
91,182,133,235,623,314,309,0,1,5,p_1.30.24_LL3f_mi,11
92,177,141,226,662,326,336,0,1,5,p_1.30.24_LL3f_mi,11
93,164,134,217,684,339,345,0,1,5,p_1.30.24_LL3f_mi,11
94,179,142,227,656,334,322,0,1,5,p_1.30.24_LL3f_mi,11
95,177,136,226,659,334,325,0,1,5,p_1.30.24_LL3f_mi,11
96,177,132,224,661,342,319,0,1,5,p_1.30.24_LL3f_mi,11
97,178,135,226,656,326,330,0,1,5,p_1.30.24_LL3f_mi,11
98,176,137,228,647,322,325,0,1,5,p_1.30.24_LL3f_mi,11
99,171,135,218,684,342,342,0,1,5,p_1.30.24_LL3f_mi,11
100,151,127,187,673,335,338,0,1,5,p_1.30.24_LL3f_mi,11
101,115,93,144,679,340,339,0,1,5,p_1.30.24_LL3f_mi,11
102,123,100,157,577,271,306,0,1,5,p_1.30.24_LL3f_mi,11
103,118,98,149,514,241,273,0,1,5,p_1.30.24_LL3f_mi,11
104,97,79,123,487,226,261,0,1,5,p_1.30.24_LL3f_mi,11
105,80,74,100,454,204,250,0,1,5,p_1.30.24_LL3f_mi,11
106,73,65,96,382,175,207,0,1,5,p_1.30.24_LL3f_mi,11
107,68,58,87,321,146,175,0,1,5,p_1.30.24_LL3f_mi,11
108,48,38,64,291,125,166,0,1,5,p_1.30.24_LL3f_mi,11
109,32,30,45,246,111,135,0,1,5,p_1.30.24_LL3f_mi,11
110,26,19,33,203,101,102,0,1,5,p_1.30.24_LL3f_mi,11
111,30,25,37,178,82,96,0,1,5,p_1.30.24_LL3f_mi,11
112,31,27,39,152,73,79,0,1,5,p_1.30.24_LL3f_mi,11
113,29,26,36,136,73,63,0,1,5,p_1.30.24_LL3f_mi,11
114,24,17,34,113,56,57,0,1,5,p_1.30.24_LL3f_mi,11
115,29,23,35,113,49,64,0,1,5,p_1.30.24_LL3f_mi,11
116,26,22,36,110,45,65,0,1,5,p_1.30.24_LL3f_mi,11
117,24,22,33,105,47,58,0,1,5,p_1.30.24_LL3f_mi,11
118,28,24,34,119,57,62,0,1,5,p_1.30.24_LL3f_mi,11
119,26,19,34,111,56,55,0,1,5,p_1.30.24_LL3f_mi,11
120,28,21,32,92,42,50,0,1,5,p_1.30.24_LL3f_mi,11
121,25,20,33,99,42,57,0,1,5,p_1.30.24_LL3f_mi,11
122,24,18,32,101,42,59,0,1,5,p_1.30.24_LL3f_mi,11
123,22,18,31,92,43,49,0,1,5,p_1.30.24_LL3f_mi,11
124,25,18,32,92,43,49,0,1,5,p_1.30.24_LL3f_mi,11
125,24,20,36,125,59,66,16,1,5,p_1.30.24_LL3f_mi,11
126,28,22,36,124,59,65,8,1,5,p_1.30.24_LL3f_mi,11
127,27,20,35,112,54,58,4,1,5,p_1.30.24_LL3f_mi,11
128,27,23,34,109,53,56,2,1,5,p_1.30.24_LL3f_mi,11
129,23,22,32,105,50,55,0,1,5,p_1.30.24_LL3f_mi,11
130,26,20,33,93,46,47,0,1,5,p_1.30.24_LL3f_mi,11
131,28,21,33,98,46,52,0,1,5,p_1.30.24_LL3f_mi,11
132,25,19,31,92,46,46,0,1,5,p_1.30.24_LL3f_mi,11
133,27,20,34,96,54,42,0,1,5,p_1.30.24_LL3f_mi,11
134,27,22,34,97,56,41,0,1,5,p_1.30.24_LL3f_mi,11
135,24,19,31,98,56,42,0,1,5,p_1.30.24_LL3f_mi,11
136,24,20,33,97,52,45,0,1,5,p_1.30.24_LL3f_mi,11
137,26,20,32,99,48,51,0,1,5,p_1.30.24_LL3f_mi,11
138,26,20,33,96,43,53,0,1,5,p_1.30.24_LL3f_mi,11
139,28,21,35,99,48,51,0,1,5,p_1.30.24_LL3f_mi,11
140,27,21,38,123,55,68,15,1,5,p_1.30.24_LL3f_mi,11
141,28,20,35,121,61,60,13,1,5,p_1.30.24_LL3f_mi,11
142,29,21,36,113,51,62,6,1,5,p_1.30.24_LL3f_mi,11
143,23,22,35,110,46,64,2,1,5,p_1.30.24_LL3f_mi,11
144,29,24,36,104,44,60,0,1,5,p_1.30.24_LL3f_mi,11
145,25,22,33,104,49,55,0,1,5,p_1.30.24_LL3f_mi,11
146,29,23,33,97,48,49,0,1,5,p_1.30.24_LL3f_mi,11
147,26,20,32,97,48,49,0,1,5,p_1.30.24_LL3f_mi,11
148,27,21,36,106,53,53,0,1,5,p_1.30.24_LL3f_mi,11
149,27,20,34,100,49,51,0,1,5,p_1.30.24_LL3f_mi,11
150,26,23,33,97,46,51,0,1,5,p_1.30.24_LL3f_mi,11
151,54,36,78,112,57,55,0,1,5,p_1.30.24_LL3f_mi,11
152,71,49,101,159,81,78,0,1,5,p_1.30.24_LL3f_mi,11
153,83,54,122,209,95,114,0,1,5,p_1.30.24_LL3f_mi,11
154,110,82,145,276,128,148,0,1,5,p_1.30.24_LL3f_mi,11
155,121,86,160,368,183,185,16,1,5,p_1.30.24_LL3f_mi,11
156,139,96,179,391,209,182,13,1,5,p_1.30.24_LL3f_mi,11
157,154,107,194,447,240,207,4,1,5,p_1.30.24_LL3f_mi,11
158,166,126,211,500,258,242,1,1,5,p_1.30.24_LL3f_mi,11
159,173,131,224,556,281,275,1,1,5,p_1.30.24_LL3f_mi,11
160,182,135,237,613,317,296,1,1,5,p_1.30.24_LL3f_mi,11
161,186,147,230,640,314,326,0,1,5,p_1.30.24_LL3f_mi,11
162,175,143,228,648,324,324,0,1,5,p_1.30.24_LL3f_mi,11
163,166,134,215,692,351,341,0,1,5,p_1.30.24_LL3f_mi,11
164,170,131,218,687,338,349,0,1,5,p_1.30.24_LL3f_mi,11
165,175,134,222,669,325,344,0,1,5,p_1.30.24_LL3f_mi,11
166,182,145,236,623,299,324,0,1,5,p_1.30.24_LL3f_mi,11
167,175,132,229,651,318,333,0,1,5,p_1.30.24_LL3f_mi,11
168,182,137,232,639,312,327,0,1,5,p_1.30.24_LL3f_mi,11
169,172,127,229,648,312,336,0,1,5,p_1.30.24_LL3f_mi,11
170,165,133,211,692,330,362,16,1,5,p_1.30.24_LL3f_mi,11
171,181,139,226,660,318,342,12,1,5,p_1.30.24_LL3f_mi,11
172,178,128,227,659,329,330,8,1,5,p_1.30.24_LL3f_mi,11
173,177,139,225,653,324,329,2,1,5,p_1.30.24_LL3f_mi,11
174,173,136,226,655,341,314,1,1,5,p_1.30.24_LL3f_mi,11
175,165,123,216,683,359,324,0,1,5,p_1.30.24_LL3f_mi,11
176,160,132,209,703,349,354,0,1,5,p_1.30.24_LL3f_mi,11
177,177,144,219,677,314,363,0,1,5,p_1.30.24_LL3f_mi,11
178,170,135,224,664,299,365,0,1,5,p_1.30.24_LL3f_mi,11
179,167,134,222,666,306,360,0,1,5,p_1.30.24_LL3f_mi,11
180,178,150,228,656,313,343,0,1,5,p_1.30.24_LL3f_mi,11
181,169,138,221,667,315,352,0,1,5,p_1.30.24_LL3f_mi,11
182,174,138,225,668,323,345,0,1,5,p_1.30.24_LL3f_mi,11
183,175,137,223,667,317,350,0,1,5,p_1.30.24_LL3f_mi,11
184,173,138,222,673,328,345,0,1,5,p_1.30.24_LL3f_mi,11
185,174,134,220,675,332,343,0,1,5,p_1.30.24_LL3f_mi,11
186,189,140,232,642,307,335,0,1,5,p_1.30.24_LL3f_mi,11
187,175,139,231,650,322,328,0,1,5,p_1.30.24_LL3f_mi,11
188,180,140,233,643,325,318,0,1,5,p_1.30.24_LL3f_mi,11
189,183,144,225,667,338,329,0,1,5,p_1.30.24_LL3f_mi,11
190,172,136,221,669,329,340,0,1,5,p_1.30.24_LL3f_mi,11
191,175,142,220,681,337,344,0,1,5,p_1.30.24_LL3f_mi,11
192,176,137,225,661,326,335,0,1,5,p_1.30.24_LL3f_mi,11
193,173,137,222,666,329,337,0,1,5,p_1.30.24_LL3f_mi,11
194,168,132,217,685,341,344,0,1,5,p_1.30.24_LL3f_mi,11
195,164,128,219,675,342,333,0,1,5,p_1.30.24_LL3f_mi,11
196,170,134,222,662,326,336,0,1,5,p_1.30.24_LL3f_mi,11
197,180,141,232,639,304,335,0,1,5,p_1.30.24_LL3f_mi,11
198,178,145,223,669,330,339,0,1,5,p_1.30.24_LL3f_mi,11
199,178,141,229,649,338,311,0,1,5,p_1.30.24_LL3f_mi,11
200,163,135,215,685,352,333,0,1,5,p_1.30.24_LL3f_mi,11
201,157,120,205,710,367,343,0,1,5,p_1.30.24_LL3f_mi,11
202,178,132,228,649,327,322,0,1,5,p_1.30.24_LL3f_mi,11
203,173,133,229,645,315,330,0,1,5,p_1.30.24_LL3f_mi,11
204,179,132,230,654,322,332,0,1,5,p_1.30.24_LL3f_mi,11
205,171,132,224,662,317,345,0,1,5,p_1.30.24_LL3f_mi,11
206,178,132,220,671,317,354,0,1,5,p_1.30.24_LL3f_mi,11
207,181,133,232,640,300,340,0,1,5,p_1.30.24_LL3f_mi,11
208,179,137,229,642,317,325,0,1,5,p_1.30.24_LL3f_mi,11
209,168,134,217,686,347,339,0,1,5,p_1.30.24_LL3f_mi,11
210,172,134,223,672,335,337,0,1,5,p_1.30.24_LL3f_mi,11
211,174,128,220,669,346,323,0,1,5,p_1.30.24_LL3f_mi,11
212,175,140,221,675,340,335,0,1,5,p_1.30.24_LL3f_mi,11
213,178,140,224,659,322,337,0,1,5,p_1.30.24_LL3f_mi,11
214,178,138,230,654,321,333,0,1,5,p_1.30.24_LL3f_mi,11
215,163,130,213,690,336,354,0,1,5,p_1.30.24_LL3f_mi,11
216,182,138,226,655,325,330,0,1,5,p_1.30.24_LL3f_mi,11
217,174,132,224,655,332,323,0,1,5,p_1.30.24_LL3f_mi,11
218,184,150,228,651,313,338,0,1,5,p_1.30.24_LL3f_mi,11
219,175,146,227,657,310,347,0,1,5,p_1.30.24_LL3f_mi,11
220,175,134,220,672,338,334,0,1,5,p_1.30.24_LL3f_mi,11
221,171,130,223,663,339,324,0,1,5,p_1.30.24_LL3f_mi,11
222,170,131,222,671,331,340,0,1,5,p_1.30.24_LL3f_mi,11
223,179,139,226,655,302,353,0,1,5,p_1.30.24_LL3f_mi,11
224,179,140,231,642,316,326,0,1,5,p_1.30.24_LL3f_mi,11
225,183,146,230,647,327,320,0,1,5,p_1.30.24_LL3f_mi,11
226,153,125,201,723,361,362,0,1,5,p_1.30.24_LL3f_mi,11
227,177,135,224,665,326,339,0,1,5,p_1.30.24_LL3f_mi,11
228,170,133,218,683,332,351,0,1,5,p_1.30.24_LL3f_mi,11
229,172,130,222,674,334,340,0,1,5,p_1.30.24_LL3f_mi,11
230,168,136,226,660,326,334,0,1,5,p_1.30.24_LL3f_mi,11
231,179,136,234,632,321,311,0,1,5,p_1.30.24_LL3f_mi,11
232,178,134,226,659,326,333,0,1,5,p_1.30.24_LL3f_mi,11
233,178,143,223,666,312,354,0,1,5,p_1.30.24_LL3f_mi,11
234,171,140,218,679,302,377,0,1,5,p_1.30.24_LL3f_mi,11
235,178,135,232,639,282,357,0,1,5,p_1.30.24_LL3f_mi,11
236,181,133,230,646,306,340,0,1,5,p_1.30.24_LL3f_mi,11
237,182,136,227,651,324,327,0,1,5,p_1.30.24_LL3f_mi,11
238,172,132,225,659,318,341,0,1,5,p_1.30.24_LL3f_mi,11
239,171,136,216,686,326,360,0,1,5,p_1.30.24_LL3f_mi,11
240,165,124,218,682,340,342,0,1,5,p_1.30.24_LL3f_mi,11
241,175,140,234,628,311,317,0,1,5,p_1.30.24_LL3f_mi,11
242,173,137,224,656,330,326,0,1,5,p_1.30.24_LL3f_mi,11
243,170,133,220,675,348,327,0,1,5,p_1.30.24_LL3f_mi,11
244,168,139,217,686,340,346,0,1,5,p_1.30.24_LL3f_mi,11
245,168,133,220,675,324,351,0,1,5,p_1.30.24_LL3f_mi,11
246,173,129,223,666,317,349,0,1,5,p_1.30.24_LL3f_mi,11
247,175,134,226,658,323,335,0,1,5,p_1.30.24_LL3f_mi,11
248,171,134,223,670,327,343,0,1,5,p_1.30.24_LL3f_mi,11
249,173,135,219,678,340,338,0,1,5,p_1.30.24_LL3f_mi,11
250,173,136,225,661,329,332,0,1,5,p_1.30.24_LL3f_mi,11
251,152,121,197,734,378,356,0,1,5,p_1.30.24_LL3f_mi,11
252,175,138,218,679,356,323,0,1,5,p_1.30.24_LL3f_mi,11
253,172,129,228,650,336,314,0,1,5,p_1.30.24_LL3f_mi,11
254,179,129,229,654,344,310,0,1,5,p_1.30.24_LL3f_mi,11
255,182,132,235,638,326,312,0,1,5,p_1.30.24_LL3f_mi,11
256,183,145,229,650,321,329,0,1,5,p_1.30.24_LL3f_mi,11
257,175,132,218,682,331,351,0,1,5,p_1.30.24_LL3f_mi,11
258,165,131,215,685,340,345,0,1,5,p_1.30.24_LL3f_mi,11
259,178,133,223,668,342,326,0,1,5,p_1.30.24_LL3f_mi,11
260,183,142,235,627,311,316,0,1,5,p_1.30.24_LL3f_mi,11
261,182,133,229,657,334,323,0,1,5,p_1.30.24_LL3f_mi,11
262,171,133,218,684,354,330,0,1,5,p_1.30.24_LL3f_mi,11
263,171,134,225,665,332,333,0,1,5,p_1.30.24_LL3f_mi,11
264,169,130,226,658,312,346,0,1,5,p_1.30.24_LL3f_mi,11
265,181,147,228,651,321,330,0,1,5,p_1.30.24_LL3f_mi,11
266,180,138,233,637,316,321,0,1,5,p_1.30.24_LL3f_mi,11
267,168,133,218,677,341,336,0,1,5,p_1.30.24_LL3f_mi,11
268,171,129,221,672,351,321,0,1,5,p_1.30.24_LL3f_mi,11
269,164,130,213,691,353,338,0,1,5,p_1.30.24_LL3f_mi,11
270,175,136,226,658,326,332,0,1,5,p_1.30.24_LL3f_mi,11
271,176,135,232,636,310,326,0,1,5,p_1.30.24_LL3f_mi,11
272,180,138,227,654,306,348,0,1,5,p_1.30.24_LL3f_mi,11
273,167,129,220,675,313,362,0,1,5,p_1.30.24_LL3f_mi,11
274,179,141,224,663,313,350,0,1,5,p_1.30.24_LL3f_mi,11
275,183,140,230,647,312,335,0,1,5,p_1.30.24_LL3f_mi,11
276,157,126,201,728,357,371,0,1,5,p_1.30.24_LL3f_mi,11
277,187,147,234,637,318,319,0,1,5,p_1.30.24_LL3f_mi,11
278,175,137,231,644,320,324,0,1,5,p_1.30.24_LL3f_mi,11
279,189,147,237,630,300,330,0,1,5,p_1.30.24_LL3f_mi,11
280,170,137,226,657,336,321,0,1,5,p_1.30.24_LL3f_mi,11
281,173,137,219,680,350,330,0,1,5,p_1.30.24_LL3f_mi,11
282,176,129,223,670,358,312,0,1,5,p_1.30.24_LL3f_mi,11
283,163,135,211,701,387,314,0,1,5,p_1.30.24_LL3f_mi,11
284,172,134,220,677,345,332,0,1,5,p_1.30.24_LL3f_mi,11
285,181,140,237,627,316,311,0,1,5,p_1.30.24_LL3f_mi,11
286,178,141,225,667,334,333,0,1,5,p_1.30.24_LL3f_mi,11
287,169,127,223,657,329,328,0,1,5,p_1.30.24_LL3f_mi,11
288,173,131,227,654,333,321,0,1,5,p_1.30.24_LL3f_mi,11
289,171,135,221,670,331,339,0,1,5,p_1.30.24_LL3f_mi,11
290,182,139,233,640,314,326,0,1,5,p_1.30.24_LL3f_mi,11
291,172,134,220,681,336,345,0,1,5,p_1.30.24_LL3f_mi,11
292,177,138,226,649,304,345,0,1,5,p_1.30.24_LL3f_mi,11
293,168,137,223,667,334,333,0,1,5,p_1.30.24_LL3f_mi,11
294,177,141,226,658,318,340,0,1,5,p_1.30.24_LL3f_mi,11
295,185,134,238,624,311,313,0,1,5,p_1.30.24_LL3f_mi,11
296,177,135,227,654,324,330,0,1,5,p_1.30.24_LL3f_mi,11
297,178,138,224,662,336,326,0,1,5,p_1.30.24_LL3f_mi,11
298,183,136,227,654,346,308,0,1,5,p_1.30.24_LL3f_mi,11
299,179,137,227,657,341,316,0,1,5,p_1.30.24_LL3f_mi,11
300,175,133,228,651,337,314,0,1,5,p_1.30.24_LL3f_mi,11
301,163,125,204,716,367,349,0,1,5,p_1.30.24_LL3f_mi,11
302,172,136,215,693,361,332,0,1,5,p_1.30.24_LL3f_mi,11
303,171,141,219,675,353,322,0,1,5,p_1.30.24_LL3f_mi,11
304,172,135,225,659,323,336,0,1,5,p_1.30.24_LL3f_mi,11
305,174,135,220,677,328,349,0,1,5,p_1.30.24_LL3f_mi,11
306,171,136,223,664,312,352,0,1,5,p_1.30.24_LL3f_mi,11
307,175,138,222,671,325,346,0,1,5,p_1.30.24_LL3f_mi,11
308,170,137,218,684,329,355,0,1,5,p_1.30.24_LL3f_mi,11
309,180,135,226,659,319,340,0,1,5,p_1.30.24_LL3f_mi,11
310,175,141,225,659,319,340,0,1,5,p_1.30.24_LL3f_mi,11
311,185,139,232,638,316,322,0,1,5,p_1.30.24_LL3f_mi,11
312,170,126,222,669,333,336,0,1,5,p_1.30.24_LL3f_mi,11
313,172,137,214,691,344,347,0,1,5,p_1.30.24_LL3f_mi,11
314,175,136,221,669,334,335,0,1,5,p_1.30.24_LL3f_mi,11
315,173,136,224,663,332,331,0,1,5,p_1.30.24_LL3f_mi,11
316,176,143,225,666,323,343,0,1,5,p_1.30.24_LL3f_mi,11
317,170,141,215,686,326,360,0,1,5,p_1.30.24_LL3f_mi,11
318,176,135,230,644,295,349,0,1,5,p_1.30.24_LL3f_mi,11
319,172,142,222,662,313,349,0,1,5,p_1.30.24_LL3f_mi,11
320,178,142,224,660,330,330,0,1,5,p_1.30.24_LL3f_mi,11
321,177,137,227,658,318,340,0,1,5,p_1.30.24_LL3f_mi,11
322,167,133,215,689,349,340,0,1,5,p_1.30.24_LL3f_mi,11
323,170,132,221,663,338,325,0,1,5,p_1.30.24_LL3f_mi,11
324,176,133,224,664,342,322,0,1,5,p_1.30.24_LL3f_mi,11
325,178,140,221,670,357,313,0,1,5,p_1.30.24_LL3f_mi,11
326,164,120,210,706,369,337,0,1,5,p_1.30.24_LL3f_mi,11
327,178,135,223,664,344,320,0,1,5,p_1.30.24_LL3f_mi,11
328,167,141,226,656,326,330,0,1,5,p_1.30.24_LL3f_mi,11
329,176,138,222,670,319,351,0,1,5,p_1.30.24_LL3f_mi,11
330,169,126,213,699,347,352,0,1,5,p_1.30.24_LL3f_mi,11
331,162,125,214,689,358,331,0,1,5,p_1.30.24_LL3f_mi,11
332,171,128,219,680,349,331,0,1,5,p_1.30.24_LL3f_mi,11
333,173,136,223,676,343,333,0,1,5,p_1.30.24_LL3f_mi,11
334,181,146,227,659,321,338,0,1,5,p_1.30.24_LL3f_mi,11
335,185,139,230,647,310,337,0,1,5,p_1.30.24_LL3f_mi,11
336,175,148,225,661,326,335,0,1,5,p_1.30.24_LL3f_mi,11
337,171,132,218,679,343,336,0,1,5,p_1.30.24_LL3f_mi,11
338,174,140,223,665,320,345,0,1,5,p_1.30.24_LL3f_mi,11
339,170,129,218,681,328,353,0,1,5,p_1.30.24_LL3f_mi,11
340,181,131,230,645,319,326,0,1,5,p_1.30.24_LL3f_mi,11
341,187,145,232,632,314,318,0,1,5,p_1.30.24_LL3f_mi,11
342,167,124,219,682,342,340,0,1,5,p_1.30.24_LL3f_mi,11
343,175,131,225,666,332,334,0,1,5,p_1.30.24_LL3f_mi,11
344,170,132,221,673,350,323,0,1,5,p_1.30.24_LL3f_mi,11
345,172,131,231,646,339,307,0,1,5,p_1.30.24_LL3f_mi,11
346,182,136,228,657,327,330,0,1,5,p_1.30.24_LL3f_mi,11
347,172,131,226,654,327,327,0,1,5,p_1.30.24_LL3f_mi,11
348,176,137,223,665,328,337,0,1,5,p_1.30.24_LL3f_mi,11
349,170,132,220,677,345,332,0,1,5,p_1.30.24_LL3f_mi,11
350,173,132,225,657,336,321,0,1,5,p_1.30.24_LL3f_mi,11
1,7,6,9,605,312,293,0,1,1,p_1.30.24_LL3f_mi,12
2,84,70,110,872,452,420,0,1,1,p_1.30.24_LL3f_mi,12
3,128,110,163,797,430,367,0,1,1,p_1.30.24_LL3f_mi,12
4,160,132,208,709,382,327,0,1,1,p_1.30.24_LL3f_mi,12
5,180,143,228,654,338,316,0,1,1,p_1.30.24_LL3f_mi,12
6,187,142,234,624,311,313,0,1,1,p_1.30.24_LL3f_mi,12
7,178,130,230,648,330,318,0,1,1,p_1.30.24_LL3f_mi,12
8,170,139,225,661,344,317,0,1,1,p_1.30.24_LL3f_mi,12
9,181,142,229,645,336,309,0,1,1,p_1.30.24_LL3f_mi,12
10,175,134,228,648,317,331,0,1,1,p_1.30.24_LL3f_mi,12
11,177,137,221,680,312,368,0,1,1,p_1.30.24_LL3f_mi,12
12,179,136,223,667,311,356,0,1,1,p_1.30.24_LL3f_mi,12
13,183,138,222,669,318,351,0,1,1,p_1.30.24_LL3f_mi,12
14,174,132,224,659,311,348,0,1,1,p_1.30.24_LL3f_mi,12
15,179,142,223,664,338,326,0,1,1,p_1.30.24_LL3f_mi,12
16,163,130,214,691,354,337,0,1,1,p_1.30.24_LL3f_mi,12
17,177,126,227,654,326,328,0,1,1,p_1.30.24_LL3f_mi,12
18,185,137,229,656,333,323,0,1,1,p_1.30.24_LL3f_mi,12
19,174,135,221,677,327,350,0,1,1,p_1.30.24_LL3f_mi,12
20,179,135,228,652,323,329,0,1,1,p_1.30.24_LL3f_mi,12
21,163,127,220,673,324,349,0,1,1,p_1.30.24_LL3f_mi,12
22,173,137,230,638,306,332,0,1,1,p_1.30.24_LL3f_mi,12
23,187,141,234,643,324,319,0,1,1,p_1.30.24_LL3f_mi,12
24,172,136,220,673,325,348,0,1,1,p_1.30.24_LL3f_mi,12
25,176,130,217,682,340,342,0,1,1,p_1.30.24_LL3f_mi,12
26,163,139,209,703,339,364,0,1,1,p_1.30.24_LL3f_mi,12
27,168,137,224,664,315,349,0,1,1,p_1.30.24_LL3f_mi,12
28,184,144,229,651,321,330,0,1,1,p_1.30.24_LL3f_mi,12
29,176,139,225,659,335,324,0,1,1,p_1.30.24_LL3f_mi,12
30,169,131,222,677,349,328,0,1,1,p_1.30.24_LL3f_mi,12
31,169,133,222,667,340,327,0,1,1,p_1.30.24_LL3f_mi,12
32,184,133,234,634,305,329,0,1,1,p_1.30.24_LL3f_mi,12
33,175,131,229,645,313,332,0,1,1,p_1.30.24_LL3f_mi,12
34,170,147,218,678,324,354,0,1,1,p_1.30.24_LL3f_mi,12
35,175,133,220,681,328,353,0,1,1,p_1.30.24_LL3f_mi,12
36,167,130,214,690,324,366,0,1,1,p_1.30.24_LL3f_mi,12
37,171,136,223,666,324,342,0,1,1,p_1.30.24_LL3f_mi,12
38,180,135,226,654,323,331,0,1,1,p_1.30.24_LL3f_mi,12
39,171,134,223,663,341,322,0,1,1,p_1.30.24_LL3f_mi,12
40,166,128,217,686,355,331,0,1,1,p_1.30.24_LL3f_mi,12
41,175,143,221,669,343,326,0,1,1,p_1.30.24_LL3f_mi,12
42,167,134,220,673,339,334,0,1,1,p_1.30.24_LL3f_mi,12
43,168,137,221,674,327,347,0,1,1,p_1.30.24_LL3f_mi,12
44,174,135,224,665,323,342,0,1,1,p_1.30.24_LL3f_mi,12
45,176,136,224,664,306,358,0,1,1,p_1.30.24_LL3f_mi,12
46,170,139,214,688,320,368,0,1,1,p_1.30.24_LL3f_mi,12
47,180,143,233,627,284,343,0,1,1,p_1.30.24_LL3f_mi,12
48,185,137,234,626,303,323,0,1,1,p_1.30.24_LL3f_mi,12
49,184,143,226,663,322,341,0,1,1,p_1.30.24_LL3f_mi,12
50,166,139,216,687,332,355,0,1,1,p_1.30.24_LL3f_mi,12
51,158,128,198,731,354,377,0,1,1,p_1.30.24_LL3f_mi,12
52,178,141,226,659,326,333,0,1,1,p_1.30.24_LL3f_mi,12
53,179,133,230,650,322,328,0,1,1,p_1.30.24_LL3f_mi,12
54,177,131,221,669,353,316,0,1,1,p_1.30.24_LL3f_mi,12
55,180,139,229,650,329,321,0,1,1,p_1.30.24_LL3f_mi,12
56,173,134,228,653,330,323,0,1,1,p_1.30.24_LL3f_mi,12
57,183,146,229,649,314,335,0,1,1,p_1.30.24_LL3f_mi,12
58,180,136,229,656,309,347,0,1,1,p_1.30.24_LL3f_mi,12
59,170,138,221,670,333,337,0,1,1,p_1.30.24_LL3f_mi,12
60,185,136,226,661,334,327,0,1,1,p_1.30.24_LL3f_mi,12
61,179,141,227,653,338,315,0,1,1,p_1.30.24_LL3f_mi,12
62,173,130,219,678,373,305,0,1,1,p_1.30.24_LL3f_mi,12
63,174,135,219,680,366,314,0,1,1,p_1.30.24_LL3f_mi,12
64,167,131,214,686,379,307,0,1,1,p_1.30.24_LL3f_mi,12
65,171,133,218,680,358,322,0,1,1,p_1.30.24_LL3f_mi,12
66,174,141,228,649,351,298,0,1,1,p_1.30.24_LL3f_mi,12
67,176,135,229,651,329,322,0,1,1,p_1.30.24_LL3f_mi,12
68,182,139,233,642,317,325,0,1,1,p_1.30.24_LL3f_mi,12
69,172,130,215,692,334,358,0,1,1,p_1.30.24_LL3f_mi,12
70,176,141,222,666,316,350,0,1,1,p_1.30.24_LL3f_mi,12
71,166,129,216,683,323,360,0,1,1,p_1.30.24_LL3f_mi,12
72,176,129,222,674,327,347,0,1,1,p_1.30.24_LL3f_mi,12
73,170,131,221,674,320,354,0,1,1,p_1.30.24_LL3f_mi,12
74,173,138,223,664,304,360,0,1,1,p_1.30.24_LL3f_mi,12
75,167,136,221,678,322,356,0,1,1,p_1.30.24_LL3f_mi,12
76,153,131,203,716,322,394,0,1,1,p_1.30.24_LL3f_mi,12
77,168,131,222,666,296,370,0,1,1,p_1.30.24_LL3f_mi,12
78,179,139,231,649,291,358,0,1,1,p_1.30.24_LL3f_mi,12
79,170,133,222,671,311,360,0,1,1,p_1.30.24_LL3f_mi,12
80,178,144,223,667,308,359,0,1,1,p_1.30.24_LL3f_mi,12
81,179,139,232,634,301,333,0,1,1,p_1.30.24_LL3f_mi,12
82,160,129,212,694,340,354,0,1,1,p_1.30.24_LL3f_mi,12
83,173,133,223,664,321,343,0,1,1,p_1.30.24_LL3f_mi,12
84,183,148,232,637,312,325,0,1,1,p_1.30.24_LL3f_mi,12
85,174,133,228,649,305,344,0,1,1,p_1.30.24_LL3f_mi,12
86,180,145,223,667,308,359,0,1,1,p_1.30.24_LL3f_mi,12
87,178,147,226,653,299,354,0,1,1,p_1.30.24_LL3f_mi,12
88,173,141,217,682,334,348,0,1,1,p_1.30.24_LL3f_mi,12
89,176,133,225,661,327,334,0,1,1,p_1.30.24_LL3f_mi,12
90,181,140,228,644,327,317,0,1,1,p_1.30.24_LL3f_mi,12
91,177,141,222,673,334,339,0,1,1,p_1.30.24_LL3f_mi,12
92,170,133,218,677,339,338,0,1,1,p_1.30.24_LL3f_mi,12
93,173,129,225,656,327,329,0,1,1,p_1.30.24_LL3f_mi,12
94,175,145,222,672,322,350,0,1,1,p_1.30.24_LL3f_mi,12
95,179,128,231,642,321,321,0,1,1,p_1.30.24_LL3f_mi,12
96,174,134,228,653,324,329,0,1,1,p_1.30.24_LL3f_mi,12
97,187,142,228,645,326,319,0,1,1,p_1.30.24_LL3f_mi,12
98,178,135,229,647,322,325,0,1,1,p_1.30.24_LL3f_mi,12
99,178,144,222,667,325,342,0,1,1,p_1.30.24_LL3f_mi,12
100,162,134,202,637,290,347,0,1,1,p_1.30.24_LL3f_mi,12
101,111,100,140,686,320,366,0,1,1,p_1.30.24_LL3f_mi,12
102,127,109,158,576,274,302,0,1,1,p_1.30.24_LL3f_mi,12
103,115,96,144,528,263,265,0,1,1,p_1.30.24_LL3f_mi,12
104,91,74,121,487,240,247,0,1,1,p_1.30.24_LL3f_mi,12
105,89,75,118,419,232,187,0,1,1,p_1.30.24_LL3f_mi,12
106,60,55,83,404,219,185,0,1,1,p_1.30.24_LL3f_mi,12
107,57,45,78,342,181,161,0,1,1,p_1.30.24_LL3f_mi,12
108,45,42,61,290,145,145,0,1,1,p_1.30.24_LL3f_mi,12
109,36,31,50,235,106,129,0,1,1,p_1.30.24_LL3f_mi,12
110,27,26,35,180,79,101,0,1,1,p_1.30.24_LL3f_mi,12
111,28,23,37,156,72,84,0,1,1,p_1.30.24_LL3f_mi,12
112,28,23,38,136,58,78,0,1,1,p_1.30.24_LL3f_mi,12
113,28,22,37,131,59,72,0,1,1,p_1.30.24_LL3f_mi,12
114,29,23,36,121,54,67,0,1,1,p_1.30.24_LL3f_mi,12
115,26,22,33,113,47,66,0,1,1,p_1.30.24_LL3f_mi,12
116,30,23,36,111,47,64,0,1,1,p_1.30.24_LL3f_mi,12
117,28,21,35,111,58,53,0,1,1,p_1.30.24_LL3f_mi,12
118,25,17,33,104,54,50,0,1,1,p_1.30.24_LL3f_mi,12
119,26,21,33,112,62,50,0,1,1,p_1.30.24_LL3f_mi,12
120,25,20,32,98,57,41,0,1,1,p_1.30.24_LL3f_mi,12
121,22,16,32,94,54,40,0,1,1,p_1.30.24_LL3f_mi,12
122,26,21,32,94,49,45,0,1,1,p_1.30.24_LL3f_mi,12
123,26,21,34,103,55,48,0,1,1,p_1.30.24_LL3f_mi,12
124,23,17,32,101,47,54,0,1,1,p_1.30.24_LL3f_mi,12
125,27,21,37,122,61,61,19,1,1,p_1.30.24_LL3f_mi,12
126,28,21,37,128,66,62,13,1,1,p_1.30.24_LL3f_mi,12
127,27,22,37,126,59,67,6,1,1,p_1.30.24_LL3f_mi,12
128,29,20,35,116,56,60,1,1,1,p_1.30.24_LL3f_mi,12
129,29,26,37,112,58,54,0,1,1,p_1.30.24_LL3f_mi,12
130,27,22,34,110,53,57,0,1,1,p_1.30.24_LL3f_mi,12
131,24,22,34,103,51,52,0,1,1,p_1.30.24_LL3f_mi,12
132,29,20,34,102,55,47,0,1,1,p_1.30.24_LL3f_mi,12
133,28,21,32,99,50,49,0,1,1,p_1.30.24_LL3f_mi,12
134,26,19,31,96,50,46,0,1,1,p_1.30.24_LL3f_mi,12
135,24,17,31,92,51,41,0,1,1,p_1.30.24_LL3f_mi,12
136,27,22,32,93,56,37,0,1,1,p_1.30.24_LL3f_mi,12
137,26,19,32,95,52,43,0,1,1,p_1.30.24_LL3f_mi,12
138,25,21,34,90,46,44,0,1,1,p_1.30.24_LL3f_mi,12
139,27,20,31,88,46,42,0,1,1,p_1.30.24_LL3f_mi,12
140,25,20,35,100,47,53,16,1,1,p_1.30.24_LL3f_mi,12
141,25,16,34,107,51,56,11,1,1,p_1.30.24_LL3f_mi,12
142,24,17,34,106,57,49,10,1,1,p_1.30.24_LL3f_mi,12
143,28,21,35,112,63,49,5,1,1,p_1.30.24_LL3f_mi,12
144,26,21,36,113,67,46,2,1,1,p_1.30.24_LL3f_mi,12
145,30,24,35,116,62,54,0,1,1,p_1.30.24_LL3f_mi,12
146,27,21,33,102,48,54,0,1,1,p_1.30.24_LL3f_mi,12
147,27,19,33,102,53,49,0,1,1,p_1.30.24_LL3f_mi,12
148,28,21,33,105,60,45,0,1,1,p_1.30.24_LL3f_mi,12
149,26,22,33,105,55,50,0,1,1,p_1.30.24_LL3f_mi,12
150,26,20,34,96,51,45,0,1,1,p_1.30.24_LL3f_mi,12
151,52,29,73,102,55,47,0,1,1,p_1.30.24_LL3f_mi,12
152,67,46,93,144,69,75,0,1,1,p_1.30.24_LL3f_mi,12
153,84,59,120,196,96,100,0,1,1,p_1.30.24_LL3f_mi,12
154,103,69,143,265,131,134,0,1,1,p_1.30.24_LL3f_mi,12
155,128,89,162,344,178,166,20,1,1,p_1.30.24_LL3f_mi,12
156,134,102,179,395,197,198,9,1,1,p_1.30.24_LL3f_mi,12
157,153,115,196,441,220,221,5,1,1,p_1.30.24_LL3f_mi,12
158,161,123,208,509,252,257,2,1,1,p_1.30.24_LL3f_mi,12
159,175,130,228,535,266,269,1,1,1,p_1.30.24_LL3f_mi,12
160,188,138,244,594,305,289,0,1,1,p_1.30.24_LL3f_mi,12
161,186,143,230,646,334,312,0,1,1,p_1.30.24_LL3f_mi,12
162,190,146,231,638,332,306,0,1,1,p_1.30.24_LL3f_mi,12
163,177,135,228,648,350,298,0,1,1,p_1.30.24_LL3f_mi,12
164,170,137,220,675,345,330,0,1,1,p_1.30.24_LL3f_mi,12
165,168,132,215,687,357,330,0,1,1,p_1.30.24_LL3f_mi,12
166,170,125,225,654,361,293,0,1,1,p_1.30.24_LL3f_mi,12
167,173,134,221,672,360,312,0,1,1,p_1.30.24_LL3f_mi,12
168,173,138,218,682,351,331,0,1,1,p_1.30.24_LL3f_mi,12
169,177,133,223,663,337,326,0,1,1,p_1.30.24_LL3f_mi,12
170,166,129,216,687,340,347,14,1,1,p_1.30.24_LL3f_mi,12
171,168,128,220,672,336,336,13,1,1,p_1.30.24_LL3f_mi,12
172,178,136,225,659,327,332,4,1,1,p_1.30.24_LL3f_mi,12
173,182,131,226,654,332,322,1,1,1,p_1.30.24_LL3f_mi,12
174,172,129,225,660,326,334,0,1,1,p_1.30.24_LL3f_mi,12
175,174,143,222,675,340,335,0,1,1,p_1.30.24_LL3f_mi,12
176,154,128,199,726,376,350,0,1,1,p_1.30.24_LL3f_mi,12
177,166,124,224,666,343,323,0,1,1,p_1.30.24_LL3f_mi,12
178,184,139,234,623,314,309,0,1,1,p_1.30.24_LL3f_mi,12
179,168,132,224,663,327,336,0,1,1,p_1.30.24_LL3f_mi,12
180,181,136,225,658,305,353,0,1,1,p_1.30.24_LL3f_mi,12
181,169,130,226,654,306,348,0,1,1,p_1.30.24_LL3f_mi,12
182,176,141,224,664,333,331,0,1,1,p_1.30.24_LL3f_mi,12
183,178,137,223,670,342,328,0,1,1,p_1.30.24_LL3f_mi,12
184,171,131,221,677,335,342,0,1,1,p_1.30.24_LL3f_mi,12
185,176,140,225,659,319,340,0,1,1,p_1.30.24_LL3f_mi,12
186,182,139,230,651,314,337,0,1,1,p_1.30.24_LL3f_mi,12
187,176,138,226,661,316,345,0,1,1,p_1.30.24_LL3f_mi,12
188,179,134,226,660,318,342,0,1,1,p_1.30.24_LL3f_mi,12
189,162,134,208,706,351,355,0,1,1,p_1.30.24_LL3f_mi,12
190,170,143,215,683,345,338,0,1,1,p_1.30.24_LL3f_mi,12
191,167,133,222,676,335,341,0,1,1,p_1.30.24_LL3f_mi,12
192,165,128,219,676,346,330,0,1,1,p_1.30.24_LL3f_mi,12
193,175,132,223,665,344,321,0,1,1,p_1.30.24_LL3f_mi,12
194,172,140,220,674,341,333,0,1,1,p_1.30.24_LL3f_mi,12
195,174,135,225,663,326,337,0,1,1,p_1.30.24_LL3f_mi,12
196,174,128,225,655,301,354,0,1,1,p_1.30.24_LL3f_mi,12
197,170,142,222,667,301,366,0,1,1,p_1.30.24_LL3f_mi,12
198,172,140,226,661,311,350,0,1,1,p_1.30.24_LL3f_mi,12
199,174,138,222,672,308,364,0,1,1,p_1.30.24_LL3f_mi,12
200,171,129,225,657,303,354,0,1,1,p_1.30.24_LL3f_mi,12
201,161,133,211,701,334,367,0,1,1,p_1.30.24_LL3f_mi,12
202,168,132,216,693,337,356,0,1,1,p_1.30.24_LL3f_mi,12
203,173,140,227,658,324,334,0,1,1,p_1.30.24_LL3f_mi,12
204,171,133,222,669,317,352,0,1,1,p_1.30.24_LL3f_mi,12
205,175,140,224,664,314,350,0,1,1,p_1.30.24_LL3f_mi,12
206,169,137,221,676,325,351,0,1,1,p_1.30.24_LL3f_mi,12
207,173,136,225,659,327,332,0,1,1,p_1.30.24_LL3f_mi,12
208,179,132,228,651,326,325,0,1,1,p_1.30.24_LL3f_mi,12
209,173,136,217,685,343,342,0,1,1,p_1.30.24_LL3f_mi,12
210,182,132,226,656,324,332,0,1,1,p_1.30.24_LL3f_mi,12
211,166,132,215,693,355,338,0,1,1,p_1.30.24_LL3f_mi,12
212,169,128,224,654,340,314,0,1,1,p_1.30.24_LL3f_mi,12
213,179,139,227,655,337,318,0,1,1,p_1.30.24_LL3f_mi,12
214,182,140,229,651,318,333,0,1,1,p_1.30.24_LL3f_mi,12
215,175,141,225,660,331,329,0,1,1,p_1.30.24_LL3f_mi,12
216,173,133,224,663,320,343,0,1,1,p_1.30.24_LL3f_mi,12
217,171,139,221,674,315,359,0,1,1,p_1.30.24_LL3f_mi,12
218,179,141,221,666,330,336,0,1,1,p_1.30.24_LL3f_mi,12
219,172,131,215,689,338,351,0,1,1,p_1.30.24_LL3f_mi,12
220,171,138,219,677,332,345,0,1,1,p_1.30.24_LL3f_mi,12
221,170,131,220,672,344,328,0,1,1,p_1.30.24_LL3f_mi,12
222,181,143,226,661,341,320,0,1,1,p_1.30.24_LL3f_mi,12
223,177,136,224,660,331,329,0,1,1,p_1.30.24_LL3f_mi,12
224,181,140,228,653,322,331,0,1,1,p_1.30.24_LL3f_mi,12
225,182,131,231,640,314,326,0,1,1,p_1.30.24_LL3f_mi,12
226,157,127,200,719,377,342,0,1,1,p_1.30.24_LL3f_mi,12
227,170,128,221,668,345,323,0,1,1,p_1.30.24_LL3f_mi,12
228,176,136,229,651,324,327,0,1,1,p_1.30.24_LL3f_mi,12
229,175,144,226,662,309,353,0,1,1,p_1.30.24_LL3f_mi,12
230,176,146,227,657,299,358,0,1,1,p_1.30.24_LL3f_mi,12
231,174,135,224,661,313,348,0,1,1,p_1.30.24_LL3f_mi,12
232,175,145,222,669,322,347,0,1,1,p_1.30.24_LL3f_mi,12
233,179,135,224,667,327,340,0,1,1,p_1.30.24_LL3f_mi,12
234,181,141,228,650,306,344,0,1,1,p_1.30.24_LL3f_mi,12
235,176,137,224,664,327,337,0,1,1,p_1.30.24_LL3f_mi,12
236,177,135,227,655,324,331,0,1,1,p_1.30.24_LL3f_mi,12
237,173,141,224,669,328,341,0,1,1,p_1.30.24_LL3f_mi,12
238,171,131,230,647,318,329,0,1,1,p_1.30.24_LL3f_mi,12
239,179,139,228,656,322,334,0,1,1,p_1.30.24_LL3f_mi,12
240,184,141,226,665,309,356,0,1,1,p_1.30.24_LL3f_mi,12
241,177,140,220,671,306,365,0,1,1,p_1.30.24_LL3f_mi,12
242,167,134,219,673,315,358,0,1,1,p_1.30.24_LL3f_mi,12
243,167,141,218,693,311,382,0,1,1,p_1.30.24_LL3f_mi,12
244,170,134,218,684,328,356,0,1,1,p_1.30.24_LL3f_mi,12
245,172,131,220,673,328,345,0,1,1,p_1.30.24_LL3f_mi,12
246,177,131,226,659,323,336,0,1,1,p_1.30.24_LL3f_mi,12
247,172,138,217,689,341,348,0,1,1,p_1.30.24_LL3f_mi,12
248,176,137,220,675,351,324,0,1,1,p_1.30.24_LL3f_mi,12
249,166,134,219,678,360,318,0,1,1,p_1.30.24_LL3f_mi,12
250,171,135,219,681,344,337,0,1,1,p_1.30.24_LL3f_mi,12
251,169,135,211,696,356,340,0,1,1,p_1.30.24_LL3f_mi,12
252,171,134,221,668,339,329,0,1,1,p_1.30.24_LL3f_mi,12
253,175,138,225,665,333,332,0,1,1,p_1.30.24_LL3f_mi,12
254,174,134,229,651,323,328,0,1,1,p_1.30.24_LL3f_mi,12
255,177,138,229,657,316,341,0,1,1,p_1.30.24_LL3f_mi,12
256,177,142,225,656,307,349,0,1,1,p_1.30.24_LL3f_mi,12
257,171,134,222,667,298,369,0,1,1,p_1.30.24_LL3f_mi,12
258,176,148,221,668,287,381,0,1,1,p_1.30.24_LL3f_mi,12
259,166,133,219,678,304,374,0,1,1,p_1.30.24_LL3f_mi,12
260,174,139,228,652,292,360,0,1,1,p_1.30.24_LL3f_mi,12
261,178,133,226,654,299,355,0,1,1,p_1.30.24_LL3f_mi,12
262,174,137,221,671,321,350,0,1,1,p_1.30.24_LL3f_mi,12
263,185,138,230,644,315,329,0,1,1,p_1.30.24_LL3f_mi,12
264,177,135,227,652,322,330,0,1,1,p_1.30.24_LL3f_mi,12
265,170,135,218,682,327,355,0,1,1,p_1.30.24_LL3f_mi,12
266,184,144,229,639,309,330,0,1,1,p_1.30.24_LL3f_mi,12
267,174,145,223,665,315,350,0,1,1,p_1.30.24_LL3f_mi,12
268,175,137,222,671,325,346,0,1,1,p_1.30.24_LL3f_mi,12
269,151,128,208,712,343,369,0,1,1,p_1.30.24_LL3f_mi,12
270,173,137,221,670,334,336,0,1,1,p_1.30.24_LL3f_mi,12
271,171,127,229,646,335,311,0,1,1,p_1.30.24_LL3f_mi,12
272,164,135,217,680,343,337,0,1,1,p_1.30.24_LL3f_mi,12
273,169,142,220,670,339,331,0,1,1,p_1.30.24_LL3f_mi,12
274,177,135,225,663,335,328,0,1,1,p_1.30.24_LL3f_mi,12
275,175,136,227,656,347,309,0,1,1,p_1.30.24_LL3f_mi,12
276,159,126,197,729,380,349,0,1,1,p_1.30.24_LL3f_mi,12
277,168,125,223,664,330,334,0,1,1,p_1.30.24_LL3f_mi,12
278,186,144,229,647,329,318,0,1,1,p_1.30.24_LL3f_mi,12
279,171,137,223,671,368,303,0,1,1,p_1.30.24_LL3f_mi,12
280,171,132,223,660,363,297,0,1,1,p_1.30.24_LL3f_mi,12
281,170,133,220,677,348,329,0,1,1,p_1.30.24_LL3f_mi,12
282,172,135,222,665,326,339,0,1,1,p_1.30.24_LL3f_mi,12
283,174,135,224,671,329,342,0,1,1,p_1.30.24_LL3f_mi,12
284,172,140,224,667,319,348,0,1,1,p_1.30.24_LL3f_mi,12
285,175,146,220,674,329,345,0,1,1,p_1.30.24_LL3f_mi,12
286,175,140,221,673,333,340,0,1,1,p_1.30.24_LL3f_mi,12
287,170,138,218,683,351,332,0,1,1,p_1.30.24_LL3f_mi,12
288,171,135,221,676,356,320,0,1,1,p_1.30.24_LL3f_mi,12
289,180,142,222,670,341,329,0,1,1,p_1.30.24_LL3f_mi,12
290,168,127,212,698,363,335,0,1,1,p_1.30.24_LL3f_mi,12
291,166,134,223,667,342,325,0,1,1,p_1.30.24_LL3f_mi,12
292,182,139,221,674,344,330,0,1,1,p_1.30.24_LL3f_mi,12
293,182,147,226,658,318,340,0,1,1,p_1.30.24_LL3f_mi,12
294,171,137,221,671,324,347,0,1,1,p_1.30.24_LL3f_mi,12
295,173,145,223,672,316,356,0,1,1,p_1.30.24_LL3f_mi,12
296,171,138,218,681,321,360,0,1,1,p_1.30.24_LL3f_mi,12
297,166,133,220,678,317,361,0,1,1,p_1.30.24_LL3f_mi,12
298,174,136,229,644,318,326,0,1,1,p_1.30.24_LL3f_mi,12
299,173,134,220,677,334,343,0,1,1,p_1.30.24_LL3f_mi,12
300,172,133,224,669,314,355,0,1,1,p_1.30.24_LL3f_mi,12
301,162,137,207,710,341,369,0,1,1,p_1.30.24_LL3f_mi,12
302,169,134,221,680,339,341,0,1,1,p_1.30.24_LL3f_mi,12
303,175,133,228,659,335,324,0,1,1,p_1.30.24_LL3f_mi,12
304,180,135,230,651,323,328,0,1,1,p_1.30.24_LL3f_mi,12
305,173,143,228,655,310,345,0,1,1,p_1.30.24_LL3f_mi,12
306,176,143,224,666,317,349,0,1,1,p_1.30.24_LL3f_mi,12
307,176,138,223,671,322,349,0,1,1,p_1.30.24_LL3f_mi,12
308,174,141,222,664,307,357,0,1,1,p_1.30.24_LL3f_mi,12
309,172,130,220,673,327,346,0,1,1,p_1.30.24_LL3f_mi,12
310,171,138,217,679,333,346,0,1,1,p_1.30.24_LL3f_mi,12
311,179,136,232,635,308,327,0,1,1,p_1.30.24_LL3f_mi,12
312,182,142,226,666,336,330,0,1,1,p_1.30.24_LL3f_mi,12
313,179,137,230,639,321,318,0,1,1,p_1.30.24_LL3f_mi,12
314,170,136,218,676,326,350,0,1,1,p_1.30.24_LL3f_mi,12
315,170,134,229,653,331,322,0,1,1,p_1.30.24_LL3f_mi,12
316,174,134,225,659,329,330,0,1,1,p_1.30.24_LL3f_mi,12
317,177,134,224,663,353,310,0,1,1,p_1.30.24_LL3f_mi,12
318,173,138,225,660,330,330,0,1,1,p_1.30.24_LL3f_mi,12
319,165,132,220,679,327,352,0,1,1,p_1.30.24_LL3f_mi,12
320,169,134,217,687,341,346,0,1,1,p_1.30.24_LL3f_mi,12
321,173,130,222,669,324,345,0,1,1,p_1.30.24_LL3f_mi,12
322,167,134,220,677,326,351,0,1,1,p_1.30.24_LL3f_mi,12
323,176,138,221,674,319,355,0,1,1,p_1.30.24_LL3f_mi,12
324,183,154,227,658,304,354,0,1,1,p_1.30.24_LL3f_mi,12
325,179,139,230,652,295,357,0,1,1,p_1.30.24_LL3f_mi,12
326,167,132,208,708,336,372,0,1,1,p_1.30.24_LL3f_mi,12
327,178,131,225,660,304,356,0,1,1,p_1.30.24_LL3f_mi,12
328,174,144,221,676,329,347,0,1,1,p_1.30.24_LL3f_mi,12
329,171,142,223,669,338,331,0,1,1,p_1.30.24_LL3f_mi,12
330,165,121,223,669,337,332,0,1,1,p_1.30.24_LL3f_mi,12
331,171,135,226,659,316,343,0,1,1,p_1.30.24_LL3f_mi,12
332,173,135,228,650,316,334,0,1,1,p_1.30.24_LL3f_mi,12
333,175,139,229,651,329,322,0,1,1,p_1.30.24_LL3f_mi,12
334,168,132,216,685,358,327,0,1,1,p_1.30.24_LL3f_mi,12
335,175,132,229,653,342,311,0,1,1,p_1.30.24_LL3f_mi,12
336,173,131,219,676,345,331,0,1,1,p_1.30.24_LL3f_mi,12
337,169,132,220,676,336,340,0,1,1,p_1.30.24_LL3f_mi,12
338,180,144,227,657,321,336,0,1,1,p_1.30.24_LL3f_mi,12
339,176,139,224,668,329,339,0,1,1,p_1.30.24_LL3f_mi,12
340,174,139,225,660,340,320,0,1,1,p_1.30.24_LL3f_mi,12
341,183,135,229,651,339,312,0,1,1,p_1.30.24_LL3f_mi,12
342,180,142,226,662,330,332,0,1,1,p_1.30.24_LL3f_mi,12
343,180,135,231,649,321,328,0,1,1,p_1.30.24_LL3f_mi,12
344,181,131,228,654,322,332,0,1,1,p_1.30.24_LL3f_mi,12
345,177,130,227,655,325,330,0,1,1,p_1.30.24_LL3f_mi,12
346,176,130,223,667,317,350,0,1,1,p_1.30.24_LL3f_mi,12
347,173,134,227,656,320,336,0,1,1,p_1.30.24_LL3f_mi,12
348,170,129,227,654,312,342,0,1,1,p_1.30.24_LL3f_mi,12
349,169,130,213,693,336,357,0,1,1,p_1.30.24_LL3f_mi,12
350,175,146,226,659,318,341,0,1,1,p_1.30.24_LL3f_mi,12
1,5,5,6,600,282,318,0,1,2,p_1.30.24_LL3f_mi,12
2,95,84,121,859,413,446,0,1,2,p_1.30.24_LL3f_mi,12
3,127,106,164,794,398,396,0,1,2,p_1.30.24_LL3f_mi,12
4,154,118,202,720,367,353,0,1,2,p_1.30.24_LL3f_mi,12
5,162,134,217,683,363,320,0,1,2,p_1.30.24_LL3f_mi,12
6,168,127,224,659,344,315,0,1,2,p_1.30.24_LL3f_mi,12
7,178,139,226,657,359,298,0,1,2,p_1.30.24_LL3f_mi,12
8,170,138,223,665,365,300,0,1,2,p_1.30.24_LL3f_mi,12
9,171,129,225,664,348,316,0,1,2,p_1.30.24_LL3f_mi,12
10,176,130,218,680,361,319,0,1,2,p_1.30.24_LL3f_mi,12
11,170,130,222,665,344,321,0,1,2,p_1.30.24_LL3f_mi,12
12,177,135,233,631,326,305,0,1,2,p_1.30.24_LL3f_mi,12
13,176,137,226,655,343,312,0,1,2,p_1.30.24_LL3f_mi,12
14,178,140,221,669,338,331,0,1,2,p_1.30.24_LL3f_mi,12
15,176,134,219,682,343,339,0,1,2,p_1.30.24_LL3f_mi,12
16,168,125,224,658,321,337,0,1,2,p_1.30.24_LL3f_mi,12
17,180,134,233,635,296,339,0,1,2,p_1.30.24_LL3f_mi,12
18,181,143,228,651,318,333,0,1,2,p_1.30.24_LL3f_mi,12
19,171,134,219,681,348,333,0,1,2,p_1.30.24_LL3f_mi,12
20,176,134,217,677,340,337,0,1,2,p_1.30.24_LL3f_mi,12
21,170,126,218,684,362,322,0,1,2,p_1.30.24_LL3f_mi,12
22,167,133,216,688,341,347,0,1,2,p_1.30.24_LL3f_mi,12
23,175,130,228,658,326,332,0,1,2,p_1.30.24_LL3f_mi,12
24,172,131,220,677,328,349,0,1,2,p_1.30.24_LL3f_mi,12
25,167,139,212,697,347,350,0,1,2,p_1.30.24_LL3f_mi,12
26,161,134,210,708,355,353,0,1,2,p_1.30.24_LL3f_mi,12
27,181,147,225,660,339,321,0,1,2,p_1.30.24_LL3f_mi,12
28,166,135,216,686,349,337,0,1,2,p_1.30.24_LL3f_mi,12
29,172,137,220,672,353,319,0,1,2,p_1.30.24_LL3f_mi,12
30,171,135,221,671,339,332,0,1,2,p_1.30.24_LL3f_mi,12
31,174,129,224,666,330,336,0,1,2,p_1.30.24_LL3f_mi,12
32,177,137,225,662,332,330,0,1,2,p_1.30.24_LL3f_mi,12
33,177,129,226,658,329,329,0,1,2,p_1.30.24_LL3f_mi,12
34,167,126,214,694,360,334,0,1,2,p_1.30.24_LL3f_mi,12
35,177,133,222,672,345,327,0,1,2,p_1.30.24_LL3f_mi,12
36,178,131,226,660,338,322,0,1,2,p_1.30.24_LL3f_mi,12
37,173,136,217,683,354,329,0,1,2,p_1.30.24_LL3f_mi,12
38,165,127,213,693,355,338,0,1,2,p_1.30.24_LL3f_mi,12
39,174,134,228,655,325,330,0,1,2,p_1.30.24_LL3f_mi,12
40,181,144,228,662,333,329,0,1,2,p_1.30.24_LL3f_mi,12
41,178,140,224,662,328,334,0,1,2,p_1.30.24_LL3f_mi,12
42,165,133,220,670,343,327,0,1,2,p_1.30.24_LL3f_mi,12
43,166,126,222,669,343,326,0,1,2,p_1.30.24_LL3f_mi,12
44,172,131,224,658,344,314,0,1,2,p_1.30.24_LL3f_mi,12
45,172,135,220,676,347,329,0,1,2,p_1.30.24_LL3f_mi,12
46,161,122,215,689,342,347,0,1,2,p_1.30.24_LL3f_mi,12
47,170,130,224,666,331,335,0,1,2,p_1.30.24_LL3f_mi,12
48,174,134,228,652,336,316,0,1,2,p_1.30.24_LL3f_mi,12
49,177,136,222,661,336,325,0,1,2,p_1.30.24_LL3f_mi,12
50,169,132,218,677,343,334,0,1,2,p_1.30.24_LL3f_mi,12
51,156,124,202,721,368,353,0,1,2,p_1.30.24_LL3f_mi,12
52,172,128,226,661,336,325,0,1,2,p_1.30.24_LL3f_mi,12
53,179,142,230,642,307,335,0,1,2,p_1.30.24_LL3f_mi,12
54,176,132,222,669,331,338,0,1,2,p_1.30.24_LL3f_mi,12
55,177,144,219,672,313,359,0,1,2,p_1.30.24_LL3f_mi,12
56,184,134,231,638,296,342,0,1,2,p_1.30.24_LL3f_mi,12
57,183,148,230,645,315,330,0,1,2,p_1.30.24_LL3f_mi,12
58,172,135,229,643,326,317,0,1,2,p_1.30.24_LL3f_mi,12
59,169,128,222,674,339,335,0,1,2,p_1.30.24_LL3f_mi,12
60,179,142,230,638,325,313,0,1,2,p_1.30.24_LL3f_mi,12
61,174,136,223,669,340,329,0,1,2,p_1.30.24_LL3f_mi,12
62,176,130,232,641,326,315,0,1,2,p_1.30.24_LL3f_mi,12
63,175,142,226,660,337,323,0,1,2,p_1.30.24_LL3f_mi,12
64,177,134,227,656,346,310,0,1,2,p_1.30.24_LL3f_mi,12
65,177,135,223,665,351,314,0,1,2,p_1.30.24_LL3f_mi,12
66,179,136,222,666,328,338,0,1,2,p_1.30.24_LL3f_mi,12
67,178,137,227,661,329,332,0,1,2,p_1.30.24_LL3f_mi,12
68,179,141,229,651,328,323,0,1,2,p_1.30.24_LL3f_mi,12
69,180,143,223,673,334,339,0,1,2,p_1.30.24_LL3f_mi,12
70,174,134,225,661,321,340,0,1,2,p_1.30.24_LL3f_mi,12
71,176,131,226,658,335,323,0,1,2,p_1.30.24_LL3f_mi,12
72,178,143,228,648,327,321,0,1,2,p_1.30.24_LL3f_mi,12
73,176,142,226,659,326,333,0,1,2,p_1.30.24_LL3f_mi,12
74,163,128,211,699,351,348,0,1,2,p_1.30.24_LL3f_mi,12
75,171,141,218,679,340,339,0,1,2,p_1.30.24_LL3f_mi,12
76,165,132,214,700,363,337,0,1,2,p_1.30.24_LL3f_mi,12
77,173,134,226,658,326,332,0,1,2,p_1.30.24_LL3f_mi,12
78,180,145,226,666,343,323,0,1,2,p_1.30.24_LL3f_mi,12
79,186,142,231,649,323,326,0,1,2,p_1.30.24_LL3f_mi,12
80,170,130,214,693,354,339,0,1,2,p_1.30.24_LL3f_mi,12
81,173,139,222,667,322,345,0,1,2,p_1.30.24_LL3f_mi,12
82,171,140,217,679,315,364,0,1,2,p_1.30.24_LL3f_mi,12
83,177,140,232,647,305,342,0,1,2,p_1.30.24_LL3f_mi,12
84,167,122,214,694,327,367,0,1,2,p_1.30.24_LL3f_mi,12
85,166,133,222,678,316,362,0,1,2,p_1.30.24_LL3f_mi,12
86,167,135,222,675,318,357,0,1,2,p_1.30.24_LL3f_mi,12
87,170,130,218,681,322,359,0,1,2,p_1.30.24_LL3f_mi,12
88,174,124,221,673,325,348,0,1,2,p_1.30.24_LL3f_mi,12
89,173,134,218,675,332,343,0,1,2,p_1.30.24_LL3f_mi,12
90,181,137,228,651,315,336,0,1,2,p_1.30.24_LL3f_mi,12
91,167,129,219,679,314,365,0,1,2,p_1.30.24_LL3f_mi,12
92,173,140,220,673,342,331,0,1,2,p_1.30.24_LL3f_mi,12
93,162,124,211,696,358,338,0,1,2,p_1.30.24_LL3f_mi,12
94,175,139,216,684,356,328,0,1,2,p_1.30.24_LL3f_mi,12
95,182,144,229,649,339,310,0,1,2,p_1.30.24_LL3f_mi,12
96,174,128,222,675,358,317,0,1,2,p_1.30.24_LL3f_mi,12
97,176,141,219,678,355,323,0,1,2,p_1.30.24_LL3f_mi,12
98,179,138,228,648,330,318,0,1,2,p_1.30.24_LL3f_mi,12
99,177,136,226,651,330,321,0,1,2,p_1.30.24_LL3f_mi,12
100,154,126,192,657,328,329,0,1,2,p_1.30.24_LL3f_mi,12
101,113,94,143,682,339,343,0,1,2,p_1.30.24_LL3f_mi,12
102,111,89,145,599,293,306,0,1,2,p_1.30.24_LL3f_mi,12
103,106,92,131,548,278,270,0,1,2,p_1.30.24_LL3f_mi,12
104,98,85,129,474,241,233,0,1,2,p_1.30.24_LL3f_mi,12
105,85,69,111,435,210,225,0,1,2,p_1.30.24_LL3f_mi,12
106,70,59,93,389,187,202,0,1,2,p_1.30.24_LL3f_mi,12
107,68,56,85,325,161,164,0,1,2,p_1.30.24_LL3f_mi,12
108,43,39,55,304,157,147,0,1,2,p_1.30.24_LL3f_mi,12
109,33,32,42,252,119,133,0,1,2,p_1.30.24_LL3f_mi,12
110,28,24,35,198,93,105,0,1,2,p_1.30.24_LL3f_mi,12
111,31,23,39,153,73,80,0,1,2,p_1.30.24_LL3f_mi,12
112,27,22,36,131,63,68,0,1,2,p_1.30.24_LL3f_mi,12
113,27,22,36,118,62,56,0,1,2,p_1.30.24_LL3f_mi,12
114,25,21,35,116,61,55,0,1,2,p_1.30.24_LL3f_mi,12
115,29,23,35,119,65,54,0,1,2,p_1.30.24_LL3f_mi,12
116,27,20,34,106,53,53,0,1,2,p_1.30.24_LL3f_mi,12
117,28,21,34,106,51,55,0,1,2,p_1.30.24_LL3f_mi,12
118,25,21,33,101,48,53,0,1,2,p_1.30.24_LL3f_mi,12
119,25,19,33,100,52,48,0,1,2,p_1.30.24_LL3f_mi,12
120,25,16,33,104,57,47,0,1,2,p_1.30.24_LL3f_mi,12
121,28,24,35,108,49,59,0,1,2,p_1.30.24_LL3f_mi,12
122,25,22,34,111,59,52,0,1,2,p_1.30.24_LL3f_mi,12
123,25,19,33,109,63,46,0,1,2,p_1.30.24_LL3f_mi,12
124,26,22,34,104,58,46,0,1,2,p_1.30.24_LL3f_mi,12
125,26,17,34,118,62,56,14,1,2,p_1.30.24_LL3f_mi,12
126,27,22,36,123,65,58,10,1,2,p_1.30.24_LL3f_mi,12
127,25,18,36,114,61,53,8,1,2,p_1.30.24_LL3f_mi,12
128,28,23,34,112,54,58,4,1,2,p_1.30.24_LL3f_mi,12
129,27,20,35,111,53,58,1,1,2,p_1.30.24_LL3f_mi,12
130,26,17,32,96,44,52,0,1,2,p_1.30.24_LL3f_mi,12
131,27,22,34,102,42,60,0,1,2,p_1.30.24_LL3f_mi,12
132,26,21,35,109,44,65,0,1,2,p_1.30.24_LL3f_mi,12
133,26,23,33,95,39,56,0,1,2,p_1.30.24_LL3f_mi,12
134,23,18,32,101,43,58,0,1,2,p_1.30.24_LL3f_mi,12
135,26,24,35,103,44,59,0,1,2,p_1.30.24_LL3f_mi,12
136,26,21,35,103,45,58,0,1,2,p_1.30.24_LL3f_mi,12
137,29,23,35,99,43,56,0,1,2,p_1.30.24_LL3f_mi,12
138,23,19,31,86,35,51,0,1,2,p_1.30.24_LL3f_mi,12
139,24,18,32,100,49,51,0,1,2,p_1.30.24_LL3f_mi,12
140,22,17,34,119,63,56,18,1,2,p_1.30.24_LL3f_mi,12
141,27,23,35,105,51,54,7,1,2,p_1.30.24_LL3f_mi,12
142,26,21,34,101,48,53,2,1,2,p_1.30.24_LL3f_mi,12
143,25,17,31,95,45,50,1,1,2,p_1.30.24_LL3f_mi,12
144,25,20,32,90,45,45,0,1,2,p_1.30.24_LL3f_mi,12
145,26,20,33,92,50,42,0,1,2,p_1.30.24_LL3f_mi,12
146,26,18,36,101,55,46,0,1,2,p_1.30.24_LL3f_mi,12
147,26,21,34,103,57,46,0,1,2,p_1.30.24_LL3f_mi,12
148,26,24,36,112,58,54,0,1,2,p_1.30.24_LL3f_mi,12
149,25,21,32,103,51,52,0,1,2,p_1.30.24_LL3f_mi,12
150,25,22,34,105,50,55,0,1,2,p_1.30.24_LL3f_mi,12
151,51,35,77,113,56,57,0,1,2,p_1.30.24_LL3f_mi,12
152,64,43,94,139,66,73,0,1,2,p_1.30.24_LL3f_mi,12
153,77,48,116,181,82,99,0,1,2,p_1.30.24_LL3f_mi,12
154,101,68,141,250,118,132,0,1,2,p_1.30.24_LL3f_mi,12
155,121,91,164,331,155,176,21,1,2,p_1.30.24_LL3f_mi,12
156,145,97,180,394,176,218,9,1,2,p_1.30.24_LL3f_mi,12
157,148,117,190,462,221,241,3,1,2,p_1.30.24_LL3f_mi,12
158,161,121,211,502,245,257,0,1,2,p_1.30.24_LL3f_mi,12
159,174,124,224,558,260,298,0,1,2,p_1.30.24_LL3f_mi,12
160,182,135,239,608,289,319,0,1,2,p_1.30.24_LL3f_mi,12
161,170,131,224,661,316,345,0,1,2,p_1.30.24_LL3f_mi,12
162,167,129,225,658,330,328,0,1,2,p_1.30.24_LL3f_mi,12
163,181,140,226,659,342,317,0,1,2,p_1.30.24_LL3f_mi,12
164,176,139,228,652,332,320,0,1,2,p_1.30.24_LL3f_mi,12
165,170,140,219,677,346,331,0,1,2,p_1.30.24_LL3f_mi,12
166,176,130,223,670,340,330,0,1,2,p_1.30.24_LL3f_mi,12
167,175,141,226,649,331,318,0,1,2,p_1.30.24_LL3f_mi,12
168,174,137,225,661,322,339,0,1,2,p_1.30.24_LL3f_mi,12
169,179,136,235,628,319,309,0,1,2,p_1.30.24_LL3f_mi,12
170,165,124,221,668,347,321,21,1,2,p_1.30.24_LL3f_mi,12
171,165,134,218,685,339,346,12,1,2,p_1.30.24_LL3f_mi,12
172,159,120,216,684,338,346,7,1,2,p_1.30.24_LL3f_mi,12
173,177,129,221,675,328,347,3,1,2,p_1.30.24_LL3f_mi,12
174,169,138,216,680,335,345,1,1,2,p_1.30.24_LL3f_mi,12
175,179,138,231,637,295,342,0,1,2,p_1.30.24_LL3f_mi,12
176,159,129,202,718,342,376,0,1,2,p_1.30.24_LL3f_mi,12
177,178,145,225,664,316,348,0,1,2,p_1.30.24_LL3f_mi,12
178,179,142,233,635,303,332,0,1,2,p_1.30.24_LL3f_mi,12
179,175,131,227,658,331,327,0,1,2,p_1.30.24_LL3f_mi,12
180,178,137,230,639,320,319,0,1,2,p_1.30.24_LL3f_mi,12
181,174,135,225,663,324,339,0,1,2,p_1.30.24_LL3f_mi,12
182,178,144,226,656,326,330,0,1,2,p_1.30.24_LL3f_mi,12
183,175,135,219,683,334,349,0,1,2,p_1.30.24_LL3f_mi,12
184,171,136,222,670,330,340,0,1,2,p_1.30.24_LL3f_mi,12
185,174,135,221,678,341,337,0,1,2,p_1.30.24_LL3f_mi,12
186,165,132,218,679,331,348,0,1,2,p_1.30.24_LL3f_mi,12
187,170,125,224,662,339,323,0,1,2,p_1.30.24_LL3f_mi,12
188,179,147,225,662,328,334,0,1,2,p_1.30.24_LL3f_mi,12
189,168,132,222,670,323,347,0,1,2,p_1.30.24_LL3f_mi,12
190,180,138,225,661,320,341,0,1,2,p_1.30.24_LL3f_mi,12
191,172,136,223,675,337,338,0,1,2,p_1.30.24_LL3f_mi,12
192,183,141,226,654,333,321,0,1,2,p_1.30.24_LL3f_mi,12
193,180,137,231,643,328,315,0,1,2,p_1.30.24_LL3f_mi,12
194,176,138,225,659,321,338,0,1,2,p_1.30.24_LL3f_mi,12
195,178,137,222,667,333,334,0,1,2,p_1.30.24_LL3f_mi,12
196,174,137,226,650,316,334,0,1,2,p_1.30.24_LL3f_mi,12
197,180,146,221,682,325,357,0,1,2,p_1.30.24_LL3f_mi,12
198,170,129,220,677,342,335,0,1,2,p_1.30.24_LL3f_mi,12
199,168,128,227,652,337,315,0,1,2,p_1.30.24_LL3f_mi,12
200,179,141,225,661,342,319,0,1,2,p_1.30.24_LL3f_mi,12
201,161,132,210,705,353,352,0,1,2,p_1.30.24_LL3f_mi,12
202,165,132,220,679,336,343,0,1,2,p_1.30.24_LL3f_mi,12
203,170,124,223,667,340,327,0,1,2,p_1.30.24_LL3f_mi,12
204,172,137,224,661,340,321,0,1,2,p_1.30.24_LL3f_mi,12
205,177,125,227,651,351,300,0,1,2,p_1.30.24_LL3f_mi,12
206,178,130,221,679,365,314,0,1,2,p_1.30.24_LL3f_mi,12
207,164,125,219,677,350,327,0,1,2,p_1.30.24_LL3f_mi,12
208,177,129,230,646,332,314,0,1,2,p_1.30.24_LL3f_mi,12
209,173,132,223,666,341,325,0,1,2,p_1.30.24_LL3f_mi,12
210,164,129,211,702,351,351,0,1,2,p_1.30.24_LL3f_mi,12
211,174,132,224,665,319,346,0,1,2,p_1.30.24_LL3f_mi,12
212,169,136,223,672,321,351,0,1,2,p_1.30.24_LL3f_mi,12
213,182,142,229,647,308,339,0,1,2,p_1.30.24_LL3f_mi,12
214,177,139,228,648,325,323,0,1,2,p_1.30.24_LL3f_mi,12
215,186,138,230,646,345,301,0,1,2,p_1.30.24_LL3f_mi,12
216,172,136,224,660,359,301,0,1,2,p_1.30.24_LL3f_mi,12
217,175,131,224,664,352,312,0,1,2,p_1.30.24_LL3f_mi,12
218,173,136,225,658,339,319,0,1,2,p_1.30.24_LL3f_mi,12
219,170,132,226,651,327,324,0,1,2,p_1.30.24_LL3f_mi,12
220,164,136,217,685,342,343,0,1,2,p_1.30.24_LL3f_mi,12
221,179,135,225,661,336,325,0,1,2,p_1.30.24_LL3f_mi,12
222,172,138,219,680,351,329,0,1,2,p_1.30.24_LL3f_mi,12
223,177,134,227,654,318,336,0,1,2,p_1.30.24_LL3f_mi,12
224,177,136,227,649,313,336,0,1,2,p_1.30.24_LL3f_mi,12
225,185,138,231,643,312,331,0,1,2,p_1.30.24_LL3f_mi,12
226,164,132,206,710,365,345,0,1,2,p_1.30.24_LL3f_mi,12
227,181,142,230,640,325,315,0,1,2,p_1.30.24_LL3f_mi,12
228,182,142,235,627,322,305,0,1,2,p_1.30.24_LL3f_mi,12
229,180,144,229,651,334,317,0,1,2,p_1.30.24_LL3f_mi,12
230,170,131,221,674,343,331,0,1,2,p_1.30.24_LL3f_mi,12
231,183,139,231,639,311,328,0,1,2,p_1.30.24_LL3f_mi,12
232,166,138,218,679,341,338,0,1,2,p_1.30.24_LL3f_mi,12
233,169,129,222,677,336,341,0,1,2,p_1.30.24_LL3f_mi,12
234,169,131,226,660,334,326,0,1,2,p_1.30.24_LL3f_mi,12
235,177,140,220,671,329,342,0,1,2,p_1.30.24_LL3f_mi,12
236,187,133,231,644,324,320,0,1,2,p_1.30.24_LL3f_mi,12
237,178,136,234,631,323,308,0,1,2,p_1.30.24_LL3f_mi,12
238,177,136,222,674,332,342,0,1,2,p_1.30.24_LL3f_mi,12
239,173,144,226,656,301,355,0,1,2,p_1.30.24_LL3f_mi,12
240,167,127,225,661,331,330,0,1,2,p_1.30.24_LL3f_mi,12
241,171,135,223,669,330,339,0,1,2,p_1.30.24_LL3f_mi,12
242,172,133,221,674,335,339,0,1,2,p_1.30.24_LL3f_mi,12
243,176,140,226,662,339,323,0,1,2,p_1.30.24_LL3f_mi,12
244,180,132,225,661,350,311,0,1,2,p_1.30.24_LL3f_mi,12
245,177,141,228,654,352,302,0,1,2,p_1.30.24_LL3f_mi,12
246,173,135,220,674,371,303,0,1,2,p_1.30.24_LL3f_mi,12
247,176,140,222,672,371,301,0,1,2,p_1.30.24_LL3f_mi,12
248,181,140,232,641,337,304,0,1,2,p_1.30.24_LL3f_mi,12
249,177,138,222,671,345,326,0,1,2,p_1.30.24_LL3f_mi,12
250,168,142,217,678,331,347,0,1,2,p_1.30.24_LL3f_mi,12
251,162,128,206,716,333,383,0,1,2,p_1.30.24_LL3f_mi,12
252,173,139,222,668,300,368,0,1,2,p_1.30.24_LL3f_mi,12
253,169,128,222,663,303,360,0,1,2,p_1.30.24_LL3f_mi,12
254,182,145,224,664,299,365,0,1,2,p_1.30.24_LL3f_mi,12
255,169,133,225,664,313,351,0,1,2,p_1.30.24_LL3f_mi,12
256,179,138,228,652,319,333,0,1,2,p_1.30.24_LL3f_mi,12
257,176,138,223,672,324,348,0,1,2,p_1.30.24_LL3f_mi,12
258,180,136,226,652,310,342,0,1,2,p_1.30.24_LL3f_mi,12
259,174,134,230,648,306,342,0,1,2,p_1.30.24_LL3f_mi,12
260,182,152,228,656,301,355,0,1,2,p_1.30.24_LL3f_mi,12
261,167,131,224,664,324,340,0,1,2,p_1.30.24_LL3f_mi,12
262,172,139,220,672,315,357,0,1,2,p_1.30.24_LL3f_mi,12
263,165,134,216,690,319,371,0,1,2,p_1.30.24_LL3f_mi,12
264,177,130,225,663,312,351,0,1,2,p_1.30.24_LL3f_mi,12
265,170,133,230,655,318,337,0,1,2,p_1.30.24_LL3f_mi,12
266,172,131,221,669,336,333,0,1,2,p_1.30.24_LL3f_mi,12
267,177,137,231,645,317,328,0,1,2,p_1.30.24_LL3f_mi,12
268,169,134,222,671,325,346,0,1,2,p_1.30.24_LL3f_mi,12
269,176,128,223,667,336,331,0,1,2,p_1.30.24_LL3f_mi,12
270,174,132,225,663,329,334,0,1,2,p_1.30.24_LL3f_mi,12
271,171,139,218,688,343,345,0,1,2,p_1.30.24_LL3f_mi,12
272,168,134,225,657,322,335,0,1,2,p_1.30.24_LL3f_mi,12
273,182,138,232,646,301,345,0,1,2,p_1.30.24_LL3f_mi,12
274,174,136,226,657,304,353,0,1,2,p_1.30.24_LL3f_mi,12
275,171,134,223,658,309,349,0,1,2,p_1.30.24_LL3f_mi,12
276,162,138,208,702,347,355,0,1,2,p_1.30.24_LL3f_mi,12
277,178,137,225,659,334,325,0,1,2,p_1.30.24_LL3f_mi,12
278,177,131,226,655,314,341,0,1,2,p_1.30.24_LL3f_mi,12
279,167,133,221,667,327,340,0,1,2,p_1.30.24_LL3f_mi,12
280,177,139,227,647,308,339,0,1,2,p_1.30.24_LL3f_mi,12
281,176,139,227,654,335,319,0,1,2,p_1.30.24_LL3f_mi,12
282,169,136,220,670,343,327,0,1,2,p_1.30.24_LL3f_mi,12
283,172,141,224,662,334,328,0,1,2,p_1.30.24_LL3f_mi,12
284,184,139,226,661,326,335,0,1,2,p_1.30.24_LL3f_mi,12
285,172,131,219,677,342,335,0,1,2,p_1.30.24_LL3f_mi,12
286,168,131,215,685,330,355,0,1,2,p_1.30.24_LL3f_mi,12
287,183,140,226,655,315,340,0,1,2,p_1.30.24_LL3f_mi,12
288,178,142,223,664,312,352,0,1,2,p_1.30.24_LL3f_mi,12
289,177,140,225,660,332,328,0,1,2,p_1.30.24_LL3f_mi,12
290,177,135,222,674,313,361,0,1,2,p_1.30.24_LL3f_mi,12
291,163,131,223,667,314,353,0,1,2,p_1.30.24_LL3f_mi,12
292,170,137,217,687,332,355,0,1,2,p_1.30.24_LL3f_mi,12
293,181,136,232,638,306,332,0,1,2,p_1.30.24_LL3f_mi,12
294,173,136,232,639,293,346,0,1,2,p_1.30.24_LL3f_mi,12
295,182,143,226,661,306,355,0,1,2,p_1.30.24_LL3f_mi,12
296,174,138,225,660,315,345,0,1,2,p_1.30.24_LL3f_mi,12
297,183,138,230,643,304,339,0,1,2,p_1.30.24_LL3f_mi,12
298,180,142,230,643,318,325,0,1,2,p_1.30.24_LL3f_mi,12
299,172,136,228,651,316,335,0,1,2,p_1.30.24_LL3f_mi,12
300,180,142,229,651,334,317,0,1,2,p_1.30.24_LL3f_mi,12
301,148,123,193,736,373,363,0,1,2,p_1.30.24_LL3f_mi,12
302,169,131,224,663,336,327,0,1,2,p_1.30.24_LL3f_mi,12
303,176,138,227,651,323,328,0,1,2,p_1.30.24_LL3f_mi,12
304,180,141,225,664,322,342,0,1,2,p_1.30.24_LL3f_mi,12
305,178,140,227,659,319,340,0,1,2,p_1.30.24_LL3f_mi,12
306,166,129,218,679,333,346,0,1,2,p_1.30.24_LL3f_mi,12
307,165,125,222,672,343,329,0,1,2,p_1.30.24_LL3f_mi,12
308,177,141,230,648,337,311,0,1,2,p_1.30.24_LL3f_mi,12
309,179,143,222,672,342,330,0,1,2,p_1.30.24_LL3f_mi,12
310,170,134,215,686,349,337,0,1,2,p_1.30.24_LL3f_mi,12
311,176,137,227,652,318,334,0,1,2,p_1.30.24_LL3f_mi,12
312,179,142,233,636,313,323,0,1,2,p_1.30.24_LL3f_mi,12
313,176,138,232,637,304,333,0,1,2,p_1.30.24_LL3f_mi,12
314,185,144,229,649,330,319,0,1,2,p_1.30.24_LL3f_mi,12
315,178,146,224,673,341,332,0,1,2,p_1.30.24_LL3f_mi,12
316,167,126,219,680,339,341,0,1,2,p_1.30.24_LL3f_mi,12
317,172,136,221,671,327,344,0,1,2,p_1.30.24_LL3f_mi,12
318,161,131,213,688,343,345,0,1,2,p_1.30.24_LL3f_mi,12
319,177,129,224,660,337,323,0,1,2,p_1.30.24_LL3f_mi,12
320,176,130,225,658,338,320,0,1,2,p_1.30.24_LL3f_mi,12
321,177,125,227,654,342,312,0,1,2,p_1.30.24_LL3f_mi,12
322,173,136,219,678,352,326,0,1,2,p_1.30.24_LL3f_mi,12
323,179,134,226,661,343,318,0,1,2,p_1.30.24_LL3f_mi,12
324,174,136,222,671,339,332,0,1,2,p_1.30.24_LL3f_mi,12
325,170,133,221,670,353,317,0,1,2,p_1.30.24_LL3f_mi,12
326,157,125,207,707,356,351,0,1,2,p_1.30.24_LL3f_mi,12
327,176,124,229,655,324,331,0,1,2,p_1.30.24_LL3f_mi,12
328,180,134,231,644,323,321,0,1,2,p_1.30.24_LL3f_mi,12
329,178,138,232,638,300,338,0,1,2,p_1.30.24_LL3f_mi,12
330,186,148,232,640,304,336,0,1,2,p_1.30.24_LL3f_mi,12
331,171,136,223,671,321,350,0,1,2,p_1.30.24_LL3f_mi,12
332,169,128,223,669,328,341,0,1,2,p_1.30.24_LL3f_mi,12
333,170,127,220,677,338,339,0,1,2,p_1.30.24_LL3f_mi,12
334,165,141,214,689,357,332,0,1,2,p_1.30.24_LL3f_mi,12
335,170,132,217,680,365,315,0,1,2,p_1.30.24_LL3f_mi,12
336,182,134,230,642,338,304,0,1,2,p_1.30.24_LL3f_mi,12
337,181,143,226,657,354,303,0,1,2,p_1.30.24_LL3f_mi,12
338,178,138,226,663,352,311,0,1,2,p_1.30.24_LL3f_mi,12
339,178,132,225,656,337,319,0,1,2,p_1.30.24_LL3f_mi,12
340,174,136,222,662,328,334,0,1,2,p_1.30.24_LL3f_mi,12
341,169,129,224,668,334,334,0,1,2,p_1.30.24_LL3f_mi,12
342,176,135,224,661,323,338,0,1,2,p_1.30.24_LL3f_mi,12
343,169,137,225,662,335,327,0,1,2,p_1.30.24_LL3f_mi,12
344,182,143,230,645,329,316,0,1,2,p_1.30.24_LL3f_mi,12
345,180,134,228,654,348,306,0,1,2,p_1.30.24_LL3f_mi,12
346,171,132,225,660,337,323,0,1,2,p_1.30.24_LL3f_mi,12
347,174,138,224,666,323,343,0,1,2,p_1.30.24_LL3f_mi,12
348,173,134,224,663,309,354,0,1,2,p_1.30.24_LL3f_mi,12
349,165,139,220,675,319,356,0,1,2,p_1.30.24_LL3f_mi,12
350,178,139,230,646,323,323,0,1,2,p_1.30.24_LL3f_mi,12
1,5,5,7,615,300,315,0,1,3,p_1.30.24_LL3f_mi,12
2,97,85,122,856,429,427,0,1,3,p_1.30.24_LL3f_mi,12
3,135,111,176,770,394,376,0,1,3,p_1.30.24_LL3f_mi,12
4,161,132,204,719,375,344,0,1,3,p_1.30.24_LL3f_mi,12
5,175,128,228,657,337,320,0,1,3,p_1.30.24_LL3f_mi,12
6,181,139,232,636,314,322,0,1,3,p_1.30.24_LL3f_mi,12
7,175,137,227,652,302,350,0,1,3,p_1.30.24_LL3f_mi,12
8,157,124,214,691,321,370,0,1,3,p_1.30.24_LL3f_mi,12
9,161,128,210,701,330,371,0,1,3,p_1.30.24_LL3f_mi,12
10,172,146,222,670,314,356,0,1,3,p_1.30.24_LL3f_mi,12
11,182,139,230,646,301,345,0,1,3,p_1.30.24_LL3f_mi,12
12,168,124,219,675,341,334,0,1,3,p_1.30.24_LL3f_mi,12
13,173,127,231,630,318,312,0,1,3,p_1.30.24_LL3f_mi,12
14,171,143,218,683,346,337,0,1,3,p_1.30.24_LL3f_mi,12
15,162,131,214,689,343,346,0,1,3,p_1.30.24_LL3f_mi,12
16,170,127,226,651,320,331,0,1,3,p_1.30.24_LL3f_mi,12
17,166,131,219,674,317,357,0,1,3,p_1.30.24_LL3f_mi,12
18,170,134,220,677,333,344,0,1,3,p_1.30.24_LL3f_mi,12
19,175,134,231,646,307,339,0,1,3,p_1.30.24_LL3f_mi,12
20,176,140,225,655,326,329,0,1,3,p_1.30.24_LL3f_mi,12
21,171,135,224,663,320,343,0,1,3,p_1.30.24_LL3f_mi,12
22,186,140,225,655,318,337,0,1,3,p_1.30.24_LL3f_mi,12
23,187,144,235,635,318,317,0,1,3,p_1.30.24_LL3f_mi,12
24,176,142,231,647,314,333,0,1,3,p_1.30.24_LL3f_mi,12
25,172,134,226,664,337,327,0,1,3,p_1.30.24_LL3f_mi,12
26,169,137,213,700,342,358,0,1,3,p_1.30.24_LL3f_mi,12
27,174,134,228,654,318,336,0,1,3,p_1.30.24_LL3f_mi,12
28,169,135,212,691,347,344,0,1,3,p_1.30.24_LL3f_mi,12
29,170,128,218,681,341,340,0,1,3,p_1.30.24_LL3f_mi,12
30,174,131,225,653,328,325,0,1,3,p_1.30.24_LL3f_mi,12
31,179,137,228,653,327,326,0,1,3,p_1.30.24_LL3f_mi,12
32,167,128,223,669,335,334,0,1,3,p_1.30.24_LL3f_mi,12
33,180,130,227,658,329,329,0,1,3,p_1.30.24_LL3f_mi,12
34,178,135,228,646,320,326,0,1,3,p_1.30.24_LL3f_mi,12
35,166,131,225,657,339,318,0,1,3,p_1.30.24_LL3f_mi,12
36,172,130,219,672,353,319,0,1,3,p_1.30.24_LL3f_mi,12
37,173,136,221,675,345,330,0,1,3,p_1.30.24_LL3f_mi,12
38,180,138,228,653,335,318,0,1,3,p_1.30.24_LL3f_mi,12
39,173,128,221,673,328,345,0,1,3,p_1.30.24_LL3f_mi,12
40,174,139,228,655,315,340,0,1,3,p_1.30.24_LL3f_mi,12
41,169,136,223,665,328,337,0,1,3,p_1.30.24_LL3f_mi,12
42,182,144,232,642,326,316,0,1,3,p_1.30.24_LL3f_mi,12
43,175,139,223,662,325,337,0,1,3,p_1.30.24_LL3f_mi,12
44,164,133,213,692,343,349,0,1,3,p_1.30.24_LL3f_mi,12
45,173,144,223,664,308,356,0,1,3,p_1.30.24_LL3f_mi,12
46,174,140,229,643,309,334,0,1,3,p_1.30.24_LL3f_mi,12
47,172,137,223,671,336,335,0,1,3,p_1.30.24_LL3f_mi,12
48,170,138,222,666,318,348,0,1,3,p_1.30.24_LL3f_mi,12
49,168,130,223,671,319,352,0,1,3,p_1.30.24_LL3f_mi,12
50,174,138,220,675,324,351,0,1,3,p_1.30.24_LL3f_mi,12
51,159,128,209,702,334,368,0,1,3,p_1.30.24_LL3f_mi,12
52,176,136,225,657,315,342,0,1,3,p_1.30.24_LL3f_mi,12
53,176,137,226,653,309,344,0,1,3,p_1.30.24_LL3f_mi,12
54,177,137,226,659,314,345,0,1,3,p_1.30.24_LL3f_mi,12
55,173,139,221,674,308,366,0,1,3,p_1.30.24_LL3f_mi,12
56,169,134,225,665,321,344,0,1,3,p_1.30.24_LL3f_mi,12
57,174,133,222,672,326,346,0,1,3,p_1.30.24_LL3f_mi,12
58,172,139,215,687,343,344,0,1,3,p_1.30.24_LL3f_mi,12
59,175,135,227,652,342,310,0,1,3,p_1.30.24_LL3f_mi,12
60,169,134,219,675,335,340,0,1,3,p_1.30.24_LL3f_mi,12
61,169,131,223,664,330,334,0,1,3,p_1.30.24_LL3f_mi,12
62,175,135,227,654,328,326,0,1,3,p_1.30.24_LL3f_mi,12
63,169,131,221,676,328,348,0,1,3,p_1.30.24_LL3f_mi,12
64,165,126,218,678,336,342,0,1,3,p_1.30.24_LL3f_mi,12
65,180,137,229,648,337,311,0,1,3,p_1.30.24_LL3f_mi,12
66,178,137,227,652,312,340,0,1,3,p_1.30.24_LL3f_mi,12
67,178,138,225,668,326,342,0,1,3,p_1.30.24_LL3f_mi,12
68,172,140,219,673,333,340,0,1,3,p_1.30.24_LL3f_mi,12
69,168,132,217,683,328,355,0,1,3,p_1.30.24_LL3f_mi,12
70,179,139,223,669,315,354,0,1,3,p_1.30.24_LL3f_mi,12
71,174,128,225,658,315,343,0,1,3,p_1.30.24_LL3f_mi,12
72,179,144,231,643,304,339,0,1,3,p_1.30.24_LL3f_mi,12
73,168,133,223,671,322,349,0,1,3,p_1.30.24_LL3f_mi,12
74,179,141,222,672,317,355,0,1,3,p_1.30.24_LL3f_mi,12
75,166,130,221,670,322,348,0,1,3,p_1.30.24_LL3f_mi,12
76,165,134,210,701,323,378,0,1,3,p_1.30.24_LL3f_mi,12
77,172,130,225,660,293,367,0,1,3,p_1.30.24_LL3f_mi,12
78,184,149,233,630,269,361,0,1,3,p_1.30.24_LL3f_mi,12
79,189,146,237,624,283,341,0,1,3,p_1.30.24_LL3f_mi,12
80,174,144,222,673,333,340,0,1,3,p_1.30.24_LL3f_mi,12
81,173,131,223,669,331,338,0,1,3,p_1.30.24_LL3f_mi,12
82,170,130,223,664,326,338,0,1,3,p_1.30.24_LL3f_mi,12
83,180,145,228,650,317,333,0,1,3,p_1.30.24_LL3f_mi,12
84,178,142,224,659,319,340,0,1,3,p_1.30.24_LL3f_mi,12
85,165,130,220,681,317,364,0,1,3,p_1.30.24_LL3f_mi,12
86,173,136,224,669,330,339,0,1,3,p_1.30.24_LL3f_mi,12
87,176,132,228,651,314,337,0,1,3,p_1.30.24_LL3f_mi,12
88,178,139,220,677,344,333,0,1,3,p_1.30.24_LL3f_mi,12
89,165,128,215,692,364,328,0,1,3,p_1.30.24_LL3f_mi,12
90,178,141,219,677,352,325,0,1,3,p_1.30.24_LL3f_mi,12
91,171,130,222,673,355,318,0,1,3,p_1.30.24_LL3f_mi,12
92,182,134,230,644,335,309,0,1,3,p_1.30.24_LL3f_mi,12
93,183,135,227,657,347,310,0,1,3,p_1.30.24_LL3f_mi,12
94,175,138,219,674,352,322,0,1,3,p_1.30.24_LL3f_mi,12
95,161,130,214,698,347,351,0,1,3,p_1.30.24_LL3f_mi,12
96,172,130,218,675,341,334,0,1,3,p_1.30.24_LL3f_mi,12
97,175,135,226,654,307,347,0,1,3,p_1.30.24_LL3f_mi,12
98,172,136,219,683,316,367,0,1,3,p_1.30.24_LL3f_mi,12
99,168,128,218,677,330,347,0,1,3,p_1.30.24_LL3f_mi,12
100,151,121,197,650,313,337,0,1,3,p_1.30.24_LL3f_mi,12
101,111,92,143,677,325,352,0,1,3,p_1.30.24_LL3f_mi,12
102,108,90,141,608,293,315,0,1,3,p_1.30.24_LL3f_mi,12
103,112,92,141,529,259,270,0,1,3,p_1.30.24_LL3f_mi,12
104,100,86,132,466,223,243,0,1,3,p_1.30.24_LL3f_mi,12
105,91,71,113,432,211,221,0,1,3,p_1.30.24_LL3f_mi,12
106,73,63,88,400,197,203,0,1,3,p_1.30.24_LL3f_mi,12
107,70,52,88,320,165,155,0,1,3,p_1.30.24_LL3f_mi,12
108,42,37,61,292,156,136,0,1,3,p_1.30.24_LL3f_mi,12
109,36,32,44,249,131,118,0,1,3,p_1.30.24_LL3f_mi,12
110,25,19,31,208,102,106,0,1,3,p_1.30.24_LL3f_mi,12
111,30,23,38,168,83,85,0,1,3,p_1.30.24_LL3f_mi,12
112,29,22,37,144,67,77,0,1,3,p_1.30.24_LL3f_mi,12
113,27,21,36,133,58,75,0,1,3,p_1.30.24_LL3f_mi,12
114,27,22,35,119,56,63,0,1,3,p_1.30.24_LL3f_mi,12
115,26,24,35,114,51,63,0,1,3,p_1.30.24_LL3f_mi,12
116,25,18,32,93,45,48,0,1,3,p_1.30.24_LL3f_mi,12
117,25,20,33,102,53,49,0,1,3,p_1.30.24_LL3f_mi,12
118,24,17,33,95,46,49,0,1,3,p_1.30.24_LL3f_mi,12
119,27,19,33,95,40,55,0,1,3,p_1.30.24_LL3f_mi,12
120,26,19,32,93,34,59,0,1,3,p_1.30.24_LL3f_mi,12
121,29,25,33,96,40,56,0,1,3,p_1.30.24_LL3f_mi,12
122,25,17,32,98,44,54,0,1,3,p_1.30.24_LL3f_mi,12
123,23,19,32,96,46,50,0,1,3,p_1.30.24_LL3f_mi,12
124,26,19,34,100,51,49,0,1,3,p_1.30.24_LL3f_mi,12
125,26,19,34,108,54,54,15,1,3,p_1.30.24_LL3f_mi,12
126,27,22,35,110,55,55,8,1,3,p_1.30.24_LL3f_mi,12
127,26,22,35,109,52,57,4,1,3,p_1.30.24_LL3f_mi,12
128,29,22,34,105,50,55,3,1,3,p_1.30.24_LL3f_mi,12
129,26,19,33,94,43,51,0,1,3,p_1.30.24_LL3f_mi,12
130,29,21,33,99,48,51,0,1,3,p_1.30.24_LL3f_mi,12
131,25,21,33,96,43,53,0,1,3,p_1.30.24_LL3f_mi,12
132,23,17,32,97,46,51,0,1,3,p_1.30.24_LL3f_mi,12
133,26,19,33,92,47,45,0,1,3,p_1.30.24_LL3f_mi,12
134,26,19,33,98,46,52,0,1,3,p_1.30.24_LL3f_mi,12
135,24,19,33,98,49,49,0,1,3,p_1.30.24_LL3f_mi,12
136,23,18,32,96,46,50,0,1,3,p_1.30.24_LL3f_mi,12
137,25,21,34,100,49,51,0,1,3,p_1.30.24_LL3f_mi,12
138,25,21,32,95,48,47,0,1,3,p_1.30.24_LL3f_mi,12
139,23,20,31,104,54,50,0,1,3,p_1.30.24_LL3f_mi,12
140,27,21,36,131,63,68,14,1,3,p_1.30.24_LL3f_mi,12
141,32,23,37,124,61,63,11,1,3,p_1.30.24_LL3f_mi,12
142,27,19,35,112,57,55,6,1,3,p_1.30.24_LL3f_mi,12
143,27,23,36,107,50,57,2,1,3,p_1.30.24_LL3f_mi,12
144,26,23,33,110,53,57,2,1,3,p_1.30.24_LL3f_mi,12
145,27,22,35,112,53,59,0,1,3,p_1.30.24_LL3f_mi,12
146,25,19,33,105,53,52,0,1,3,p_1.30.24_LL3f_mi,12
147,25,21,34,106,51,55,0,1,3,p_1.30.24_LL3f_mi,12
148,29,26,34,106,54,52,0,1,3,p_1.30.24_LL3f_mi,12
149,26,22,33,100,55,45,0,1,3,p_1.30.24_LL3f_mi,12
150,25,19,33,95,57,38,0,1,3,p_1.30.24_LL3f_mi,12
151,50,29,73,102,53,49,0,1,3,p_1.30.24_LL3f_mi,12
152,59,37,87,134,59,75,0,1,3,p_1.30.24_LL3f_mi,12
153,78,57,114,185,81,104,0,1,3,p_1.30.24_LL3f_mi,12
154,95,61,139,239,98,141,0,1,3,p_1.30.24_LL3f_mi,12
155,118,91,162,316,146,170,18,1,3,p_1.30.24_LL3f_mi,12
156,139,99,179,379,186,193,8,1,3,p_1.30.24_LL3f_mi,12
157,149,114,195,426,228,198,2,1,3,p_1.30.24_LL3f_mi,12
158,167,124,208,503,263,240,0,1,3,p_1.30.24_LL3f_mi,12
159,173,127,224,554,275,279,0,1,3,p_1.30.24_LL3f_mi,12
160,184,142,241,598,300,298,0,1,3,p_1.30.24_LL3f_mi,12
161,180,134,230,648,320,328,0,1,3,p_1.30.24_LL3f_mi,12
162,176,125,225,660,327,333,0,1,3,p_1.30.24_LL3f_mi,12
163,177,137,226,655,322,333,0,1,3,p_1.30.24_LL3f_mi,12
164,171,125,225,669,324,345,0,1,3,p_1.30.24_LL3f_mi,12
165,179,135,224,667,329,338,0,1,3,p_1.30.24_LL3f_mi,12
166,182,143,228,651,321,330,0,1,3,p_1.30.24_LL3f_mi,12
167,172,138,224,658,309,349,0,1,3,p_1.30.24_LL3f_mi,12
168,178,138,224,663,313,350,0,1,3,p_1.30.24_LL3f_mi,12
169,177,137,226,660,306,354,0,1,3,p_1.30.24_LL3f_mi,12
170,164,132,213,696,313,383,15,1,3,p_1.30.24_LL3f_mi,12
171,166,135,210,704,338,366,4,1,3,p_1.30.24_LL3f_mi,12
172,180,142,228,657,320,337,3,1,3,p_1.30.24_LL3f_mi,12
173,179,140,230,647,325,322,1,1,3,p_1.30.24_LL3f_mi,12
174,177,133,228,656,330,326,0,1,3,p_1.30.24_LL3f_mi,12
175,180,136,229,648,332,316,0,1,3,p_1.30.24_LL3f_mi,12
176,164,131,212,699,369,330,0,1,3,p_1.30.24_LL3f_mi,12
177,172,135,222,672,343,329,0,1,3,p_1.30.24_LL3f_mi,12
178,175,134,225,657,316,341,0,1,3,p_1.30.24_LL3f_mi,12
179,172,141,219,676,330,346,0,1,3,p_1.30.24_LL3f_mi,12
180,185,142,234,636,316,320,0,1,3,p_1.30.24_LL3f_mi,12
181,177,135,229,644,313,331,0,1,3,p_1.30.24_LL3f_mi,12
182,178,140,231,638,310,328,0,1,3,p_1.30.24_LL3f_mi,12
183,168,137,220,675,329,346,0,1,3,p_1.30.24_LL3f_mi,12
184,180,139,230,656,298,358,0,1,3,p_1.30.24_LL3f_mi,12
185,169,134,217,682,339,343,0,1,3,p_1.30.24_LL3f_mi,12
186,176,134,221,667,340,327,0,1,3,p_1.30.24_LL3f_mi,12
187,173,137,220,682,359,323,0,1,3,p_1.30.24_LL3f_mi,12
188,175,132,219,677,349,328,0,1,3,p_1.30.24_LL3f_mi,12
189,179,129,230,644,324,320,0,1,3,p_1.30.24_LL3f_mi,12
190,179,143,232,645,321,324,0,1,3,p_1.30.24_LL3f_mi,12
191,186,140,232,646,324,322,0,1,3,p_1.30.24_LL3f_mi,12
192,173,136,218,683,338,345,0,1,3,p_1.30.24_LL3f_mi,12
193,165,137,217,683,346,337,0,1,3,p_1.30.24_LL3f_mi,12
194,174,135,224,663,326,337,0,1,3,p_1.30.24_LL3f_mi,12
195,170,130,218,687,342,345,0,1,3,p_1.30.24_LL3f_mi,12
196,175,138,221,677,340,337,0,1,3,p_1.30.24_LL3f_mi,12
197,180,137,230,648,321,327,0,1,3,p_1.30.24_LL3f_mi,12
198,177,141,222,672,335,337,0,1,3,p_1.30.24_LL3f_mi,12
199,167,122,219,673,353,320,0,1,3,p_1.30.24_LL3f_mi,12
200,158,130,210,696,362,334,0,1,3,p_1.30.24_LL3f_mi,12
201,163,133,212,697,358,339,0,1,3,p_1.30.24_LL3f_mi,12
202,181,123,228,652,341,311,0,1,3,p_1.30.24_LL3f_mi,12
203,180,145,228,655,336,319,0,1,3,p_1.30.24_LL3f_mi,12
204,176,134,224,663,342,321,0,1,3,p_1.30.24_LL3f_mi,12
205,184,138,234,641,317,324,0,1,3,p_1.30.24_LL3f_mi,12
206,177,137,225,661,317,344,0,1,3,p_1.30.24_LL3f_mi,12
207,168,141,217,683,334,349,0,1,3,p_1.30.24_LL3f_mi,12
208,171,145,223,670,326,344,0,1,3,p_1.30.24_LL3f_mi,12
209,178,140,230,647,310,337,0,1,3,p_1.30.24_LL3f_mi,12
210,173,134,221,672,307,365,0,1,3,p_1.30.24_LL3f_mi,12
211,182,149,230,648,297,351,0,1,3,p_1.30.24_LL3f_mi,12
212,176,135,226,658,312,346,0,1,3,p_1.30.24_LL3f_mi,12
213,183,140,230,648,311,337,0,1,3,p_1.30.24_LL3f_mi,12
214,171,138,220,671,335,336,0,1,3,p_1.30.24_LL3f_mi,12
215,161,129,221,678,327,351,0,1,3,p_1.30.24_LL3f_mi,12
216,178,136,228,650,316,334,0,1,3,p_1.30.24_LL3f_mi,12
217,183,137,226,655,319,336,0,1,3,p_1.30.24_LL3f_mi,12
218,178,142,224,664,338,326,0,1,3,p_1.30.24_LL3f_mi,12
219,168,127,219,673,355,318,0,1,3,p_1.30.24_LL3f_mi,12
220,181,142,227,659,338,321,0,1,3,p_1.30.24_LL3f_mi,12
221,175,140,224,663,334,329,0,1,3,p_1.30.24_LL3f_mi,12
222,179,135,229,647,335,312,0,1,3,p_1.30.24_LL3f_mi,12
223,182,142,222,668,346,322,0,1,3,p_1.30.24_LL3f_mi,12
224,179,134,228,654,330,324,0,1,3,p_1.30.24_LL3f_mi,12
225,181,140,225,657,349,308,0,1,3,p_1.30.24_LL3f_mi,12
226,161,135,212,701,362,339,0,1,3,p_1.30.24_LL3f_mi,12
227,176,143,225,664,346,318,0,1,3,p_1.30.24_LL3f_mi,12
228,178,139,222,672,344,328,0,1,3,p_1.30.24_LL3f_mi,12
229,175,126,222,675,339,336,0,1,3,p_1.30.24_LL3f_mi,12
230,171,139,226,657,327,330,0,1,3,p_1.30.24_LL3f_mi,12
231,173,126,227,653,341,312,0,1,3,p_1.30.24_LL3f_mi,12
232,172,125,221,675,355,320,0,1,3,p_1.30.24_LL3f_mi,12
233,179,145,226,660,345,315,0,1,3,p_1.30.24_LL3f_mi,12
234,176,130,228,651,336,315,0,1,3,p_1.30.24_LL3f_mi,12
235,177,130,222,671,331,340,0,1,3,p_1.30.24_LL3f_mi,12
236,173,131,224,667,327,340,0,1,3,p_1.30.24_LL3f_mi,12
237,173,131,226,655,304,351,0,1,3,p_1.30.24_LL3f_mi,12
238,169,135,223,673,319,354,0,1,3,p_1.30.24_LL3f_mi,12
239,177,130,223,676,327,349,0,1,3,p_1.30.24_LL3f_mi,12
240,175,132,224,663,337,326,0,1,3,p_1.30.24_LL3f_mi,12
241,181,140,229,650,318,332,0,1,3,p_1.30.24_LL3f_mi,12
242,176,127,225,661,309,352,0,1,3,p_1.30.24_LL3f_mi,12
243,171,128,223,669,340,329,0,1,3,p_1.30.24_LL3f_mi,12
244,174,135,224,664,341,323,0,1,3,p_1.30.24_LL3f_mi,12
245,178,142,227,655,320,335,0,1,3,p_1.30.24_LL3f_mi,12
246,184,137,222,668,317,351,0,1,3,p_1.30.24_LL3f_mi,12
247,171,137,224,661,317,344,0,1,3,p_1.30.24_LL3f_mi,12
248,163,136,216,681,313,368,0,1,3,p_1.30.24_LL3f_mi,12
249,174,134,215,693,307,386,0,1,3,p_1.30.24_LL3f_mi,12
250,183,140,232,641,290,351,0,1,3,p_1.30.24_LL3f_mi,12
251,163,127,206,710,327,383,0,1,3,p_1.30.24_LL3f_mi,12
252,181,143,226,658,309,349,0,1,3,p_1.30.24_LL3f_mi,12
253,164,125,211,697,341,356,0,1,3,p_1.30.24_LL3f_mi,12
254,169,133,221,673,335,338,0,1,3,p_1.30.24_LL3f_mi,12
255,173,136,226,661,331,330,0,1,3,p_1.30.24_LL3f_mi,12
256,176,131,224,662,329,333,0,1,3,p_1.30.24_LL3f_mi,12
257,169,135,220,674,339,335,0,1,3,p_1.30.24_LL3f_mi,12
258,176,137,232,637,313,324,0,1,3,p_1.30.24_LL3f_mi,12
259,171,131,228,652,341,311,0,1,3,p_1.30.24_LL3f_mi,12
260,175,137,224,665,361,304,0,1,3,p_1.30.24_LL3f_mi,12
261,178,133,230,643,340,303,0,1,3,p_1.30.24_LL3f_mi,12
262,173,136,223,663,342,321,0,1,3,p_1.30.24_LL3f_mi,12
263,168,134,218,681,347,334,0,1,3,p_1.30.24_LL3f_mi,12
264,177,136,226,654,337,317,0,1,3,p_1.30.24_LL3f_mi,12
265,182,133,225,658,351,307,0,1,3,p_1.30.24_LL3f_mi,12
266,165,129,218,682,355,327,0,1,3,p_1.30.24_LL3f_mi,12
267,164,122,219,676,359,317,0,1,3,p_1.30.24_LL3f_mi,12
268,174,133,219,685,359,326,0,1,3,p_1.30.24_LL3f_mi,12
269,175,143,222,667,344,323,0,1,3,p_1.30.24_LL3f_mi,12
270,173,140,221,670,343,327,0,1,3,p_1.30.24_LL3f_mi,12
271,174,138,222,668,325,343,0,1,3,p_1.30.24_LL3f_mi,12
272,167,125,223,666,326,340,0,1,3,p_1.30.24_LL3f_mi,12
273,183,143,229,647,326,321,0,1,3,p_1.30.24_LL3f_mi,12
274,173,138,223,666,330,336,0,1,3,p_1.30.24_LL3f_mi,12
275,173,133,224,666,334,332,0,1,3,p_1.30.24_LL3f_mi,12
276,168,133,211,699,356,343,0,1,3,p_1.30.24_LL3f_mi,12
277,174,137,222,672,341,331,0,1,3,p_1.30.24_LL3f_mi,12
278,172,128,229,644,330,314,0,1,3,p_1.30.24_LL3f_mi,12
279,172,127,227,656,342,314,0,1,3,p_1.30.24_LL3f_mi,12
280,181,132,226,651,337,314,0,1,3,p_1.30.24_LL3f_mi,12
281,174,138,229,641,324,317,0,1,3,p_1.30.24_LL3f_mi,12
282,169,132,222,667,337,330,0,1,3,p_1.30.24_LL3f_mi,12
283,176,139,219,679,329,350,0,1,3,p_1.30.24_LL3f_mi,12
284,175,143,221,671,321,350,0,1,3,p_1.30.24_LL3f_mi,12
285,180,129,230,650,316,334,0,1,3,p_1.30.24_LL3f_mi,12
286,182,137,231,644,314,330,0,1,3,p_1.30.24_LL3f_mi,12
287,175,129,229,649,320,329,0,1,3,p_1.30.24_LL3f_mi,12
288,177,141,226,656,334,322,0,1,3,p_1.30.24_LL3f_mi,12
289,184,138,228,652,329,323,0,1,3,p_1.30.24_LL3f_mi,12
290,173,136,224,664,330,334,0,1,3,p_1.30.24_LL3f_mi,12
291,172,132,222,671,353,318,0,1,3,p_1.30.24_LL3f_mi,12
292,171,125,224,662,350,312,0,1,3,p_1.30.24_LL3f_mi,12
293,180,144,226,666,342,324,0,1,3,p_1.30.24_LL3f_mi,12
294,180,145,228,649,321,328,0,1,3,p_1.30.24_LL3f_mi,12
295,180,145,227,658,338,320,0,1,3,p_1.30.24_LL3f_mi,12
296,176,134,221,674,346,328,0,1,3,p_1.30.24_LL3f_mi,12
297,174,131,223,667,356,311,0,1,3,p_1.30.24_LL3f_mi,12
298,174,132,221,672,355,317,0,1,3,p_1.30.24_LL3f_mi,12
299,174,133,225,660,340,320,0,1,3,p_1.30.24_LL3f_mi,12
300,176,137,224,666,343,323,0,1,3,p_1.30.24_LL3f_mi,12
301,154,130,201,721,374,347,0,1,3,p_1.30.24_LL3f_mi,12
302,173,132,224,665,344,321,0,1,3,p_1.30.24_LL3f_mi,12
303,171,139,227,657,342,315,0,1,3,p_1.30.24_LL3f_mi,12
304,179,139,229,655,337,318,0,1,3,p_1.30.24_LL3f_mi,12
305,180,139,225,661,347,314,0,1,3,p_1.30.24_LL3f_mi,12
306,174,134,222,665,365,300,0,1,3,p_1.30.24_LL3f_mi,12
307,179,137,222,667,352,315,0,1,3,p_1.30.24_LL3f_mi,12
308,177,131,223,679,356,323,0,1,3,p_1.30.24_LL3f_mi,12
309,169,132,222,668,348,320,0,1,3,p_1.30.24_LL3f_mi,12
310,162,122,211,699,369,330,0,1,3,p_1.30.24_LL3f_mi,12
311,161,130,215,685,352,333,0,1,3,p_1.30.24_LL3f_mi,12
312,164,130,212,694,362,332,0,1,3,p_1.30.24_LL3f_mi,12
313,175,133,223,667,343,324,0,1,3,p_1.30.24_LL3f_mi,12
314,176,148,222,679,343,336,0,1,3,p_1.30.24_LL3f_mi,12
315,177,137,225,655,330,325,0,1,3,p_1.30.24_LL3f_mi,12
316,171,135,219,672,331,341,0,1,3,p_1.30.24_LL3f_mi,12
317,174,141,225,661,311,350,0,1,3,p_1.30.24_LL3f_mi,12
318,175,135,226,656,303,353,0,1,3,p_1.30.24_LL3f_mi,12
319,174,139,220,673,313,360,0,1,3,p_1.30.24_LL3f_mi,12
320,177,141,226,657,314,343,0,1,3,p_1.30.24_LL3f_mi,12
321,178,144,229,655,322,333,0,1,3,p_1.30.24_LL3f_mi,12
322,169,134,229,649,317,332,0,1,3,p_1.30.24_LL3f_mi,12
323,174,138,222,668,334,334,0,1,3,p_1.30.24_LL3f_mi,12
324,175,137,227,649,329,320,0,1,3,p_1.30.24_LL3f_mi,12
325,174,139,225,659,335,324,0,1,3,p_1.30.24_LL3f_mi,12
326,159,124,212,700,345,355,0,1,3,p_1.30.24_LL3f_mi,12
327,178,136,227,656,332,324,0,1,3,p_1.30.24_LL3f_mi,12
328,185,148,228,650,304,346,0,1,3,p_1.30.24_LL3f_mi,12
329,176,140,227,651,307,344,0,1,3,p_1.30.24_LL3f_mi,12
330,169,139,217,681,341,340,0,1,3,p_1.30.24_LL3f_mi,12
331,175,138,225,656,347,309,0,1,3,p_1.30.24_LL3f_mi,12
332,179,140,224,666,351,315,0,1,3,p_1.30.24_LL3f_mi,12
333,188,130,235,632,345,287,0,1,3,p_1.30.24_LL3f_mi,12
334,175,136,226,657,343,314,0,1,3,p_1.30.24_LL3f_mi,12
335,168,127,220,675,354,321,0,1,3,p_1.30.24_LL3f_mi,12
336,177,129,229,648,343,305,0,1,3,p_1.30.24_LL3f_mi,12
337,171,138,220,673,348,325,0,1,3,p_1.30.24_LL3f_mi,12
338,183,142,229,641,317,324,0,1,3,p_1.30.24_LL3f_mi,12
339,177,131,232,644,328,316,0,1,3,p_1.30.24_LL3f_mi,12
340,175,135,226,653,329,324,0,1,3,p_1.30.24_LL3f_mi,12
341,176,128,229,651,337,314,0,1,3,p_1.30.24_LL3f_mi,12
342,173,128,222,670,347,323,0,1,3,p_1.30.24_LL3f_mi,12
343,173,138,221,665,344,321,0,1,3,p_1.30.24_LL3f_mi,12
344,184,138,233,632,308,324,0,1,3,p_1.30.24_LL3f_mi,12
345,170,134,221,676,349,327,0,1,3,p_1.30.24_LL3f_mi,12
346,172,136,227,650,330,320,0,1,3,p_1.30.24_LL3f_mi,12
347,182,139,228,653,319,334,0,1,3,p_1.30.24_LL3f_mi,12
348,172,130,226,665,313,352,0,1,3,p_1.30.24_LL3f_mi,12
349,174,139,230,640,300,340,0,1,3,p_1.30.24_LL3f_mi,12
350,169,137,218,681,328,353,0,1,3,p_1.30.24_LL3f_mi,12
1,5,5,6,627,306,321,0,1,4,p_1.30.24_LL3f_mi,12
2,96,83,121,858,411,447,0,1,4,p_1.30.24_LL3f_mi,12
3,129,112,166,790,384,406,0,1,4,p_1.30.24_LL3f_mi,12
4,162,128,209,706,343,363,0,1,4,p_1.30.24_LL3f_mi,12
5,165,128,218,679,347,332,0,1,4,p_1.30.24_LL3f_mi,12
6,169,134,222,663,340,323,0,1,4,p_1.30.24_LL3f_mi,12
7,174,120,224,670,341,329,0,1,4,p_1.30.24_LL3f_mi,12
8,179,140,229,659,322,337,0,1,4,p_1.30.24_LL3f_mi,12
9,173,128,224,659,316,343,0,1,4,p_1.30.24_LL3f_mi,12
10,170,139,223,673,335,338,0,1,4,p_1.30.24_LL3f_mi,12
11,168,134,223,668,337,331,0,1,4,p_1.30.24_LL3f_mi,12
12,174,133,226,660,326,334,0,1,4,p_1.30.24_LL3f_mi,12
13,174,138,222,664,323,341,0,1,4,p_1.30.24_LL3f_mi,12
14,177,128,228,652,314,338,0,1,4,p_1.30.24_LL3f_mi,12
15,176,132,223,670,326,344,0,1,4,p_1.30.24_LL3f_mi,12
16,171,142,219,680,323,357,0,1,4,p_1.30.24_LL3f_mi,12
17,180,132,227,655,340,315,0,1,4,p_1.30.24_LL3f_mi,12
18,182,132,233,641,325,316,0,1,4,p_1.30.24_LL3f_mi,12
19,180,138,222,662,340,322,0,1,4,p_1.30.24_LL3f_mi,12
20,178,146,225,663,341,322,0,1,4,p_1.30.24_LL3f_mi,12
21,178,136,224,668,341,327,0,1,4,p_1.30.24_LL3f_mi,12
22,175,136,221,671,345,326,0,1,4,p_1.30.24_LL3f_mi,12
23,176,139,222,671,350,321,0,1,4,p_1.30.24_LL3f_mi,12
24,173,143,222,669,343,326,0,1,4,p_1.30.24_LL3f_mi,12
25,167,134,223,665,337,328,0,1,4,p_1.30.24_LL3f_mi,12
26,173,136,212,698,363,335,0,1,4,p_1.30.24_LL3f_mi,12
27,161,131,208,705,371,334,0,1,4,p_1.30.24_LL3f_mi,12
28,175,130,223,671,357,314,0,1,4,p_1.30.24_LL3f_mi,12
29,173,139,224,660,335,325,0,1,4,p_1.30.24_LL3f_mi,12
30,177,131,226,655,327,328,0,1,4,p_1.30.24_LL3f_mi,12
31,184,147,229,657,319,338,0,1,4,p_1.30.24_LL3f_mi,12
32,179,139,229,652,312,340,0,1,4,p_1.30.24_LL3f_mi,12
33,176,139,227,656,331,325,0,1,4,p_1.30.24_LL3f_mi,12
34,170,141,213,692,347,345,0,1,4,p_1.30.24_LL3f_mi,12
35,173,138,221,674,327,347,0,1,4,p_1.30.24_LL3f_mi,12
36,173,142,220,676,334,342,0,1,4,p_1.30.24_LL3f_mi,12
37,176,142,220,673,339,334,0,1,4,p_1.30.24_LL3f_mi,12
38,170,138,225,657,339,318,0,1,4,p_1.30.24_LL3f_mi,12
39,186,148,232,638,325,313,0,1,4,p_1.30.24_LL3f_mi,12
40,173,124,225,663,333,330,0,1,4,p_1.30.24_LL3f_mi,12
41,181,144,227,650,313,337,0,1,4,p_1.30.24_LL3f_mi,12
42,176,133,226,653,318,335,0,1,4,p_1.30.24_LL3f_mi,12
43,178,147,229,652,317,335,0,1,4,p_1.30.24_LL3f_mi,12
44,173,142,223,669,329,340,0,1,4,p_1.30.24_LL3f_mi,12
45,173,140,217,682,345,337,0,1,4,p_1.30.24_LL3f_mi,12
46,178,139,225,661,346,315,0,1,4,p_1.30.24_LL3f_mi,12
47,178,141,225,657,341,316,0,1,4,p_1.30.24_LL3f_mi,12
48,170,134,223,671,330,341,0,1,4,p_1.30.24_LL3f_mi,12
49,167,136,219,671,327,344,0,1,4,p_1.30.24_LL3f_mi,12
50,169,141,221,673,308,365,0,1,4,p_1.30.24_LL3f_mi,12
51,154,130,195,737,350,387,0,1,4,p_1.30.24_LL3f_mi,12
52,169,137,222,675,331,344,0,1,4,p_1.30.24_LL3f_mi,12
53,169,127,223,669,338,331,0,1,4,p_1.30.24_LL3f_mi,12
54,165,127,218,680,349,331,0,1,4,p_1.30.24_LL3f_mi,12
55,176,138,226,665,334,331,0,1,4,p_1.30.24_LL3f_mi,12
56,178,144,220,675,346,329,0,1,4,p_1.30.24_LL3f_mi,12
57,172,129,224,667,344,323,0,1,4,p_1.30.24_LL3f_mi,12
58,174,130,219,684,351,333,0,1,4,p_1.30.24_LL3f_mi,12
59,165,128,221,671,329,342,0,1,4,p_1.30.24_LL3f_mi,12
60,175,145,222,665,317,348,0,1,4,p_1.30.24_LL3f_mi,12
61,167,140,223,667,311,356,0,1,4,p_1.30.24_LL3f_mi,12
62,173,138,221,671,318,353,0,1,4,p_1.30.24_LL3f_mi,12
63,173,139,221,677,330,347,0,1,4,p_1.30.24_LL3f_mi,12
64,173,129,220,675,337,338,0,1,4,p_1.30.24_LL3f_mi,12
65,171,138,223,664,347,317,0,1,4,p_1.30.24_LL3f_mi,12
66,173,135,223,665,354,311,0,1,4,p_1.30.24_LL3f_mi,12
67,182,134,231,650,344,306,0,1,4,p_1.30.24_LL3f_mi,12
68,178,134,225,663,349,314,0,1,4,p_1.30.24_LL3f_mi,12
69,170,132,211,703,362,341,0,1,4,p_1.30.24_LL3f_mi,12
70,161,128,214,695,347,348,0,1,4,p_1.30.24_LL3f_mi,12
71,166,127,219,676,329,347,0,1,4,p_1.30.24_LL3f_mi,12
72,165,133,219,684,323,361,0,1,4,p_1.30.24_LL3f_mi,12
73,174,142,227,654,319,335,0,1,4,p_1.30.24_LL3f_mi,12
74,182,142,234,640,316,324,0,1,4,p_1.30.24_LL3f_mi,12
75,178,125,222,665,335,330,0,1,4,p_1.30.24_LL3f_mi,12
76,162,127,207,712,375,337,0,1,4,p_1.30.24_LL3f_mi,12
77,171,123,221,673,354,319,0,1,4,p_1.30.24_LL3f_mi,12
78,174,137,217,682,352,330,0,1,4,p_1.30.24_LL3f_mi,12
79,174,135,219,683,360,323,0,1,4,p_1.30.24_LL3f_mi,12
80,168,127,220,675,340,335,0,1,4,p_1.30.24_LL3f_mi,12
81,175,143,224,667,328,339,0,1,4,p_1.30.24_LL3f_mi,12
82,171,130,216,684,327,357,0,1,4,p_1.30.24_LL3f_mi,12
83,167,133,215,693,319,374,0,1,4,p_1.30.24_LL3f_mi,12
84,166,121,214,680,312,368,0,1,4,p_1.30.24_LL3f_mi,12
85,170,141,220,677,309,368,0,1,4,p_1.30.24_LL3f_mi,12
86,179,138,228,653,304,349,0,1,4,p_1.30.24_LL3f_mi,12
87,171,127,223,670,324,346,0,1,4,p_1.30.24_LL3f_mi,12
88,175,138,225,655,324,331,0,1,4,p_1.30.24_LL3f_mi,12
89,179,139,227,657,333,324,0,1,4,p_1.30.24_LL3f_mi,12
90,183,141,231,642,322,320,0,1,4,p_1.30.24_LL3f_mi,12
91,179,138,227,654,316,338,0,1,4,p_1.30.24_LL3f_mi,12
92,180,139,226,654,304,350,0,1,4,p_1.30.24_LL3f_mi,12
93,181,139,236,632,300,332,0,1,4,p_1.30.24_LL3f_mi,12
94,167,129,214,692,331,361,0,1,4,p_1.30.24_LL3f_mi,12
95,180,138,223,671,331,340,0,1,4,p_1.30.24_LL3f_mi,12
96,169,125,218,679,344,335,0,1,4,p_1.30.24_LL3f_mi,12
97,172,134,224,659,345,314,0,1,4,p_1.30.24_LL3f_mi,12
98,181,133,231,643,327,316,0,1,4,p_1.30.24_LL3f_mi,12
99,169,131,219,682,338,344,0,1,4,p_1.30.24_LL3f_mi,12
100,146,119,185,683,331,352,0,1,4,p_1.30.24_LL3f_mi,12
101,113,99,146,677,334,343,0,1,4,p_1.30.24_LL3f_mi,12
102,113,99,150,590,294,296,0,1,4,p_1.30.24_LL3f_mi,12
103,109,95,138,532,250,282,0,1,4,p_1.30.24_LL3f_mi,12
104,97,83,123,485,232,253,0,1,4,p_1.30.24_LL3f_mi,12
105,86,68,107,443,221,222,0,1,4,p_1.30.24_LL3f_mi,12
106,68,57,86,399,197,202,0,1,4,p_1.30.24_LL3f_mi,12
107,46,40,62,365,181,184,0,1,4,p_1.30.24_LL3f_mi,12
108,45,34,56,301,149,152,0,1,4,p_1.30.24_LL3f_mi,12
109,33,30,45,245,118,127,0,1,4,p_1.30.24_LL3f_mi,12
110,28,24,33,202,95,107,0,1,4,p_1.30.24_LL3f_mi,12
111,28,23,37,152,67,85,0,1,4,p_1.30.24_LL3f_mi,12
112,29,26,36,124,56,68,0,1,4,p_1.30.24_LL3f_mi,12
113,26,25,35,121,58,63,0,1,4,p_1.30.24_LL3f_mi,12
114,26,20,34,106,47,59,0,1,4,p_1.30.24_LL3f_mi,12
115,29,25,34,109,51,58,0,1,4,p_1.30.24_LL3f_mi,12
116,25,20,33,109,52,57,0,1,4,p_1.30.24_LL3f_mi,12
117,26,18,33,110,59,51,0,1,4,p_1.30.24_LL3f_mi,12
118,26,16,32,103,57,46,0,1,4,p_1.30.24_LL3f_mi,12
119,24,20,33,99,56,43,0,1,4,p_1.30.24_LL3f_mi,12
120,27,18,35,110,63,47,0,1,4,p_1.30.24_LL3f_mi,12
121,25,17,33,100,60,40,0,1,4,p_1.30.24_LL3f_mi,12
122,25,20,32,98,57,41,0,1,4,p_1.30.24_LL3f_mi,12
123,26,21,31,95,50,45,0,1,4,p_1.30.24_LL3f_mi,12
124,24,19,32,94,47,47,0,1,4,p_1.30.24_LL3f_mi,12
125,26,21,38,114,57,57,17,1,4,p_1.30.24_LL3f_mi,12
126,27,21,35,114,65,49,7,1,4,p_1.30.24_LL3f_mi,12
127,27,21,37,116,61,55,3,1,4,p_1.30.24_LL3f_mi,12
128,27,23,34,111,56,55,0,1,4,p_1.30.24_LL3f_mi,12
129,27,20,36,106,53,53,0,1,4,p_1.30.24_LL3f_mi,12
130,28,23,35,104,56,48,0,1,4,p_1.30.24_LL3f_mi,12
131,28,17,35,105,59,46,0,1,4,p_1.30.24_LL3f_mi,12
132,25,18,33,99,54,45,0,1,4,p_1.30.24_LL3f_mi,12
133,28,17,33,100,61,39,0,1,4,p_1.30.24_LL3f_mi,12
134,23,18,31,99,57,42,0,1,4,p_1.30.24_LL3f_mi,12
135,24,19,32,95,56,39,0,1,4,p_1.30.24_LL3f_mi,12
136,24,20,34,104,57,47,0,1,4,p_1.30.24_LL3f_mi,12
137,25,18,33,100,52,48,0,1,4,p_1.30.24_LL3f_mi,12
138,25,22,32,100,49,51,0,1,4,p_1.30.24_LL3f_mi,12
139,25,18,32,90,45,45,0,1,4,p_1.30.24_LL3f_mi,12
140,25,18,36,119,59,60,19,1,4,p_1.30.24_LL3f_mi,12
141,24,19,35,118,62,56,15,1,4,p_1.30.24_LL3f_mi,12
142,28,19,35,104,56,48,4,1,4,p_1.30.24_LL3f_mi,12
143,29,23,34,100,49,51,1,1,4,p_1.30.24_LL3f_mi,12
144,26,20,34,107,52,55,0,1,4,p_1.30.24_LL3f_mi,12
145,29,22,34,104,52,52,0,1,4,p_1.30.24_LL3f_mi,12
146,27,21,33,105,56,49,0,1,4,p_1.30.24_LL3f_mi,12
147,28,19,34,105,59,46,0,1,4,p_1.30.24_LL3f_mi,12
148,26,22,35,103,54,49,0,1,4,p_1.30.24_LL3f_mi,12
149,22,17,33,102,46,56,0,1,4,p_1.30.24_LL3f_mi,12
150,27,19,34,103,51,52,0,1,4,p_1.30.24_LL3f_mi,12
151,54,34,78,107,56,51,0,1,4,p_1.30.24_LL3f_mi,12
152,64,39,94,137,66,71,0,1,4,p_1.30.24_LL3f_mi,12
153,81,50,121,190,91,99,0,1,4,p_1.30.24_LL3f_mi,12
154,109,76,143,259,126,133,0,1,4,p_1.30.24_LL3f_mi,12
155,124,96,160,356,171,185,17,1,4,p_1.30.24_LL3f_mi,12
156,133,105,175,408,197,211,13,1,4,p_1.30.24_LL3f_mi,12
157,151,107,194,459,226,233,6,1,4,p_1.30.24_LL3f_mi,12
158,164,116,207,508,257,251,1,1,4,p_1.30.24_LL3f_mi,12
159,172,126,225,548,275,273,0,1,4,p_1.30.24_LL3f_mi,12
160,188,143,241,591,304,287,0,1,4,p_1.30.24_LL3f_mi,12
161,181,141,226,659,334,325,0,1,4,p_1.30.24_LL3f_mi,12
162,172,132,225,660,316,344,0,1,4,p_1.30.24_LL3f_mi,12
163,179,133,224,660,319,341,0,1,4,p_1.30.24_LL3f_mi,12
164,172,130,224,661,326,335,0,1,4,p_1.30.24_LL3f_mi,12
165,172,138,220,672,335,337,0,1,4,p_1.30.24_LL3f_mi,12
166,187,137,225,661,324,337,0,1,4,p_1.30.24_LL3f_mi,12
167,174,142,223,668,319,349,0,1,4,p_1.30.24_LL3f_mi,12
168,171,144,224,666,325,341,0,1,4,p_1.30.24_LL3f_mi,12
169,186,141,228,653,326,327,0,1,4,p_1.30.24_LL3f_mi,12
170,175,144,217,676,354,322,16,1,4,p_1.30.24_LL3f_mi,12
171,173,137,222,668,340,328,10,1,4,p_1.30.24_LL3f_mi,12
172,179,136,227,651,331,320,4,1,4,p_1.30.24_LL3f_mi,12
173,170,126,228,649,338,311,2,1,4,p_1.30.24_LL3f_mi,12
174,167,121,223,667,343,324,0,1,4,p_1.30.24_LL3f_mi,12
175,164,137,214,695,341,354,0,1,4,p_1.30.24_LL3f_mi,12
176,160,131,201,722,338,384,0,1,4,p_1.30.24_LL3f_mi,12
177,174,138,230,649,298,351,0,1,4,p_1.30.24_LL3f_mi,12
178,174,133,223,668,311,357,0,1,4,p_1.30.24_LL3f_mi,12
179,172,147,228,659,321,338,0,1,4,p_1.30.24_LL3f_mi,12
180,175,129,227,657,326,331,0,1,4,p_1.30.24_LL3f_mi,12
181,172,133,222,671,333,338,0,1,4,p_1.30.24_LL3f_mi,12
182,171,127,222,671,325,346,0,1,4,p_1.30.24_LL3f_mi,12
183,178,136,231,645,320,325,0,1,4,p_1.30.24_LL3f_mi,12
184,177,136,227,656,323,333,0,1,4,p_1.30.24_LL3f_mi,12
185,176,136,225,658,308,350,0,1,4,p_1.30.24_LL3f_mi,12
186,176,132,217,679,338,341,0,1,4,p_1.30.24_LL3f_mi,12
187,174,136,222,669,330,339,0,1,4,p_1.30.24_LL3f_mi,12
188,171,139,220,679,334,345,0,1,4,p_1.30.24_LL3f_mi,12
189,172,122,219,677,334,343,0,1,4,p_1.30.24_LL3f_mi,12
190,171,128,224,670,339,331,0,1,4,p_1.30.24_LL3f_mi,12
191,173,134,223,662,329,333,0,1,4,p_1.30.24_LL3f_mi,12
192,172,137,222,671,325,346,0,1,4,p_1.30.24_LL3f_mi,12
193,177,148,223,667,330,337,0,1,4,p_1.30.24_LL3f_mi,12
194,174,134,222,669,339,330,0,1,4,p_1.30.24_LL3f_mi,12
195,178,141,224,659,331,328,0,1,4,p_1.30.24_LL3f_mi,12
196,178,140,225,660,310,350,0,1,4,p_1.30.24_LL3f_mi,12
197,170,132,224,661,316,345,0,1,4,p_1.30.24_LL3f_mi,12
198,167,134,219,684,328,356,0,1,4,p_1.30.24_LL3f_mi,12
199,180,139,223,663,321,342,0,1,4,p_1.30.24_LL3f_mi,12
200,169,132,221,679,339,340,0,1,4,p_1.30.24_LL3f_mi,12
201,161,130,211,701,359,342,0,1,4,p_1.30.24_LL3f_mi,12
202,178,132,227,656,343,313,0,1,4,p_1.30.24_LL3f_mi,12
203,181,137,231,637,334,303,0,1,4,p_1.30.24_LL3f_mi,12
204,182,140,233,636,314,322,0,1,4,p_1.30.24_LL3f_mi,12
205,168,135,221,671,336,335,0,1,4,p_1.30.24_LL3f_mi,12
206,177,138,225,667,352,315,0,1,4,p_1.30.24_LL3f_mi,12
207,172,133,225,665,346,319,0,1,4,p_1.30.24_LL3f_mi,12
208,171,130,222,670,337,333,0,1,4,p_1.30.24_LL3f_mi,12
209,171,139,222,670,328,342,0,1,4,p_1.30.24_LL3f_mi,12
210,170,135,221,675,353,322,0,1,4,p_1.30.24_LL3f_mi,12
211,192,133,234,627,336,291,0,1,4,p_1.30.24_LL3f_mi,12
212,178,132,232,636,332,304,0,1,4,p_1.30.24_LL3f_mi,12
213,175,139,224,666,333,333,0,1,4,p_1.30.24_LL3f_mi,12
214,169,133,219,682,343,339,0,1,4,p_1.30.24_LL3f_mi,12
215,177,136,223,671,328,343,0,1,4,p_1.30.24_LL3f_mi,12
216,175,136,227,658,309,349,0,1,4,p_1.30.24_LL3f_mi,12
217,169,134,222,674,310,364,0,1,4,p_1.30.24_LL3f_mi,12
218,182,137,234,623,300,323,0,1,4,p_1.30.24_LL3f_mi,12
219,173,131,224,668,328,340,0,1,4,p_1.30.24_LL3f_mi,12
220,172,144,229,646,313,333,0,1,4,p_1.30.24_LL3f_mi,12
221,169,134,218,683,321,362,0,1,4,p_1.30.24_LL3f_mi,12
222,174,139,219,674,318,356,0,1,4,p_1.30.24_LL3f_mi,12
223,167,132,221,680,335,345,0,1,4,p_1.30.24_LL3f_mi,12
224,169,138,217,685,339,346,0,1,4,p_1.30.24_LL3f_mi,12
225,171,131,220,670,333,337,0,1,4,p_1.30.24_LL3f_mi,12
226,171,138,213,697,356,341,0,1,4,p_1.30.24_LL3f_mi,12
227,174,131,225,657,330,327,0,1,4,p_1.30.24_LL3f_mi,12
228,182,138,220,672,348,324,0,1,4,p_1.30.24_LL3f_mi,12
229,169,131,220,674,328,346,0,1,4,p_1.30.24_LL3f_mi,12
230,172,136,224,668,332,336,0,1,4,p_1.30.24_LL3f_mi,12
231,182,135,228,649,336,313,0,1,4,p_1.30.24_LL3f_mi,12
232,176,131,228,648,333,315,0,1,4,p_1.30.24_LL3f_mi,12
233,179,135,228,654,341,313,0,1,4,p_1.30.24_LL3f_mi,12
234,174,133,224,665,351,314,0,1,4,p_1.30.24_LL3f_mi,12
235,176,137,219,678,348,330,0,1,4,p_1.30.24_LL3f_mi,12
236,176,143,227,654,314,340,0,1,4,p_1.30.24_LL3f_mi,12
237,173,143,222,667,327,340,0,1,4,p_1.30.24_LL3f_mi,12
238,174,138,227,655,337,318,0,1,4,p_1.30.24_LL3f_mi,12
239,174,137,224,662,338,324,0,1,4,p_1.30.24_LL3f_mi,12
240,175,138,218,681,343,338,0,1,4,p_1.30.24_LL3f_mi,12
241,166,135,217,680,335,345,0,1,4,p_1.30.24_LL3f_mi,12
242,166,127,222,674,338,336,0,1,4,p_1.30.24_LL3f_mi,12
243,178,130,228,652,316,336,0,1,4,p_1.30.24_LL3f_mi,12
244,173,133,223,668,330,338,0,1,4,p_1.30.24_LL3f_mi,12
245,167,129,213,693,348,345,0,1,4,p_1.30.24_LL3f_mi,12
246,175,139,229,647,322,325,0,1,4,p_1.30.24_LL3f_mi,12
247,169,133,224,662,322,340,0,1,4,p_1.30.24_LL3f_mi,12
248,180,135,226,657,307,350,0,1,4,p_1.30.24_LL3f_mi,12
249,178,135,222,672,316,356,0,1,4,p_1.30.24_LL3f_mi,12
250,178,139,221,680,329,351,0,1,4,p_1.30.24_LL3f_mi,12
251,157,128,200,731,365,366,0,1,4,p_1.30.24_LL3f_mi,12
252,165,126,214,687,341,346,0,1,4,p_1.30.24_LL3f_mi,12
253,180,130,221,669,342,327,0,1,4,p_1.30.24_LL3f_mi,12
254,171,129,228,652,340,312,0,1,4,p_1.30.24_LL3f_mi,12
255,185,143,232,640,328,312,0,1,4,p_1.30.24_LL3f_mi,12
256,179,131,229,648,324,324,0,1,4,p_1.30.24_LL3f_mi,12
257,175,133,219,674,342,332,0,1,4,p_1.30.24_LL3f_mi,12
258,182,143,229,652,332,320,0,1,4,p_1.30.24_LL3f_mi,12
259,174,123,221,666,340,326,0,1,4,p_1.30.24_LL3f_mi,12
260,171,138,225,664,343,321,0,1,4,p_1.30.24_LL3f_mi,12
261,173,135,226,654,342,312,0,1,4,p_1.30.24_LL3f_mi,12
262,168,124,219,677,357,320,0,1,4,p_1.30.24_LL3f_mi,12
263,179,135,228,655,346,309,0,1,4,p_1.30.24_LL3f_mi,12
264,169,126,223,669,347,322,0,1,4,p_1.30.24_LL3f_mi,12
265,172,126,221,669,353,316,0,1,4,p_1.30.24_LL3f_mi,12
266,175,138,227,654,330,324,0,1,4,p_1.30.24_LL3f_mi,12
267,168,131,218,681,339,342,0,1,4,p_1.30.24_LL3f_mi,12
268,177,138,225,655,317,338,0,1,4,p_1.30.24_LL3f_mi,12
269,173,130,220,675,327,348,0,1,4,p_1.30.24_LL3f_mi,12
270,173,133,225,659,324,335,0,1,4,p_1.30.24_LL3f_mi,12
271,175,133,220,677,340,337,0,1,4,p_1.30.24_LL3f_mi,12
272,178,146,225,664,338,326,0,1,4,p_1.30.24_LL3f_mi,12
273,177,131,220,674,338,336,0,1,4,p_1.30.24_LL3f_mi,12
274,165,131,218,683,345,338,0,1,4,p_1.30.24_LL3f_mi,12
275,175,136,219,684,352,332,0,1,4,p_1.30.24_LL3f_mi,12
276,157,135,200,724,369,355,0,1,4,p_1.30.24_LL3f_mi,12
277,178,138,225,657,337,320,0,1,4,p_1.30.24_LL3f_mi,12
278,189,146,234,625,310,315,0,1,4,p_1.30.24_LL3f_mi,12
279,173,144,226,662,327,335,0,1,4,p_1.30.24_LL3f_mi,12
280,175,138,226,660,313,347,0,1,4,p_1.30.24_LL3f_mi,12
281,182,135,232,637,297,340,0,1,4,p_1.30.24_LL3f_mi,12
282,179,145,228,654,309,345,0,1,4,p_1.30.24_LL3f_mi,12
283,176,139,228,654,315,339,0,1,4,p_1.30.24_LL3f_mi,12
284,173,137,227,666,310,356,0,1,4,p_1.30.24_LL3f_mi,12
285,175,134,227,661,325,336,0,1,4,p_1.30.24_LL3f_mi,12
286,180,122,225,663,339,324,0,1,4,p_1.30.24_LL3f_mi,12
287,167,133,224,665,339,326,0,1,4,p_1.30.24_LL3f_mi,12
288,166,132,215,687,328,359,0,1,4,p_1.30.24_LL3f_mi,12
289,175,139,229,651,305,346,0,1,4,p_1.30.24_LL3f_mi,12
290,184,139,220,681,337,344,0,1,4,p_1.30.24_LL3f_mi,12
291,168,128,225,659,315,344,0,1,4,p_1.30.24_LL3f_mi,12
292,175,137,230,653,332,321,0,1,4,p_1.30.24_LL3f_mi,12
293,157,129,211,696,357,339,0,1,4,p_1.30.24_LL3f_mi,12
294,169,132,210,702,366,336,0,1,4,p_1.30.24_LL3f_mi,12
295,181,132,221,672,340,332,0,1,4,p_1.30.24_LL3f_mi,12
296,165,126,221,671,343,328,0,1,4,p_1.30.24_LL3f_mi,12
297,177,130,224,662,329,333,0,1,4,p_1.30.24_LL3f_mi,12
298,177,141,223,665,329,336,0,1,4,p_1.30.24_LL3f_mi,12
299,182,139,231,645,313,332,0,1,4,p_1.30.24_LL3f_mi,12
300,168,128,220,668,310,358,0,1,4,p_1.30.24_LL3f_mi,12
301,163,133,211,701,326,375,0,1,4,p_1.30.24_LL3f_mi,12
302,188,145,226,656,318,338,0,1,4,p_1.30.24_LL3f_mi,12
303,173,128,226,658,330,328,0,1,4,p_1.30.24_LL3f_mi,12
304,173,133,229,650,314,336,0,1,4,p_1.30.24_LL3f_mi,12
305,179,140,226,662,338,324,0,1,4,p_1.30.24_LL3f_mi,12
306,174,132,223,666,333,333,0,1,4,p_1.30.24_LL3f_mi,12
307,168,130,218,676,345,331,0,1,4,p_1.30.24_LL3f_mi,12
308,172,143,224,666,331,335,0,1,4,p_1.30.24_LL3f_mi,12
309,185,141,233,644,310,334,0,1,4,p_1.30.24_LL3f_mi,12
310,171,137,221,676,337,339,0,1,4,p_1.30.24_LL3f_mi,12
311,180,133,228,659,347,312,0,1,4,p_1.30.24_LL3f_mi,12
312,163,119,214,694,370,324,0,1,4,p_1.30.24_LL3f_mi,12
313,163,128,217,684,353,331,0,1,4,p_1.30.24_LL3f_mi,12
314,175,135,227,661,337,324,0,1,4,p_1.30.24_LL3f_mi,12
315,178,134,223,667,337,330,0,1,4,p_1.30.24_LL3f_mi,12
316,173,135,222,671,345,326,0,1,4,p_1.30.24_LL3f_mi,12
317,185,137,233,629,321,308,0,1,4,p_1.30.24_LL3f_mi,12
318,168,135,224,667,338,329,0,1,4,p_1.30.24_LL3f_mi,12
319,174,131,222,672,333,339,0,1,4,p_1.30.24_LL3f_mi,12
320,180,133,235,628,312,316,0,1,4,p_1.30.24_LL3f_mi,12
321,185,144,239,623,301,322,0,1,4,p_1.30.24_LL3f_mi,12
322,171,134,221,675,323,352,0,1,4,p_1.30.24_LL3f_mi,12
323,184,139,226,664,309,355,0,1,4,p_1.30.24_LL3f_mi,12
324,171,142,219,678,337,341,0,1,4,p_1.30.24_LL3f_mi,12
325,167,133,219,675,349,326,0,1,4,p_1.30.24_LL3f_mi,12
326,163,129,209,708,378,330,0,1,4,p_1.30.24_LL3f_mi,12
327,178,141,227,651,342,309,0,1,4,p_1.30.24_LL3f_mi,12
328,172,134,223,668,336,332,0,1,4,p_1.30.24_LL3f_mi,12
329,173,140,224,660,333,327,0,1,4,p_1.30.24_LL3f_mi,12
330,167,135,222,665,335,330,0,1,4,p_1.30.24_LL3f_mi,12
331,178,137,225,656,351,305,0,1,4,p_1.30.24_LL3f_mi,12
332,180,144,227,659,334,325,0,1,4,p_1.30.24_LL3f_mi,12
333,185,147,228,646,320,326,0,1,4,p_1.30.24_LL3f_mi,12
334,161,129,217,680,341,339,0,1,4,p_1.30.24_LL3f_mi,12
335,182,144,225,654,313,341,0,1,4,p_1.30.24_LL3f_mi,12
336,178,144,226,659,316,343,0,1,4,p_1.30.24_LL3f_mi,12
337,172,135,221,673,330,343,0,1,4,p_1.30.24_LL3f_mi,12
338,173,128,218,677,334,343,0,1,4,p_1.30.24_LL3f_mi,12
339,170,135,226,661,332,329,0,1,4,p_1.30.24_LL3f_mi,12
340,171,144,222,674,336,338,0,1,4,p_1.30.24_LL3f_mi,12
341,175,131,224,659,339,320,0,1,4,p_1.30.24_LL3f_mi,12
342,170,132,220,680,343,337,0,1,4,p_1.30.24_LL3f_mi,12
343,173,142,228,649,321,328,0,1,4,p_1.30.24_LL3f_mi,12
344,178,136,219,679,345,334,0,1,4,p_1.30.24_LL3f_mi,12
345,172,135,221,675,344,331,0,1,4,p_1.30.24_LL3f_mi,12
346,173,129,224,661,348,313,0,1,4,p_1.30.24_LL3f_mi,12
347,179,140,230,653,333,320,0,1,4,p_1.30.24_LL3f_mi,12
348,167,134,223,670,346,324,0,1,4,p_1.30.24_LL3f_mi,12
349,173,131,223,664,338,326,0,1,4,p_1.30.24_LL3f_mi,12
350,177,139,229,649,320,329,0,1,4,p_1.30.24_LL3f_mi,12
1,13,13,16,626,293,333,0,1,5,p_1.30.24_LL3f_mi,12
2,94,81,120,862,430,432,0,1,5,p_1.30.24_LL3f_mi,12
3,140,119,178,771,395,376,0,1,5,p_1.30.24_LL3f_mi,12
4,161,123,213,701,362,339,0,1,5,p_1.30.24_LL3f_mi,12
5,170,135,230,641,325,316,0,1,5,p_1.30.24_LL3f_mi,12
6,172,136,226,660,317,343,0,1,5,p_1.30.24_LL3f_mi,12
7,175,133,224,659,322,337,0,1,5,p_1.30.24_LL3f_mi,12
8,176,137,224,666,310,356,0,1,5,p_1.30.24_LL3f_mi,12
9,181,141,233,643,307,336,0,1,5,p_1.30.24_LL3f_mi,12
10,178,132,229,651,301,350,0,1,5,p_1.30.24_LL3f_mi,12
11,181,149,227,654,296,358,0,1,5,p_1.30.24_LL3f_mi,12
12,180,139,224,661,292,369,0,1,5,p_1.30.24_LL3f_mi,12
13,171,137,223,665,297,368,0,1,5,p_1.30.24_LL3f_mi,12
14,172,128,222,670,327,343,0,1,5,p_1.30.24_LL3f_mi,12
15,177,136,227,651,311,340,0,1,5,p_1.30.24_LL3f_mi,12
16,172,140,216,689,339,350,0,1,5,p_1.30.24_LL3f_mi,12
17,171,124,220,673,349,324,0,1,5,p_1.30.24_LL3f_mi,12
18,165,130,222,674,358,316,0,1,5,p_1.30.24_LL3f_mi,12
19,178,137,227,661,353,308,0,1,5,p_1.30.24_LL3f_mi,12
20,172,132,231,645,326,319,0,1,5,p_1.30.24_LL3f_mi,12
21,173,137,217,681,336,345,0,1,5,p_1.30.24_LL3f_mi,12
22,171,134,219,675,325,350,0,1,5,p_1.30.24_LL3f_mi,12
23,176,131,227,653,312,341,0,1,5,p_1.30.24_LL3f_mi,12
24,180,135,232,639,311,328,0,1,5,p_1.30.24_LL3f_mi,12
25,183,139,231,647,314,333,0,1,5,p_1.30.24_LL3f_mi,12
26,159,128,206,709,347,362,0,1,5,p_1.30.24_LL3f_mi,12
27,178,138,223,667,334,333,0,1,5,p_1.30.24_LL3f_mi,12
28,167,131,217,679,331,348,0,1,5,p_1.30.24_LL3f_mi,12
29,176,139,228,659,316,343,0,1,5,p_1.30.24_LL3f_mi,12
30,163,133,217,687,320,367,0,1,5,p_1.30.24_LL3f_mi,12
31,167,133,223,666,311,355,0,1,5,p_1.30.24_LL3f_mi,12
32,177,139,226,653,296,357,0,1,5,p_1.30.24_LL3f_mi,12
33,171,134,224,658,316,342,0,1,5,p_1.30.24_LL3f_mi,12
34,173,145,223,669,306,363,0,1,5,p_1.30.24_LL3f_mi,12
35,173,141,220,668,317,351,0,1,5,p_1.30.24_LL3f_mi,12
36,179,138,225,661,335,326,0,1,5,p_1.30.24_LL3f_mi,12
37,178,127,229,651,347,304,0,1,5,p_1.30.24_LL3f_mi,12
38,179,135,227,654,329,325,0,1,5,p_1.30.24_LL3f_mi,12
39,173,132,222,670,338,332,0,1,5,p_1.30.24_LL3f_mi,12
40,170,132,217,688,356,332,0,1,5,p_1.30.24_LL3f_mi,12
41,179,143,223,671,343,328,0,1,5,p_1.30.24_LL3f_mi,12
42,181,132,228,656,327,329,0,1,5,p_1.30.24_LL3f_mi,12
43,177,142,226,660,316,344,0,1,5,p_1.30.24_LL3f_mi,12
44,173,130,224,661,309,352,0,1,5,p_1.30.24_LL3f_mi,12
45,171,143,221,675,320,355,0,1,5,p_1.30.24_LL3f_mi,12
46,177,138,229,641,310,331,0,1,5,p_1.30.24_LL3f_mi,12
47,172,134,223,664,311,353,0,1,5,p_1.30.24_LL3f_mi,12
48,177,135,230,650,303,347,0,1,5,p_1.30.24_LL3f_mi,12
49,178,139,230,637,315,322,0,1,5,p_1.30.24_LL3f_mi,12
50,180,136,227,652,322,330,0,1,5,p_1.30.24_LL3f_mi,12
51,162,133,206,718,355,363,0,1,5,p_1.30.24_LL3f_mi,12
52,182,140,229,641,314,327,0,1,5,p_1.30.24_LL3f_mi,12
53,180,139,229,643,323,320,0,1,5,p_1.30.24_LL3f_mi,12
54,177,135,221,672,340,332,0,1,5,p_1.30.24_LL3f_mi,12
55,169,135,220,680,345,335,0,1,5,p_1.30.24_LL3f_mi,12
56,171,130,222,663,337,326,0,1,5,p_1.30.24_LL3f_mi,12
57,174,136,230,646,324,322,0,1,5,p_1.30.24_LL3f_mi,12
58,179,145,226,658,317,341,0,1,5,p_1.30.24_LL3f_mi,12
59,172,137,220,677,321,356,0,1,5,p_1.30.24_LL3f_mi,12
60,175,137,228,648,293,355,0,1,5,p_1.30.24_LL3f_mi,12
61,171,139,221,668,303,365,0,1,5,p_1.30.24_LL3f_mi,12
62,178,136,223,661,315,346,0,1,5,p_1.30.24_LL3f_mi,12
63,180,147,221,666,307,359,0,1,5,p_1.30.24_LL3f_mi,12
64,179,144,226,660,310,350,0,1,5,p_1.30.24_LL3f_mi,12
65,181,139,228,650,313,337,0,1,5,p_1.30.24_LL3f_mi,12
66,173,127,226,659,317,342,0,1,5,p_1.30.24_LL3f_mi,12
67,173,137,222,667,329,338,0,1,5,p_1.30.24_LL3f_mi,12
68,178,138,224,659,332,327,0,1,5,p_1.30.24_LL3f_mi,12
69,166,132,222,668,343,325,0,1,5,p_1.30.24_LL3f_mi,12
70,172,145,218,680,361,319,0,1,5,p_1.30.24_LL3f_mi,12
71,169,130,213,692,359,333,0,1,5,p_1.30.24_LL3f_mi,12
72,177,132,230,645,324,321,0,1,5,p_1.30.24_LL3f_mi,12
73,169,138,220,678,342,336,0,1,5,p_1.30.24_LL3f_mi,12
74,176,139,227,663,330,333,0,1,5,p_1.30.24_LL3f_mi,12
75,184,146,233,635,309,326,0,1,5,p_1.30.24_LL3f_mi,12
76,164,132,217,687,348,339,0,1,5,p_1.30.24_LL3f_mi,12
77,181,134,225,663,335,328,0,1,5,p_1.30.24_LL3f_mi,12
78,179,138,230,644,320,324,0,1,5,p_1.30.24_LL3f_mi,12
79,181,126,228,651,329,322,0,1,5,p_1.30.24_LL3f_mi,12
80,178,140,228,655,332,323,0,1,5,p_1.30.24_LL3f_mi,12
81,166,123,220,675,350,325,0,1,5,p_1.30.24_LL3f_mi,12
82,174,140,218,675,340,335,0,1,5,p_1.30.24_LL3f_mi,12
83,170,132,223,672,326,346,0,1,5,p_1.30.24_LL3f_mi,12
84,174,142,222,675,335,340,0,1,5,p_1.30.24_LL3f_mi,12
85,166,128,213,694,341,353,0,1,5,p_1.30.24_LL3f_mi,12
86,174,139,223,664,327,337,0,1,5,p_1.30.24_LL3f_mi,12
87,177,136,227,661,318,343,0,1,5,p_1.30.24_LL3f_mi,12
88,182,138,226,653,315,338,0,1,5,p_1.30.24_LL3f_mi,12
89,167,139,219,673,329,344,0,1,5,p_1.30.24_LL3f_mi,12
90,174,139,223,668,331,337,0,1,5,p_1.30.24_LL3f_mi,12
91,177,141,224,660,330,330,0,1,5,p_1.30.24_LL3f_mi,12
92,167,124,219,681,342,339,0,1,5,p_1.30.24_LL3f_mi,12
93,177,131,224,664,329,335,0,1,5,p_1.30.24_LL3f_mi,12
94,176,134,228,654,321,333,0,1,5,p_1.30.24_LL3f_mi,12
95,180,146,228,653,316,337,0,1,5,p_1.30.24_LL3f_mi,12
96,180,136,230,652,322,330,0,1,5,p_1.30.24_LL3f_mi,12
97,171,132,224,666,337,329,0,1,5,p_1.30.24_LL3f_mi,12
98,173,138,222,671,320,351,0,1,5,p_1.30.24_LL3f_mi,12
99,171,134,221,672,313,359,0,1,5,p_1.30.24_LL3f_mi,12
100,150,112,188,675,317,358,0,1,5,p_1.30.24_LL3f_mi,12
101,99,85,130,704,342,362,0,1,5,p_1.30.24_LL3f_mi,12
102,121,103,153,582,294,288,0,1,5,p_1.30.24_LL3f_mi,12
103,121,96,148,514,257,257,0,1,5,p_1.30.24_LL3f_mi,12
104,99,82,122,487,252,235,0,1,5,p_1.30.24_LL3f_mi,12
105,80,68,107,444,226,218,0,1,5,p_1.30.24_LL3f_mi,12
106,70,61,87,398,197,201,0,1,5,p_1.30.24_LL3f_mi,12
107,62,47,79,339,159,180,0,1,5,p_1.30.24_LL3f_mi,12
108,46,38,60,298,139,159,0,1,5,p_1.30.24_LL3f_mi,12
109,35,31,49,239,114,125,0,1,5,p_1.30.24_LL3f_mi,12
110,25,19,31,205,99,106,0,1,5,p_1.30.24_LL3f_mi,12
111,30,26,38,162,81,81,0,1,5,p_1.30.24_LL3f_mi,12
112,29,25,38,140,70,70,0,1,5,p_1.30.24_LL3f_mi,12
113,28,20,35,114,62,52,0,1,5,p_1.30.24_LL3f_mi,12
114,28,20,34,106,50,56,0,1,5,p_1.30.24_LL3f_mi,12
115,27,24,35,105,54,51,0,1,5,p_1.30.24_LL3f_mi,12
116,29,22,35,108,54,54,0,1,5,p_1.30.24_LL3f_mi,12
117,30,25,35,110,57,53,0,1,5,p_1.30.24_LL3f_mi,12
118,30,22,36,111,61,50,0,1,5,p_1.30.24_LL3f_mi,12
119,26,19,34,103,57,46,0,1,5,p_1.30.24_LL3f_mi,12
120,26,19,32,98,49,49,0,1,5,p_1.30.24_LL3f_mi,12
121,24,21,32,89,41,48,0,1,5,p_1.30.24_LL3f_mi,12
122,23,18,31,98,43,55,0,1,5,p_1.30.24_LL3f_mi,12
123,26,18,32,91,45,46,0,1,5,p_1.30.24_LL3f_mi,12
124,24,18,31,88,47,41,0,1,5,p_1.30.24_LL3f_mi,12
125,20,15,35,105,56,49,15,1,5,p_1.30.24_LL3f_mi,12
126,26,21,35,109,61,48,11,1,5,p_1.30.24_LL3f_mi,12
127,29,23,35,106,50,56,5,1,5,p_1.30.24_LL3f_mi,12
128,25,20,31,100,39,61,3,1,5,p_1.30.24_LL3f_mi,12
129,26,18,30,94,40,54,3,1,5,p_1.30.24_LL3f_mi,12
130,26,21,31,94,42,52,0,1,5,p_1.30.24_LL3f_mi,12
131,26,18,32,98,45,53,0,1,5,p_1.30.24_LL3f_mi,12
132,26,17,32,90,51,39,0,1,5,p_1.30.24_LL3f_mi,12
133,24,23,31,101,53,48,0,1,5,p_1.30.24_LL3f_mi,12
134,24,16,33,99,45,54,0,1,5,p_1.30.24_LL3f_mi,12
135,27,21,33,98,39,59,0,1,5,p_1.30.24_LL3f_mi,12
136,25,20,34,99,41,58,0,1,5,p_1.30.24_LL3f_mi,12
137,29,25,34,99,48,51,0,1,5,p_1.30.24_LL3f_mi,12
138,27,20,34,94,47,47,0,1,5,p_1.30.24_LL3f_mi,12
139,28,22,35,105,59,46,0,1,5,p_1.30.24_LL3f_mi,12
140,29,20,38,128,76,52,18,1,5,p_1.30.24_LL3f_mi,12
141,27,22,36,123,76,47,9,1,5,p_1.30.24_LL3f_mi,12
142,26,20,37,120,73,47,6,1,5,p_1.30.24_LL3f_mi,12
143,27,21,37,122,64,58,5,1,5,p_1.30.24_LL3f_mi,12
144,28,23,36,117,59,58,1,1,5,p_1.30.24_LL3f_mi,12
145,28,20,36,117,62,55,1,1,5,p_1.30.24_LL3f_mi,12
146,26,19,33,115,62,53,0,1,5,p_1.30.24_LL3f_mi,12
147,27,23,35,114,63,51,0,1,5,p_1.30.24_LL3f_mi,12
148,27,21,34,107,55,52,0,1,5,p_1.30.24_LL3f_mi,12
149,25,18,33,100,48,52,0,1,5,p_1.30.24_LL3f_mi,12
150,28,19,35,104,49,55,0,1,5,p_1.30.24_LL3f_mi,12
151,43,30,63,104,44,60,0,1,5,p_1.30.24_LL3f_mi,12
152,49,33,77,126,50,76,0,1,5,p_1.30.24_LL3f_mi,12
153,72,48,110,165,75,90,0,1,5,p_1.30.24_LL3f_mi,12
154,111,73,142,244,123,121,0,1,5,p_1.30.24_LL3f_mi,12
155,125,88,161,327,148,179,14,1,5,p_1.30.24_LL3f_mi,12
156,143,97,178,394,180,214,13,1,5,p_1.30.24_LL3f_mi,12
157,152,114,192,463,224,239,6,1,5,p_1.30.24_LL3f_mi,12
158,162,120,213,490,236,254,1,1,5,p_1.30.24_LL3f_mi,12
159,177,138,226,553,273,280,1,1,5,p_1.30.24_LL3f_mi,12
160,176,137,238,609,290,319,0,1,5,p_1.30.24_LL3f_mi,12
161,179,142,231,646,312,334,0,1,5,p_1.30.24_LL3f_mi,12
162,171,135,225,660,317,343,0,1,5,p_1.30.24_LL3f_mi,12
163,178,136,222,667,314,353,0,1,5,p_1.30.24_LL3f_mi,12
164,177,140,223,674,332,342,0,1,5,p_1.30.24_LL3f_mi,12
165,175,136,225,661,332,329,0,1,5,p_1.30.24_LL3f_mi,12
166,165,129,220,675,330,345,0,1,5,p_1.30.24_LL3f_mi,12
167,169,130,226,654,322,332,0,1,5,p_1.30.24_LL3f_mi,12
168,185,136,231,646,312,334,0,1,5,p_1.30.24_LL3f_mi,12
169,180,143,226,659,296,363,0,1,5,p_1.30.24_LL3f_mi,12
170,161,135,206,708,316,392,15,1,5,p_1.30.24_LL3f_mi,12
171,180,136,230,649,299,350,11,1,5,p_1.30.24_LL3f_mi,12
172,164,129,226,656,314,342,7,1,5,p_1.30.24_LL3f_mi,12
173,163,127,218,682,325,357,3,1,5,p_1.30.24_LL3f_mi,12
174,170,140,215,683,326,357,2,1,5,p_1.30.24_LL3f_mi,12
175,173,134,222,671,329,342,0,1,5,p_1.30.24_LL3f_mi,12
176,158,127,204,719,357,362,0,1,5,p_1.30.24_LL3f_mi,12
177,183,142,231,643,314,329,0,1,5,p_1.30.24_LL3f_mi,12
178,175,134,229,646,324,322,0,1,5,p_1.30.24_LL3f_mi,12
179,173,131,219,674,337,337,0,1,5,p_1.30.24_LL3f_mi,12
180,182,143,223,666,333,333,0,1,5,p_1.30.24_LL3f_mi,12
181,182,140,227,654,318,336,0,1,5,p_1.30.24_LL3f_mi,12
182,178,135,228,647,327,320,0,1,5,p_1.30.24_LL3f_mi,12
183,178,131,227,662,323,339,0,1,5,p_1.30.24_LL3f_mi,12
184,171,134,223,665,330,335,0,1,5,p_1.30.24_LL3f_mi,12
185,171,134,217,689,337,352,0,1,5,p_1.30.24_LL3f_mi,12
186,166,124,227,654,319,335,0,1,5,p_1.30.24_LL3f_mi,12
187,181,136,228,652,323,329,0,1,5,p_1.30.24_LL3f_mi,12
188,175,135,219,681,350,331,0,1,5,p_1.30.24_LL3f_mi,12
189,174,140,225,660,334,326,0,1,5,p_1.30.24_LL3f_mi,12
190,173,127,225,656,337,319,0,1,5,p_1.30.24_LL3f_mi,12
191,177,140,231,644,337,307,0,1,5,p_1.30.24_LL3f_mi,12
192,187,141,232,641,332,309,0,1,5,p_1.30.24_LL3f_mi,12
193,175,134,220,676,346,330,0,1,5,p_1.30.24_LL3f_mi,12
194,175,133,226,661,339,322,0,1,5,p_1.30.24_LL3f_mi,12
195,172,132,220,678,330,348,0,1,5,p_1.30.24_LL3f_mi,12
196,168,132,219,676,328,348,0,1,5,p_1.30.24_LL3f_mi,12
197,180,146,231,647,327,320,0,1,5,p_1.30.24_LL3f_mi,12
198,176,135,224,667,345,322,0,1,5,p_1.30.24_LL3f_mi,12
199,178,131,232,643,331,312,0,1,5,p_1.30.24_LL3f_mi,12
200,170,140,223,662,323,339,0,1,5,p_1.30.24_LL3f_mi,12
201,154,124,200,726,360,366,0,1,5,p_1.30.24_LL3f_mi,12
202,177,137,233,629,317,312,0,1,5,p_1.30.24_LL3f_mi,12
203,169,128,227,646,331,315,0,1,5,p_1.30.24_LL3f_mi,12
204,185,140,231,644,330,314,0,1,5,p_1.30.24_LL3f_mi,12
205,172,133,218,681,344,337,0,1,5,p_1.30.24_LL3f_mi,12
206,172,129,221,666,321,345,0,1,5,p_1.30.24_LL3f_mi,12
207,175,142,220,675,325,350,0,1,5,p_1.30.24_LL3f_mi,12
208,176,136,222,676,326,350,0,1,5,p_1.30.24_LL3f_mi,12
209,179,135,229,645,313,332,0,1,5,p_1.30.24_LL3f_mi,12
210,178,132,226,654,325,329,0,1,5,p_1.30.24_LL3f_mi,12
211,177,134,220,673,341,332,0,1,5,p_1.30.24_LL3f_mi,12
212,169,128,226,660,338,322,0,1,5,p_1.30.24_LL3f_mi,12
213,185,140,234,634,325,309,0,1,5,p_1.30.24_LL3f_mi,12
214,182,141,233,635,323,312,0,1,5,p_1.30.24_LL3f_mi,12
215,174,136,223,656,321,335,0,1,5,p_1.30.24_LL3f_mi,12
216,169,129,227,654,344,310,0,1,5,p_1.30.24_LL3f_mi,12
217,171,128,222,670,339,331,0,1,5,p_1.30.24_LL3f_mi,12
218,165,124,219,676,326,350,0,1,5,p_1.30.24_LL3f_mi,12
219,165,136,216,684,326,358,0,1,5,p_1.30.24_LL3f_mi,12
220,174,130,231,637,324,313,0,1,5,p_1.30.24_LL3f_mi,12
221,180,134,226,654,317,337,0,1,5,p_1.30.24_LL3f_mi,12
222,177,137,225,666,315,351,0,1,5,p_1.30.24_LL3f_mi,12
223,169,137,216,686,328,358,0,1,5,p_1.30.24_LL3f_mi,12
224,185,143,225,663,326,337,0,1,5,p_1.30.24_LL3f_mi,12
225,163,127,218,679,323,356,0,1,5,p_1.30.24_LL3f_mi,12
226,157,128,201,722,347,375,0,1,5,p_1.30.24_LL3f_mi,12
227,176,142,226,661,313,348,0,1,5,p_1.30.24_LL3f_mi,12
228,183,134,236,618,315,303,0,1,5,p_1.30.24_LL3f_mi,12
229,176,130,225,662,349,313,0,1,5,p_1.30.24_LL3f_mi,12
230,168,132,217,691,352,339,0,1,5,p_1.30.24_LL3f_mi,12
231,172,145,219,686,346,340,0,1,5,p_1.30.24_LL3f_mi,12
232,183,147,230,648,313,335,0,1,5,p_1.30.24_LL3f_mi,12
233,175,134,225,665,322,343,0,1,5,p_1.30.24_LL3f_mi,12
234,175,140,220,671,311,360,0,1,5,p_1.30.24_LL3f_mi,12
235,184,137,232,642,305,337,0,1,5,p_1.30.24_LL3f_mi,12
236,168,132,224,661,311,350,0,1,5,p_1.30.24_LL3f_mi,12
237,180,153,228,651,294,357,0,1,5,p_1.30.24_LL3f_mi,12
238,182,142,230,642,303,339,0,1,5,p_1.30.24_LL3f_mi,12
239,172,140,221,681,320,361,0,1,5,p_1.30.24_LL3f_mi,12
240,174,140,218,685,312,373,0,1,5,p_1.30.24_LL3f_mi,12
241,182,142,228,653,295,358,0,1,5,p_1.30.24_LL3f_mi,12
242,175,144,223,668,317,351,0,1,5,p_1.30.24_LL3f_mi,12
243,173,140,220,675,320,355,0,1,5,p_1.30.24_LL3f_mi,12
244,181,151,225,664,312,352,0,1,5,p_1.30.24_LL3f_mi,12
245,171,138,223,665,299,366,0,1,5,p_1.30.24_LL3f_mi,12
246,178,144,225,660,309,351,0,1,5,p_1.30.24_LL3f_mi,12
247,179,147,227,657,307,350,0,1,5,p_1.30.24_LL3f_mi,12
248,165,129,221,674,335,339,0,1,5,p_1.30.24_LL3f_mi,12
249,172,136,226,662,327,335,0,1,5,p_1.30.24_LL3f_mi,12
250,167,131,214,695,330,365,0,1,5,p_1.30.24_LL3f_mi,12
251,160,129,202,725,353,372,0,1,5,p_1.30.24_LL3f_mi,12
252,174,139,220,679,319,360,0,1,5,p_1.30.24_LL3f_mi,12
253,168,135,221,676,357,319,0,1,5,p_1.30.24_LL3f_mi,12
254,174,129,223,663,351,312,0,1,5,p_1.30.24_LL3f_mi,12
255,180,136,228,653,335,318,0,1,5,p_1.30.24_LL3f_mi,12
256,175,130,228,653,333,320,0,1,5,p_1.30.24_LL3f_mi,12
257,174,140,220,677,345,332,0,1,5,p_1.30.24_LL3f_mi,12
258,171,135,219,680,342,338,0,1,5,p_1.30.24_LL3f_mi,12
259,178,140,221,671,345,326,0,1,5,p_1.30.24_LL3f_mi,12
260,174,133,228,649,329,320,0,1,5,p_1.30.24_LL3f_mi,12
261,173,127,228,653,324,329,0,1,5,p_1.30.24_LL3f_mi,12
262,175,141,223,667,335,332,0,1,5,p_1.30.24_LL3f_mi,12
263,168,137,222,669,337,332,0,1,5,p_1.30.24_LL3f_mi,12
264,166,126,218,679,339,340,0,1,5,p_1.30.24_LL3f_mi,12
265,171,130,218,676,336,340,0,1,5,p_1.30.24_LL3f_mi,12
266,163,127,218,676,331,345,0,1,5,p_1.30.24_LL3f_mi,12
267,169,135,227,654,315,339,0,1,5,p_1.30.24_LL3f_mi,12
268,180,144,225,660,321,339,0,1,5,p_1.30.24_LL3f_mi,12
269,164,135,213,694,352,342,0,1,5,p_1.30.24_LL3f_mi,12
270,177,134,227,650,336,314,0,1,5,p_1.30.24_LL3f_mi,12
271,171,129,225,666,330,336,0,1,5,p_1.30.24_LL3f_mi,12
272,167,127,215,685,354,331,0,1,5,p_1.30.24_LL3f_mi,12
273,181,134,231,637,319,318,0,1,5,p_1.30.24_LL3f_mi,12
274,168,132,215,683,346,337,0,1,5,p_1.30.24_LL3f_mi,12
275,177,140,223,669,348,321,0,1,5,p_1.30.24_LL3f_mi,12
276,166,129,204,716,375,341,0,1,5,p_1.30.24_LL3f_mi,12
277,172,128,216,682,350,332,0,1,5,p_1.30.24_LL3f_mi,12
278,174,142,223,667,335,332,0,1,5,p_1.30.24_LL3f_mi,12
279,185,139,234,636,315,321,0,1,5,p_1.30.24_LL3f_mi,12
280,177,134,227,661,329,332,0,1,5,p_1.30.24_LL3f_mi,12
281,183,136,221,672,331,341,0,1,5,p_1.30.24_LL3f_mi,12
282,171,137,224,665,315,350,0,1,5,p_1.30.24_LL3f_mi,12
283,177,140,223,668,331,337,0,1,5,p_1.30.24_LL3f_mi,12
284,172,130,219,674,336,338,0,1,5,p_1.30.24_LL3f_mi,12
285,166,138,217,682,327,355,0,1,5,p_1.30.24_LL3f_mi,12
286,183,148,230,639,317,322,0,1,5,p_1.30.24_LL3f_mi,12
287,173,139,225,661,313,348,0,1,5,p_1.30.24_LL3f_mi,12
288,175,138,227,654,315,339,0,1,5,p_1.30.24_LL3f_mi,12
289,168,130,227,654,325,329,0,1,5,p_1.30.24_LL3f_mi,12
290,172,128,222,672,342,330,0,1,5,p_1.30.24_LL3f_mi,12
291,185,136,233,631,318,313,0,1,5,p_1.30.24_LL3f_mi,12
292,173,139,219,680,331,349,0,1,5,p_1.30.24_LL3f_mi,12
293,176,140,226,661,317,344,0,1,5,p_1.30.24_LL3f_mi,12
294,176,138,221,676,329,347,0,1,5,p_1.30.24_LL3f_mi,12
295,166,132,211,695,356,339,0,1,5,p_1.30.24_LL3f_mi,12
296,170,133,225,666,330,336,0,1,5,p_1.30.24_LL3f_mi,12
297,176,136,222,671,342,329,0,1,5,p_1.30.24_LL3f_mi,12
298,173,134,219,675,338,337,0,1,5,p_1.30.24_LL3f_mi,12
299,181,142,233,639,322,317,0,1,5,p_1.30.24_LL3f_mi,12
300,166,128,220,681,345,336,0,1,5,p_1.30.24_LL3f_mi,12
301,154,122,193,738,388,350,0,1,5,p_1.30.24_LL3f_mi,12
302,170,131,218,684,355,329,0,1,5,p_1.30.24_LL3f_mi,12
303,178,137,224,662,339,323,0,1,5,p_1.30.24_LL3f_mi,12
304,171,140,226,657,316,341,0,1,5,p_1.30.24_LL3f_mi,12
305,158,126,211,698,327,371,0,1,5,p_1.30.24_LL3f_mi,12
306,165,133,217,686,344,342,0,1,5,p_1.30.24_LL3f_mi,12
307,170,128,225,662,343,319,0,1,5,p_1.30.24_LL3f_mi,12
308,185,142,229,649,323,326,0,1,5,p_1.30.24_LL3f_mi,12
309,176,142,228,666,322,344,0,1,5,p_1.30.24_LL3f_mi,12
310,176,143,232,644,295,349,0,1,5,p_1.30.24_LL3f_mi,12
311,180,145,228,655,308,347,0,1,5,p_1.30.24_LL3f_mi,12
312,176,142,221,675,333,342,0,1,5,p_1.30.24_LL3f_mi,12
313,163,137,216,683,338,345,0,1,5,p_1.30.24_LL3f_mi,12
314,173,135,223,666,327,339,0,1,5,p_1.30.24_LL3f_mi,12
315,175,138,221,673,348,325,0,1,5,p_1.30.24_LL3f_mi,12
316,170,134,222,662,338,324,0,1,5,p_1.30.24_LL3f_mi,12
317,172,135,219,684,347,337,0,1,5,p_1.30.24_LL3f_mi,12
318,173,136,225,667,336,331,0,1,5,p_1.30.24_LL3f_mi,12
319,177,136,229,652,308,344,0,1,5,p_1.30.24_LL3f_mi,12
320,166,133,221,671,330,341,0,1,5,p_1.30.24_LL3f_mi,12
321,183,128,231,641,321,320,0,1,5,p_1.30.24_LL3f_mi,12
322,170,128,217,687,337,350,0,1,5,p_1.30.24_LL3f_mi,12
323,175,145,228,651,322,329,0,1,5,p_1.30.24_LL3f_mi,12
324,181,135,217,680,338,342,0,1,5,p_1.30.24_LL3f_mi,12
325,170,135,229,647,327,320,0,1,5,p_1.30.24_LL3f_mi,12
326,160,130,209,706,350,356,0,1,5,p_1.30.24_LL3f_mi,12
327,170,130,229,648,321,327,0,1,5,p_1.30.24_LL3f_mi,12
328,174,134,225,668,324,344,0,1,5,p_1.30.24_LL3f_mi,12
329,177,139,226,653,310,343,0,1,5,p_1.30.24_LL3f_mi,12
330,174,142,227,654,321,333,0,1,5,p_1.30.24_LL3f_mi,12
331,180,146,231,640,331,309,0,1,5,p_1.30.24_LL3f_mi,12
332,182,131,231,631,311,320,0,1,5,p_1.30.24_LL3f_mi,12
333,171,144,226,658,327,331,0,1,5,p_1.30.24_LL3f_mi,12
334,173,123,223,665,338,327,0,1,5,p_1.30.24_LL3f_mi,12
335,171,136,229,652,346,306,0,1,5,p_1.30.24_LL3f_mi,12
336,176,137,229,656,342,314,0,1,5,p_1.30.24_LL3f_mi,12
337,175,140,228,656,334,322,0,1,5,p_1.30.24_LL3f_mi,12
338,170,127,222,669,341,328,0,1,5,p_1.30.24_LL3f_mi,12
339,176,141,226,661,345,316,0,1,5,p_1.30.24_LL3f_mi,12
340,175,137,227,659,343,316,0,1,5,p_1.30.24_LL3f_mi,12
341,180,137,230,645,339,306,0,1,5,p_1.30.24_LL3f_mi,12
342,174,132,223,674,360,314,0,1,5,p_1.30.24_LL3f_mi,12
343,187,138,230,647,343,304,0,1,5,p_1.30.24_LL3f_mi,12
344,174,133,225,659,336,323,0,1,5,p_1.30.24_LL3f_mi,12
345,180,141,223,675,341,334,0,1,5,p_1.30.24_LL3f_mi,12
346,162,126,214,691,339,352,0,1,5,p_1.30.24_LL3f_mi,12
347,172,132,224,666,329,337,0,1,5,p_1.30.24_LL3f_mi,12
348,184,141,230,648,320,328,0,1,5,p_1.30.24_LL3f_mi,12
349,171,132,224,660,333,327,0,1,5,p_1.30.24_LL3f_mi,12
350,168,133,227,649,333,316,0,1,5,p_1.30.24_LL3f_mi,12
1,9,9,12,651,341,310,0,1,1,p_1.30.24_LL3f_mi,13
2,99,86,121,862,443,419,0,1,1,p_1.30.24_LL3f_mi,13
3,147,121,183,762,379,383,0,1,1,p_1.30.24_LL3f_mi,13
4,162,124,212,697,341,356,0,1,1,p_1.30.24_LL3f_mi,13
5,180,144,227,653,329,324,0,1,1,p_1.30.24_LL3f_mi,13
6,174,134,223,669,323,346,0,1,1,p_1.30.24_LL3f_mi,13
7,169,131,216,689,332,357,0,1,1,p_1.30.24_LL3f_mi,13
8,171,140,218,682,319,363,0,1,1,p_1.30.24_LL3f_mi,13
9,183,139,230,651,321,330,0,1,1,p_1.30.24_LL3f_mi,13
10,173,144,227,659,313,346,0,1,1,p_1.30.24_LL3f_mi,13
11,178,157,223,663,310,353,0,1,1,p_1.30.24_LL3f_mi,13
12,175,133,228,656,310,346,0,1,1,p_1.30.24_LL3f_mi,13
13,174,138,221,677,335,342,0,1,1,p_1.30.24_LL3f_mi,13
14,170,132,221,671,316,355,0,1,1,p_1.30.24_LL3f_mi,13
15,185,141,228,654,325,329,0,1,1,p_1.30.24_LL3f_mi,13
16,176,138,228,655,327,328,0,1,1,p_1.30.24_LL3f_mi,13
17,173,132,225,665,342,323,0,1,1,p_1.30.24_LL3f_mi,13
18,171,133,223,666,346,320,0,1,1,p_1.30.24_LL3f_mi,13
19,172,137,221,670,343,327,0,1,1,p_1.30.24_LL3f_mi,13
20,179,136,230,649,328,321,0,1,1,p_1.30.24_LL3f_mi,13
21,173,139,225,663,312,351,0,1,1,p_1.30.24_LL3f_mi,13
22,169,135,224,671,321,350,0,1,1,p_1.30.24_LL3f_mi,13
23,167,137,217,680,329,351,0,1,1,p_1.30.24_LL3f_mi,13
24,171,134,220,679,343,336,0,1,1,p_1.30.24_LL3f_mi,13
25,173,134,226,649,334,315,0,1,1,p_1.30.24_LL3f_mi,13
26,161,131,208,714,377,337,0,1,1,p_1.30.24_LL3f_mi,13
27,184,135,235,622,316,306,0,1,1,p_1.30.24_LL3f_mi,13
28,181,136,228,650,348,302,0,1,1,p_1.30.24_LL3f_mi,13
29,174,133,219,677,363,314,0,1,1,p_1.30.24_LL3f_mi,13
30,166,133,215,685,366,319,0,1,1,p_1.30.24_LL3f_mi,13
31,175,143,227,660,350,310,0,1,1,p_1.30.24_LL3f_mi,13
32,176,137,222,668,332,336,0,1,1,p_1.30.24_LL3f_mi,13
33,178,133,226,662,321,341,0,1,1,p_1.30.24_LL3f_mi,13
34,173,136,221,673,326,347,0,1,1,p_1.30.24_LL3f_mi,13
35,178,137,222,665,322,343,0,1,1,p_1.30.24_LL3f_mi,13
36,177,146,230,648,310,338,0,1,1,p_1.30.24_LL3f_mi,13
37,190,145,232,653,311,342,0,1,1,p_1.30.24_LL3f_mi,13
38,177,145,227,660,298,362,0,1,1,p_1.30.24_LL3f_mi,13
39,167,133,222,676,330,346,0,1,1,p_1.30.24_LL3f_mi,13
40,168,128,215,690,352,338,0,1,1,p_1.30.24_LL3f_mi,13
41,169,137,223,667,320,347,0,1,1,p_1.30.24_LL3f_mi,13
42,180,143,222,671,325,346,0,1,1,p_1.30.24_LL3f_mi,13
43,182,151,226,663,316,347,0,1,1,p_1.30.24_LL3f_mi,13
44,179,140,221,673,317,356,0,1,1,p_1.30.24_LL3f_mi,13
45,176,138,228,651,324,327,0,1,1,p_1.30.24_LL3f_mi,13
46,163,129,220,675,346,329,0,1,1,p_1.30.24_LL3f_mi,13
47,170,134,220,683,332,351,0,1,1,p_1.30.24_LL3f_mi,13
48,183,135,229,647,312,335,0,1,1,p_1.30.24_LL3f_mi,13
49,170,138,219,679,329,350,0,1,1,p_1.30.24_LL3f_mi,13
50,167,124,215,687,335,352,0,1,1,p_1.30.24_LL3f_mi,13
51,159,130,200,724,356,368,0,1,1,p_1.30.24_LL3f_mi,13
52,173,131,221,672,346,326,0,1,1,p_1.30.24_LL3f_mi,13
53,174,143,227,662,332,330,0,1,1,p_1.30.24_LL3f_mi,13
54,174,134,224,667,327,340,0,1,1,p_1.30.24_LL3f_mi,13
55,179,135,227,654,320,334,0,1,1,p_1.30.24_LL3f_mi,13
56,182,141,229,655,326,329,0,1,1,p_1.30.24_LL3f_mi,13
57,170,136,224,651,321,330,0,1,1,p_1.30.24_LL3f_mi,13
58,168,137,219,681,336,345,0,1,1,p_1.30.24_LL3f_mi,13
59,166,129,215,687,337,350,0,1,1,p_1.30.24_LL3f_mi,13
60,171,132,219,673,333,340,0,1,1,p_1.30.24_LL3f_mi,13
61,185,145,237,617,301,316,0,1,1,p_1.30.24_LL3f_mi,13
62,176,133,232,642,321,321,0,1,1,p_1.30.24_LL3f_mi,13
63,172,139,220,677,336,341,0,1,1,p_1.30.24_LL3f_mi,13
64,172,138,222,671,341,330,0,1,1,p_1.30.24_LL3f_mi,13
65,177,131,221,675,364,311,0,1,1,p_1.30.24_LL3f_mi,13
66,164,132,214,690,365,325,0,1,1,p_1.30.24_LL3f_mi,13
67,167,126,227,657,337,320,0,1,1,p_1.30.24_LL3f_mi,13
68,181,138,229,649,327,322,0,1,1,p_1.30.24_LL3f_mi,13
69,178,137,232,644,313,331,0,1,1,p_1.30.24_LL3f_mi,13
70,173,136,229,647,321,326,0,1,1,p_1.30.24_LL3f_mi,13
71,174,138,225,663,336,327,0,1,1,p_1.30.24_LL3f_mi,13
72,171,130,214,694,340,354,0,1,1,p_1.30.24_LL3f_mi,13
73,176,135,223,666,331,335,0,1,1,p_1.30.24_LL3f_mi,13
74,179,139,228,654,330,324,0,1,1,p_1.30.24_LL3f_mi,13
75,183,137,228,648,319,329,0,1,1,p_1.30.24_LL3f_mi,13
76,160,128,208,712,359,353,0,1,1,p_1.30.24_LL3f_mi,13
77,179,143,227,645,330,315,0,1,1,p_1.30.24_LL3f_mi,13
78,183,137,231,640,329,311,0,1,1,p_1.30.24_LL3f_mi,13
79,178,136,227,653,329,324,0,1,1,p_1.30.24_LL3f_mi,13
80,167,128,217,685,352,333,0,1,1,p_1.30.24_LL3f_mi,13
81,170,126,218,684,344,340,0,1,1,p_1.30.24_LL3f_mi,13
82,177,136,221,671,334,337,0,1,1,p_1.30.24_LL3f_mi,13
83,172,135,225,658,315,343,0,1,1,p_1.30.24_LL3f_mi,13
84,173,140,219,675,333,342,0,1,1,p_1.30.24_LL3f_mi,13
85,173,136,220,674,347,327,0,1,1,p_1.30.24_LL3f_mi,13
86,183,150,229,661,332,329,0,1,1,p_1.30.24_LL3f_mi,13
87,177,133,222,673,347,326,0,1,1,p_1.30.24_LL3f_mi,13
88,161,133,211,694,364,330,0,1,1,p_1.30.24_LL3f_mi,13
89,183,142,228,656,323,333,0,1,1,p_1.30.24_LL3f_mi,13
90,174,136,221,672,342,330,0,1,1,p_1.30.24_LL3f_mi,13
91,174,134,224,663,331,332,0,1,1,p_1.30.24_LL3f_mi,13
92,175,140,224,660,309,351,0,1,1,p_1.30.24_LL3f_mi,13
93,172,138,220,677,311,366,0,1,1,p_1.30.24_LL3f_mi,13
94,169,139,215,689,342,347,0,1,1,p_1.30.24_LL3f_mi,13
95,174,135,222,670,342,328,0,1,1,p_1.30.24_LL3f_mi,13
96,179,134,227,653,326,327,0,1,1,p_1.30.24_LL3f_mi,13
97,174,136,224,665,318,347,0,1,1,p_1.30.24_LL3f_mi,13
98,172,144,223,671,312,359,0,1,1,p_1.30.24_LL3f_mi,13
99,167,125,221,672,314,358,0,1,1,p_1.30.24_LL3f_mi,13
100,148,118,192,665,318,347,0,1,1,p_1.30.24_LL3f_mi,13
101,119,95,153,665,327,338,0,1,1,p_1.30.24_LL3f_mi,13
102,119,96,151,589,296,293,0,1,1,p_1.30.24_LL3f_mi,13
103,115,96,150,513,260,253,0,1,1,p_1.30.24_LL3f_mi,13
104,105,81,130,470,240,230,0,1,1,p_1.30.24_LL3f_mi,13
105,81,68,102,449,236,213,0,1,1,p_1.30.24_LL3f_mi,13
106,63,52,83,407,199,208,0,1,1,p_1.30.24_LL3f_mi,13
107,53,47,65,361,171,190,0,1,1,p_1.30.24_LL3f_mi,13
108,43,39,56,301,136,165,0,1,1,p_1.30.24_LL3f_mi,13
109,36,31,49,238,112,126,0,1,1,p_1.30.24_LL3f_mi,13
110,24,19,30,212,105,107,0,1,1,p_1.30.24_LL3f_mi,13
111,28,25,37,168,87,81,0,1,1,p_1.30.24_LL3f_mi,13
112,29,25,37,143,74,69,0,1,1,p_1.30.24_LL3f_mi,13
113,24,18,34,111,55,56,0,1,1,p_1.30.24_LL3f_mi,13
114,28,21,35,102,48,54,0,1,1,p_1.30.24_LL3f_mi,13
115,25,19,32,105,53,52,0,1,1,p_1.30.24_LL3f_mi,13
116,28,26,35,113,62,51,0,1,1,p_1.30.24_LL3f_mi,13
117,28,22,34,96,57,39,0,1,1,p_1.30.24_LL3f_mi,13
118,28,21,34,104,58,46,0,1,1,p_1.30.24_LL3f_mi,13
119,26,18,33,97,55,42,0,1,1,p_1.30.24_LL3f_mi,13
120,25,21,31,90,46,44,0,1,1,p_1.30.24_LL3f_mi,13
121,29,23,33,94,50,44,0,1,1,p_1.30.24_LL3f_mi,13
122,21,16,31,98,55,43,0,1,1,p_1.30.24_LL3f_mi,13
123,24,17,33,94,53,41,0,1,1,p_1.30.24_LL3f_mi,13
124,25,20,32,93,50,43,0,1,1,p_1.30.24_LL3f_mi,13
125,26,17,36,123,62,61,15,1,1,p_1.30.24_LL3f_mi,13
126,24,20,37,136,64,72,16,1,1,p_1.30.24_LL3f_mi,13
127,24,19,33,110,49,61,7,1,1,p_1.30.24_LL3f_mi,13
128,30,25,36,124,50,74,5,1,1,p_1.30.24_LL3f_mi,13
129,30,23,37,124,53,71,2,1,1,p_1.30.24_LL3f_mi,13
130,29,25,36,111,46,65,0,1,1,p_1.30.24_LL3f_mi,13
131,25,19,34,106,48,58,0,1,1,p_1.30.24_LL3f_mi,13
132,28,22,35,110,53,57,0,1,1,p_1.30.24_LL3f_mi,13
133,27,21,32,100,51,49,0,1,1,p_1.30.24_LL3f_mi,13
134,28,20,32,92,47,45,0,1,1,p_1.30.24_LL3f_mi,13
135,24,17,34,95,52,43,0,1,1,p_1.30.24_LL3f_mi,13
136,23,21,34,97,50,47,0,1,1,p_1.30.24_LL3f_mi,13
137,25,20,34,100,47,53,0,1,1,p_1.30.24_LL3f_mi,13
138,28,19,34,109,51,58,0,1,1,p_1.30.24_LL3f_mi,13
139,27,17,33,104,50,54,0,1,1,p_1.30.24_LL3f_mi,13
140,24,19,37,135,67,68,17,1,1,p_1.30.24_LL3f_mi,13
141,26,24,37,124,61,63,7,1,1,p_1.30.24_LL3f_mi,13
142,27,22,35,117,63,54,1,1,1,p_1.30.24_LL3f_mi,13
143,28,20,35,111,61,50,1,1,1,p_1.30.24_LL3f_mi,13
144,26,22,32,104,55,49,0,1,1,p_1.30.24_LL3f_mi,13
145,27,20,33,100,49,51,0,1,1,p_1.30.24_LL3f_mi,13
146,30,22,34,99,47,52,0,1,1,p_1.30.24_LL3f_mi,13
147,26,24,34,93,42,51,0,1,1,p_1.30.24_LL3f_mi,13
148,25,17,33,99,46,53,0,1,1,p_1.30.24_LL3f_mi,13
149,27,19,34,98,49,49,0,1,1,p_1.30.24_LL3f_mi,13
150,27,21,33,95,43,52,0,1,1,p_1.30.24_LL3f_mi,13
151,53,32,77,107,54,53,0,1,1,p_1.30.24_LL3f_mi,13
152,60,40,91,129,64,65,0,1,1,p_1.30.24_LL3f_mi,13
153,89,55,118,191,99,92,0,1,1,p_1.30.24_LL3f_mi,13
154,102,66,140,242,115,127,0,1,1,p_1.30.24_LL3f_mi,13
155,122,85,162,334,161,173,20,1,1,p_1.30.24_LL3f_mi,13
156,138,97,180,379,180,199,6,1,1,p_1.30.24_LL3f_mi,13
157,151,107,192,454,227,227,4,1,1,p_1.30.24_LL3f_mi,13
158,163,128,208,504,250,254,2,1,1,p_1.30.24_LL3f_mi,13
159,178,130,225,552,264,288,0,1,1,p_1.30.24_LL3f_mi,13
160,195,143,244,587,274,313,0,1,1,p_1.30.24_LL3f_mi,13
161,175,140,229,650,330,320,0,1,1,p_1.30.24_LL3f_mi,13
162,174,130,222,670,343,327,0,1,1,p_1.30.24_LL3f_mi,13
163,168,133,212,698,354,344,0,1,1,p_1.30.24_LL3f_mi,13
164,176,142,222,668,336,332,0,1,1,p_1.30.24_LL3f_mi,13
165,174,136,219,677,350,327,0,1,1,p_1.30.24_LL3f_mi,13
166,171,130,224,668,348,320,0,1,1,p_1.30.24_LL3f_mi,13
167,174,132,224,668,348,320,0,1,1,p_1.30.24_LL3f_mi,13
168,174,142,224,665,348,317,0,1,1,p_1.30.24_LL3f_mi,13
169,167,127,219,680,371,309,0,1,1,p_1.30.24_LL3f_mi,13
170,166,130,210,698,342,356,19,1,1,p_1.30.24_LL3f_mi,13
171,174,141,220,669,324,345,10,1,1,p_1.30.24_LL3f_mi,13
172,178,137,228,654,310,344,5,1,1,p_1.30.24_LL3f_mi,13
173,182,140,229,650,317,333,3,1,1,p_1.30.24_LL3f_mi,13
174,189,146,226,656,319,337,2,1,1,p_1.30.24_LL3f_mi,13
175,180,140,225,663,313,350,0,1,1,p_1.30.24_LL3f_mi,13
176,164,121,214,689,336,353,0,1,1,p_1.30.24_LL3f_mi,13
177,178,141,225,662,324,338,0,1,1,p_1.30.24_LL3f_mi,13
178,179,132,228,654,331,323,0,1,1,p_1.30.24_LL3f_mi,13
179,177,130,229,652,336,316,0,1,1,p_1.30.24_LL3f_mi,13
180,173,139,223,666,340,326,0,1,1,p_1.30.24_LL3f_mi,13
181,176,136,222,665,323,342,0,1,1,p_1.30.24_LL3f_mi,13
182,173,135,221,671,323,348,0,1,1,p_1.30.24_LL3f_mi,13
183,173,136,224,659,320,339,0,1,1,p_1.30.24_LL3f_mi,13
184,171,137,222,665,324,341,0,1,1,p_1.30.24_LL3f_mi,13
185,173,137,228,653,322,331,0,1,1,p_1.30.24_LL3f_mi,13
186,170,130,216,685,350,335,0,1,1,p_1.30.24_LL3f_mi,13
187,179,132,227,658,345,313,0,1,1,p_1.30.24_LL3f_mi,13
188,176,145,222,667,347,320,0,1,1,p_1.30.24_LL3f_mi,13
189,179,138,225,666,314,352,0,1,1,p_1.30.24_LL3f_mi,13
190,168,137,225,660,313,347,0,1,1,p_1.30.24_LL3f_mi,13
191,171,135,224,658,318,340,0,1,1,p_1.30.24_LL3f_mi,13
192,170,135,217,685,343,342,0,1,1,p_1.30.24_LL3f_mi,13
193,175,130,226,656,342,314,0,1,1,p_1.30.24_LL3f_mi,13
194,175,137,229,648,338,310,0,1,1,p_1.30.24_LL3f_mi,13
195,172,127,218,679,351,328,0,1,1,p_1.30.24_LL3f_mi,13
196,178,138,222,662,336,326,0,1,1,p_1.30.24_LL3f_mi,13
197,176,131,225,664,333,331,0,1,1,p_1.30.24_LL3f_mi,13
198,170,133,219,681,354,327,0,1,1,p_1.30.24_LL3f_mi,13
199,174,135,221,676,355,321,0,1,1,p_1.30.24_LL3f_mi,13
200,169,135,223,667,347,320,0,1,1,p_1.30.24_LL3f_mi,13
201,172,132,222,684,357,327,0,1,1,p_1.30.24_LL3f_mi,13
202,173,134,215,685,348,337,0,1,1,p_1.30.24_LL3f_mi,13
203,174,137,224,660,334,326,0,1,1,p_1.30.24_LL3f_mi,13
204,169,135,221,671,345,326,0,1,1,p_1.30.24_LL3f_mi,13
205,175,129,221,668,351,317,0,1,1,p_1.30.24_LL3f_mi,13
206,178,145,229,646,339,307,0,1,1,p_1.30.24_LL3f_mi,13
207,178,135,227,653,327,326,0,1,1,p_1.30.24_LL3f_mi,13
208,168,133,215,689,350,339,0,1,1,p_1.30.24_LL3f_mi,13
209,173,136,222,667,342,325,0,1,1,p_1.30.24_LL3f_mi,13
210,180,135,228,651,331,320,0,1,1,p_1.30.24_LL3f_mi,13
211,175,135,225,664,345,319,0,1,1,p_1.30.24_LL3f_mi,13
212,170,135,219,675,343,332,0,1,1,p_1.30.24_LL3f_mi,13
213,181,139,232,646,328,318,0,1,1,p_1.30.24_LL3f_mi,13
214,173,138,218,673,345,328,0,1,1,p_1.30.24_LL3f_mi,13
215,171,132,218,676,349,327,0,1,1,p_1.30.24_LL3f_mi,13
216,171,133,223,665,327,338,0,1,1,p_1.30.24_LL3f_mi,13
217,175,137,227,656,319,337,0,1,1,p_1.30.24_LL3f_mi,13
218,178,142,223,664,323,341,0,1,1,p_1.30.24_LL3f_mi,13
219,178,133,228,652,318,334,0,1,1,p_1.30.24_LL3f_mi,13
220,170,128,219,675,312,363,0,1,1,p_1.30.24_LL3f_mi,13
221,163,129,208,711,319,392,0,1,1,p_1.30.24_LL3f_mi,13
222,173,144,221,676,307,369,0,1,1,p_1.30.24_LL3f_mi,13
223,170,127,223,664,307,357,0,1,1,p_1.30.24_LL3f_mi,13
224,175,133,226,658,315,343,0,1,1,p_1.30.24_LL3f_mi,13
225,176,142,231,635,311,324,0,1,1,p_1.30.24_LL3f_mi,13
226,163,134,212,699,328,371,0,1,1,p_1.30.24_LL3f_mi,13
227,174,134,229,648,309,339,0,1,1,p_1.30.24_LL3f_mi,13
228,172,142,218,683,331,352,0,1,1,p_1.30.24_LL3f_mi,13
229,170,136,218,683,356,327,0,1,1,p_1.30.24_LL3f_mi,13
230,181,134,226,650,330,320,0,1,1,p_1.30.24_LL3f_mi,13
231,170,130,219,674,352,322,0,1,1,p_1.30.24_LL3f_mi,13
232,180,133,227,657,337,320,0,1,1,p_1.30.24_LL3f_mi,13
233,171,127,221,673,342,331,0,1,1,p_1.30.24_LL3f_mi,13
234,172,139,220,677,362,315,0,1,1,p_1.30.24_LL3f_mi,13
235,187,139,230,645,339,306,0,1,1,p_1.30.24_LL3f_mi,13
236,171,126,224,661,323,338,0,1,1,p_1.30.24_LL3f_mi,13
237,183,138,228,651,298,353,0,1,1,p_1.30.24_LL3f_mi,13
238,171,143,218,676,325,351,0,1,1,p_1.30.24_LL3f_mi,13
239,172,139,221,671,324,347,0,1,1,p_1.30.24_LL3f_mi,13
240,176,132,228,649,321,328,0,1,1,p_1.30.24_LL3f_mi,13
241,184,142,225,660,335,325,0,1,1,p_1.30.24_LL3f_mi,13
242,179,140,226,662,326,336,0,1,1,p_1.30.24_LL3f_mi,13
243,175,139,222,676,347,329,0,1,1,p_1.30.24_LL3f_mi,13
244,172,126,222,665,348,317,0,1,1,p_1.30.24_LL3f_mi,13
245,172,134,222,672,339,333,0,1,1,p_1.30.24_LL3f_mi,13
246,177,139,225,670,360,310,0,1,1,p_1.30.24_LL3f_mi,13
247,181,137,227,657,335,322,0,1,1,p_1.30.24_LL3f_mi,13
248,177,142,221,670,331,339,0,1,1,p_1.30.24_LL3f_mi,13
249,177,133,227,652,321,331,0,1,1,p_1.30.24_LL3f_mi,13
250,175,136,221,679,323,356,0,1,1,p_1.30.24_LL3f_mi,13
251,161,136,207,713,336,377,0,1,1,p_1.30.24_LL3f_mi,13
252,172,133,221,671,315,356,0,1,1,p_1.30.24_LL3f_mi,13
253,183,140,237,624,298,326,0,1,1,p_1.30.24_LL3f_mi,13
254,182,138,231,641,324,317,0,1,1,p_1.30.24_LL3f_mi,13
255,173,134,226,658,319,339,0,1,1,p_1.30.24_LL3f_mi,13
256,161,118,219,681,342,339,0,1,1,p_1.30.24_LL3f_mi,13
257,175,137,229,650,320,330,0,1,1,p_1.30.24_LL3f_mi,13
258,173,128,226,659,326,333,0,1,1,p_1.30.24_LL3f_mi,13
259,173,131,220,679,359,320,0,1,1,p_1.30.24_LL3f_mi,13
260,187,138,228,649,330,319,0,1,1,p_1.30.24_LL3f_mi,13
261,176,129,223,668,345,323,0,1,1,p_1.30.24_LL3f_mi,13
262,173,140,223,664,340,324,0,1,1,p_1.30.24_LL3f_mi,13
263,170,131,217,679,345,334,0,1,1,p_1.30.24_LL3f_mi,13
264,181,140,229,649,334,315,0,1,1,p_1.30.24_LL3f_mi,13
265,169,131,222,670,326,344,0,1,1,p_1.30.24_LL3f_mi,13
266,176,131,218,678,337,341,0,1,1,p_1.30.24_LL3f_mi,13
267,180,138,229,644,318,326,0,1,1,p_1.30.24_LL3f_mi,13
268,184,138,225,661,321,340,0,1,1,p_1.30.24_LL3f_mi,13
269,178,133,229,649,316,333,0,1,1,p_1.30.24_LL3f_mi,13
270,177,139,221,673,318,355,0,1,1,p_1.30.24_LL3f_mi,13
271,182,142,231,646,313,333,0,1,1,p_1.30.24_LL3f_mi,13
272,178,149,225,658,315,343,0,1,1,p_1.30.24_LL3f_mi,13
273,164,132,216,684,334,350,0,1,1,p_1.30.24_LL3f_mi,13
274,173,137,227,657,324,333,0,1,1,p_1.30.24_LL3f_mi,13
275,172,137,223,668,324,344,0,1,1,p_1.30.24_LL3f_mi,13
276,154,127,203,719,369,350,0,1,1,p_1.30.24_LL3f_mi,13
277,165,125,227,657,341,316,0,1,1,p_1.30.24_LL3f_mi,13
278,171,125,223,672,350,322,0,1,1,p_1.30.24_LL3f_mi,13
279,170,130,225,658,323,335,0,1,1,p_1.30.24_LL3f_mi,13
280,169,137,220,677,343,334,0,1,1,p_1.30.24_LL3f_mi,13
281,174,131,218,677,338,339,0,1,1,p_1.30.24_LL3f_mi,13
282,174,139,225,655,338,317,0,1,1,p_1.30.24_LL3f_mi,13
283,173,136,227,648,332,316,0,1,1,p_1.30.24_LL3f_mi,13
284,181,136,230,640,328,312,0,1,1,p_1.30.24_LL3f_mi,13
285,173,136,227,657,317,340,0,1,1,p_1.30.24_LL3f_mi,13
286,174,138,221,666,324,342,0,1,1,p_1.30.24_LL3f_mi,13
287,172,137,226,659,306,353,0,1,1,p_1.30.24_LL3f_mi,13
288,171,130,217,678,327,351,0,1,1,p_1.30.24_LL3f_mi,13
289,166,134,222,672,344,328,0,1,1,p_1.30.24_LL3f_mi,13
290,172,134,221,678,354,324,0,1,1,p_1.30.24_LL3f_mi,13
291,175,134,222,671,348,323,0,1,1,p_1.30.24_LL3f_mi,13
292,185,137,227,650,338,312,0,1,1,p_1.30.24_LL3f_mi,13
293,184,143,227,658,333,325,0,1,1,p_1.30.24_LL3f_mi,13
294,175,138,227,656,322,334,0,1,1,p_1.30.24_LL3f_mi,13
295,175,136,224,672,345,327,0,1,1,p_1.30.24_LL3f_mi,13
296,167,126,228,649,332,317,0,1,1,p_1.30.24_LL3f_mi,13
297,183,138,226,660,342,318,0,1,1,p_1.30.24_LL3f_mi,13
298,177,126,228,654,347,307,0,1,1,p_1.30.24_LL3f_mi,13
299,184,129,232,641,351,290,0,1,1,p_1.30.24_LL3f_mi,13
300,169,138,222,669,355,314,0,1,1,p_1.30.24_LL3f_mi,13
301,159,119,203,716,373,343,0,1,1,p_1.30.24_LL3f_mi,13
302,175,137,222,665,339,326,0,1,1,p_1.30.24_LL3f_mi,13
303,177,141,225,659,326,333,0,1,1,p_1.30.24_LL3f_mi,13
304,182,147,232,643,318,325,0,1,1,p_1.30.24_LL3f_mi,13
305,179,138,231,640,314,326,0,1,1,p_1.30.24_LL3f_mi,13
306,164,134,214,690,338,352,0,1,1,p_1.30.24_LL3f_mi,13
307,182,132,226,661,333,328,0,1,1,p_1.30.24_LL3f_mi,13
308,184,138,230,643,339,304,0,1,1,p_1.30.24_LL3f_mi,13
309,176,140,225,661,340,321,0,1,1,p_1.30.24_LL3f_mi,13
310,182,139,227,656,336,320,0,1,1,p_1.30.24_LL3f_mi,13
311,178,142,230,642,313,329,0,1,1,p_1.30.24_LL3f_mi,13
312,183,149,230,648,308,340,0,1,1,p_1.30.24_LL3f_mi,13
313,179,141,219,680,311,369,0,1,1,p_1.30.24_LL3f_mi,13
314,177,143,225,659,303,356,0,1,1,p_1.30.24_LL3f_mi,13
315,172,128,224,667,310,357,0,1,1,p_1.30.24_LL3f_mi,13
316,186,131,231,642,311,331,0,1,1,p_1.30.24_LL3f_mi,13
317,177,133,225,664,322,342,0,1,1,p_1.30.24_LL3f_mi,13
318,166,135,222,670,329,341,0,1,1,p_1.30.24_LL3f_mi,13
319,171,137,221,678,343,335,0,1,1,p_1.30.24_LL3f_mi,13
320,167,131,220,673,342,331,0,1,1,p_1.30.24_LL3f_mi,13
321,172,136,225,663,323,340,0,1,1,p_1.30.24_LL3f_mi,13
322,177,137,227,662,310,352,0,1,1,p_1.30.24_LL3f_mi,13
323,184,139,228,650,307,343,0,1,1,p_1.30.24_LL3f_mi,13
324,175,140,222,669,320,349,0,1,1,p_1.30.24_LL3f_mi,13
325,177,148,224,668,322,346,0,1,1,p_1.30.24_LL3f_mi,13
326,155,119,195,741,347,394,0,1,1,p_1.30.24_LL3f_mi,13
327,169,139,218,683,324,359,0,1,1,p_1.30.24_LL3f_mi,13
328,172,136,227,660,319,341,0,1,1,p_1.30.24_LL3f_mi,13
329,177,128,229,650,326,324,0,1,1,p_1.30.24_LL3f_mi,13
330,174,135,231,644,326,318,0,1,1,p_1.30.24_LL3f_mi,13
331,176,143,226,656,332,324,0,1,1,p_1.30.24_LL3f_mi,13
332,170,133,214,691,353,338,0,1,1,p_1.30.24_LL3f_mi,13
333,178,138,230,647,324,323,0,1,1,p_1.30.24_LL3f_mi,13
334,176,142,222,675,321,354,0,1,1,p_1.30.24_LL3f_mi,13
335,172,133,225,658,305,353,0,1,1,p_1.30.24_LL3f_mi,13
336,183,136,237,628,290,338,0,1,1,p_1.30.24_LL3f_mi,13
337,188,141,233,633,328,305,0,1,1,p_1.30.24_LL3f_mi,13
338,178,139,224,666,340,326,0,1,1,p_1.30.24_LL3f_mi,13
339,176,131,226,659,325,334,0,1,1,p_1.30.24_LL3f_mi,13
340,175,130,221,672,329,343,0,1,1,p_1.30.24_LL3f_mi,13
341,182,138,233,634,316,318,0,1,1,p_1.30.24_LL3f_mi,13
342,171,135,226,655,334,321,0,1,1,p_1.30.24_LL3f_mi,13
343,178,132,221,676,344,332,0,1,1,p_1.30.24_LL3f_mi,13
344,166,130,219,681,340,341,0,1,1,p_1.30.24_LL3f_mi,13
345,165,133,215,686,333,353,0,1,1,p_1.30.24_LL3f_mi,13
346,180,135,234,629,317,312,0,1,1,p_1.30.24_LL3f_mi,13
347,181,140,231,649,334,315,0,1,1,p_1.30.24_LL3f_mi,13
348,169,133,218,685,349,336,0,1,1,p_1.30.24_LL3f_mi,13
349,166,134,216,689,338,351,0,1,1,p_1.30.24_LL3f_mi,13
350,182,141,225,657,326,331,0,1,1,p_1.30.24_LL3f_mi,13
1,10,10,12,618,310,308,0,1,2,p_1.30.24_LL3f_mi,13
2,89,85,108,875,439,436,0,1,2,p_1.30.24_LL3f_mi,13
3,132,113,174,781,385,396,0,1,2,p_1.30.24_LL3f_mi,13
4,167,141,214,694,334,360,0,1,2,p_1.30.24_LL3f_mi,13
5,168,135,227,656,312,344,0,1,2,p_1.30.24_LL3f_mi,13
6,173,136,227,658,315,343,0,1,2,p_1.30.24_LL3f_mi,13
7,176,131,223,670,333,337,0,1,2,p_1.30.24_LL3f_mi,13
8,183,140,226,658,330,328,0,1,2,p_1.30.24_LL3f_mi,13
9,166,139,220,678,343,335,0,1,2,p_1.30.24_LL3f_mi,13
10,182,130,221,670,354,316,0,1,2,p_1.30.24_LL3f_mi,13
11,187,142,232,637,355,282,0,1,2,p_1.30.24_LL3f_mi,13
12,181,136,227,659,340,319,0,1,2,p_1.30.24_LL3f_mi,13
13,176,138,219,680,349,331,0,1,2,p_1.30.24_LL3f_mi,13
14,171,131,221,668,337,331,0,1,2,p_1.30.24_LL3f_mi,13
15,178,142,229,650,304,346,0,1,2,p_1.30.24_LL3f_mi,13
16,175,136,227,655,321,334,0,1,2,p_1.30.24_LL3f_mi,13
17,163,124,221,677,346,331,0,1,2,p_1.30.24_LL3f_mi,13
18,165,125,222,663,349,314,0,1,2,p_1.30.24_LL3f_mi,13
19,171,127,224,662,334,328,0,1,2,p_1.30.24_LL3f_mi,13
20,176,140,224,658,328,330,0,1,2,p_1.30.24_LL3f_mi,13
21,172,136,227,662,309,353,0,1,2,p_1.30.24_LL3f_mi,13
22,177,145,222,670,312,358,0,1,2,p_1.30.24_LL3f_mi,13
23,166,131,218,683,308,375,0,1,2,p_1.30.24_LL3f_mi,13
24,179,144,227,656,287,369,0,1,2,p_1.30.24_LL3f_mi,13
25,176,142,226,654,292,362,0,1,2,p_1.30.24_LL3f_mi,13
26,160,126,204,723,343,380,0,1,2,p_1.30.24_LL3f_mi,13
27,168,143,210,700,341,359,0,1,2,p_1.30.24_LL3f_mi,13
28,167,135,219,675,329,346,0,1,2,p_1.30.24_LL3f_mi,13
29,173,133,223,664,322,342,0,1,2,p_1.30.24_LL3f_mi,13
30,185,146,228,656,308,348,0,1,2,p_1.30.24_LL3f_mi,13
31,168,131,222,670,331,339,0,1,2,p_1.30.24_LL3f_mi,13
32,175,132,225,661,333,328,0,1,2,p_1.30.24_LL3f_mi,13
33,172,134,227,658,328,330,0,1,2,p_1.30.24_LL3f_mi,13
34,179,133,226,662,339,323,0,1,2,p_1.30.24_LL3f_mi,13
35,178,135,228,648,321,327,0,1,2,p_1.30.24_LL3f_mi,13
36,182,138,224,669,338,331,0,1,2,p_1.30.24_LL3f_mi,13
37,174,129,226,656,337,319,0,1,2,p_1.30.24_LL3f_mi,13
38,172,139,221,669,350,319,0,1,2,p_1.30.24_LL3f_mi,13
39,172,137,223,665,349,316,0,1,2,p_1.30.24_LL3f_mi,13
40,182,136,234,642,343,299,0,1,2,p_1.30.24_LL3f_mi,13
41,179,142,231,641,319,322,0,1,2,p_1.30.24_LL3f_mi,13
42,174,140,220,685,333,352,0,1,2,p_1.30.24_LL3f_mi,13
43,175,132,229,644,320,324,0,1,2,p_1.30.24_LL3f_mi,13
44,169,142,224,658,332,326,0,1,2,p_1.30.24_LL3f_mi,13
45,167,134,215,691,356,335,0,1,2,p_1.30.24_LL3f_mi,13
46,173,135,219,680,339,341,0,1,2,p_1.30.24_LL3f_mi,13
47,169,122,226,653,320,333,0,1,2,p_1.30.24_LL3f_mi,13
48,174,138,227,650,318,332,0,1,2,p_1.30.24_LL3f_mi,13
49,176,138,226,654,308,346,0,1,2,p_1.30.24_LL3f_mi,13
50,180,141,228,652,324,328,0,1,2,p_1.30.24_LL3f_mi,13
51,146,121,199,729,373,356,0,1,2,p_1.30.24_LL3f_mi,13
52,179,141,227,658,328,330,0,1,2,p_1.30.24_LL3f_mi,13
53,181,134,236,621,312,309,0,1,2,p_1.30.24_LL3f_mi,13
54,187,139,235,627,311,316,0,1,2,p_1.30.24_LL3f_mi,13
55,182,143,228,657,338,319,0,1,2,p_1.30.24_LL3f_mi,13
56,183,140,227,650,327,323,0,1,2,p_1.30.24_LL3f_mi,13
57,168,131,216,692,339,353,0,1,2,p_1.30.24_LL3f_mi,13
58,182,142,226,656,314,342,0,1,2,p_1.30.24_LL3f_mi,13
59,175,135,223,672,298,374,0,1,2,p_1.30.24_LL3f_mi,13
60,177,139,219,679,285,394,0,1,2,p_1.30.24_LL3f_mi,13
61,172,133,220,680,300,380,0,1,2,p_1.30.24_LL3f_mi,13
62,171,135,222,667,297,370,0,1,2,p_1.30.24_LL3f_mi,13
63,178,132,232,646,313,333,0,1,2,p_1.30.24_LL3f_mi,13
64,181,147,230,644,303,341,0,1,2,p_1.30.24_LL3f_mi,13
65,171,137,223,662,312,350,0,1,2,p_1.30.24_LL3f_mi,13
66,176,141,224,665,325,340,0,1,2,p_1.30.24_LL3f_mi,13
67,182,136,226,664,320,344,0,1,2,p_1.30.24_LL3f_mi,13
68,178,140,222,672,322,350,0,1,2,p_1.30.24_LL3f_mi,13
69,172,136,223,666,344,322,0,1,2,p_1.30.24_LL3f_mi,13
70,168,131,217,682,340,342,0,1,2,p_1.30.24_LL3f_mi,13
71,177,140,223,675,346,329,0,1,2,p_1.30.24_LL3f_mi,13
72,173,136,229,649,314,335,0,1,2,p_1.30.24_LL3f_mi,13
73,178,129,231,652,319,333,0,1,2,p_1.30.24_LL3f_mi,13
74,177,137,220,678,333,345,0,1,2,p_1.30.24_LL3f_mi,13
75,169,131,212,694,337,357,0,1,2,p_1.30.24_LL3f_mi,13
76,153,126,197,741,369,372,0,1,2,p_1.30.24_LL3f_mi,13
77,178,130,227,659,327,332,0,1,2,p_1.30.24_LL3f_mi,13
78,181,130,228,645,329,316,0,1,2,p_1.30.24_LL3f_mi,13
79,177,141,229,649,328,321,0,1,2,p_1.30.24_LL3f_mi,13
80,173,136,216,685,351,334,0,1,2,p_1.30.24_LL3f_mi,13
81,180,140,222,669,352,317,0,1,2,p_1.30.24_LL3f_mi,13
82,174,133,223,669,358,311,0,1,2,p_1.30.24_LL3f_mi,13
83,168,132,216,685,367,318,0,1,2,p_1.30.24_LL3f_mi,13
84,173,136,225,662,351,311,0,1,2,p_1.30.24_LL3f_mi,13
85,173,136,226,656,354,302,0,1,2,p_1.30.24_LL3f_mi,13
86,169,131,221,668,355,313,0,1,2,p_1.30.24_LL3f_mi,13
87,175,135,220,676,341,335,0,1,2,p_1.30.24_LL3f_mi,13
88,172,132,225,664,329,335,0,1,2,p_1.30.24_LL3f_mi,13
89,178,132,226,656,328,328,0,1,2,p_1.30.24_LL3f_mi,13
90,170,135,225,662,334,328,0,1,2,p_1.30.24_LL3f_mi,13
91,171,142,221,679,339,340,0,1,2,p_1.30.24_LL3f_mi,13
92,170,138,220,681,347,334,0,1,2,p_1.30.24_LL3f_mi,13
93,177,138,227,656,324,332,0,1,2,p_1.30.24_LL3f_mi,13
94,178,140,223,670,328,342,0,1,2,p_1.30.24_LL3f_mi,13
95,167,123,221,666,310,356,0,1,2,p_1.30.24_LL3f_mi,13
96,177,140,224,662,314,348,0,1,2,p_1.30.24_LL3f_mi,13
97,180,141,222,666,319,347,0,1,2,p_1.30.24_LL3f_mi,13
98,172,145,225,660,321,339,0,1,2,p_1.30.24_LL3f_mi,13
99,175,144,222,670,320,350,0,1,2,p_1.30.24_LL3f_mi,13
100,147,117,187,676,329,347,0,1,2,p_1.30.24_LL3f_mi,13
101,119,99,150,668,325,343,0,1,2,p_1.30.24_LL3f_mi,13
102,126,105,156,578,272,306,0,1,2,p_1.30.24_LL3f_mi,13
103,111,96,146,520,233,287,0,1,2,p_1.30.24_LL3f_mi,13
104,92,80,116,501,237,264,0,1,2,p_1.30.24_LL3f_mi,13
105,87,74,110,439,216,223,0,1,2,p_1.30.24_LL3f_mi,13
106,57,51,75,418,213,205,0,1,2,p_1.30.24_LL3f_mi,13
107,56,49,71,351,180,171,0,1,2,p_1.30.24_LL3f_mi,13
108,52,48,65,287,145,142,0,1,2,p_1.30.24_LL3f_mi,13
109,27,26,36,257,127,130,0,1,2,p_1.30.24_LL3f_mi,13
110,26,23,33,209,102,107,0,1,2,p_1.30.24_LL3f_mi,13
111,28,24,37,164,82,82,0,1,2,p_1.30.24_LL3f_mi,13
112,29,25,37,139,66,73,0,1,2,p_1.30.24_LL3f_mi,13
113,29,24,37,131,56,75,0,1,2,p_1.30.24_LL3f_mi,13
114,31,23,37,128,53,75,0,1,2,p_1.30.24_LL3f_mi,13
115,27,17,34,116,54,62,0,1,2,p_1.30.24_LL3f_mi,13
116,27,21,36,113,58,55,0,1,2,p_1.30.24_LL3f_mi,13
117,30,24,36,120,55,65,0,1,2,p_1.30.24_LL3f_mi,13
118,26,21,35,106,53,53,0,1,2,p_1.30.24_LL3f_mi,13
119,26,18,33,99,45,54,0,1,2,p_1.30.24_LL3f_mi,13
120,27,21,33,100,47,53,0,1,2,p_1.30.24_LL3f_mi,13
121,25,20,32,99,47,52,0,1,2,p_1.30.24_LL3f_mi,13
122,21,17,31,90,40,50,0,1,2,p_1.30.24_LL3f_mi,13
123,26,20,30,90,43,47,0,1,2,p_1.30.24_LL3f_mi,13
124,25,19,31,85,37,48,0,1,2,p_1.30.24_LL3f_mi,13
125,25,22,37,114,54,60,18,1,2,p_1.30.24_LL3f_mi,13
126,30,21,36,111,50,61,9,1,2,p_1.30.24_LL3f_mi,13
127,27,19,34,108,48,60,2,1,2,p_1.30.24_LL3f_mi,13
128,24,19,36,106,49,57,2,1,2,p_1.30.24_LL3f_mi,13
129,26,20,35,100,53,47,2,1,2,p_1.30.24_LL3f_mi,13
130,29,22,34,105,54,51,1,1,2,p_1.30.24_LL3f_mi,13
131,26,19,33,106,55,51,0,1,2,p_1.30.24_LL3f_mi,13
132,26,22,32,93,47,46,0,1,2,p_1.30.24_LL3f_mi,13
133,26,22,33,101,52,49,0,1,2,p_1.30.24_LL3f_mi,13
134,29,21,34,106,49,57,0,1,2,p_1.30.24_LL3f_mi,13
135,24,23,33,101,49,52,0,1,2,p_1.30.24_LL3f_mi,13
136,27,20,34,105,47,58,0,1,2,p_1.30.24_LL3f_mi,13
137,27,24,35,103,43,60,0,1,2,p_1.30.24_LL3f_mi,13
138,22,18,31,91,42,49,0,1,2,p_1.30.24_LL3f_mi,13
139,26,22,33,95,44,51,0,1,2,p_1.30.24_LL3f_mi,13
140,26,19,37,125,61,64,19,1,2,p_1.30.24_LL3f_mi,13
141,32,27,37,121,57,64,12,1,2,p_1.30.24_LL3f_mi,13
142,27,21,34,109,57,52,8,1,2,p_1.30.24_LL3f_mi,13
143,28,19,36,114,57,57,3,1,2,p_1.30.24_LL3f_mi,13
144,29,26,37,121,60,61,1,1,2,p_1.30.24_LL3f_mi,13
145,27,22,35,109,52,57,0,1,2,p_1.30.24_LL3f_mi,13
146,24,20,33,106,56,50,0,1,2,p_1.30.24_LL3f_mi,13
147,27,22,34,111,61,50,0,1,2,p_1.30.24_LL3f_mi,13
148,26,20,34,100,59,41,0,1,2,p_1.30.24_LL3f_mi,13
149,27,20,36,109,60,49,0,1,2,p_1.30.24_LL3f_mi,13
150,24,19,33,94,50,44,0,1,2,p_1.30.24_LL3f_mi,13
151,45,34,66,106,48,58,0,1,2,p_1.30.24_LL3f_mi,13
152,62,43,96,138,65,73,0,1,2,p_1.30.24_LL3f_mi,13
153,90,58,122,192,99,93,0,1,2,p_1.30.24_LL3f_mi,13
154,111,79,144,267,136,131,0,1,2,p_1.30.24_LL3f_mi,13
155,123,87,162,354,182,172,17,1,2,p_1.30.24_LL3f_mi,13
156,141,98,179,397,207,190,9,1,2,p_1.30.24_LL3f_mi,13
157,148,113,193,460,229,231,6,1,2,p_1.30.24_LL3f_mi,13
158,161,121,207,515,262,253,5,1,2,p_1.30.24_LL3f_mi,13
159,179,135,226,548,267,281,2,1,2,p_1.30.24_LL3f_mi,13
160,185,138,239,607,292,315,1,1,2,p_1.30.24_LL3f_mi,13
161,167,135,217,684,339,345,0,1,2,p_1.30.24_LL3f_mi,13
162,167,129,219,677,346,331,0,1,2,p_1.30.24_LL3f_mi,13
163,173,133,224,667,344,323,0,1,2,p_1.30.24_LL3f_mi,13
164,182,140,226,657,332,325,0,1,2,p_1.30.24_LL3f_mi,13
165,174,131,227,658,340,318,0,1,2,p_1.30.24_LL3f_mi,13
166,181,135,225,658,338,320,0,1,2,p_1.30.24_LL3f_mi,13
167,172,129,230,643,340,303,0,1,2,p_1.30.24_LL3f_mi,13
168,175,134,230,645,335,310,0,1,2,p_1.30.24_LL3f_mi,13
169,170,128,221,674,349,325,0,1,2,p_1.30.24_LL3f_mi,13
170,170,127,217,685,360,325,15,1,2,p_1.30.24_LL3f_mi,13
171,175,126,225,665,366,299,9,1,2,p_1.30.24_LL3f_mi,13
172,180,139,227,655,344,311,3,1,2,p_1.30.24_LL3f_mi,13
173,182,138,232,639,345,294,3,1,2,p_1.30.24_LL3f_mi,13
174,178,138,231,648,345,303,1,1,2,p_1.30.24_LL3f_mi,13
175,174,141,217,682,346,336,0,1,2,p_1.30.24_LL3f_mi,13
176,157,127,207,714,350,364,0,1,2,p_1.30.24_LL3f_mi,13
177,175,137,227,651,312,339,0,1,2,p_1.30.24_LL3f_mi,13
178,176,133,225,659,329,330,0,1,2,p_1.30.24_LL3f_mi,13
179,174,134,227,656,322,334,0,1,2,p_1.30.24_LL3f_mi,13
180,172,134,223,664,317,347,0,1,2,p_1.30.24_LL3f_mi,13
181,174,132,217,685,309,376,0,1,2,p_1.30.24_LL3f_mi,13
182,162,131,215,694,333,361,0,1,2,p_1.30.24_LL3f_mi,13
183,172,143,219,682,322,360,0,1,2,p_1.30.24_LL3f_mi,13
184,171,134,221,672,330,342,0,1,2,p_1.30.24_LL3f_mi,13
185,179,141,217,681,333,348,0,1,2,p_1.30.24_LL3f_mi,13
186,171,136,224,665,317,348,0,1,2,p_1.30.24_LL3f_mi,13
187,178,143,228,652,309,343,0,1,2,p_1.30.24_LL3f_mi,13
188,178,132,225,662,320,342,0,1,2,p_1.30.24_LL3f_mi,13
189,180,134,229,646,318,328,0,1,2,p_1.30.24_LL3f_mi,13
190,171,132,223,669,332,337,0,1,2,p_1.30.24_LL3f_mi,13
191,177,138,228,659,331,328,0,1,2,p_1.30.24_LL3f_mi,13
192,178,140,229,651,331,320,0,1,2,p_1.30.24_LL3f_mi,13
193,171,135,218,677,341,336,0,1,2,p_1.30.24_LL3f_mi,13
194,167,130,216,689,338,351,0,1,2,p_1.30.24_LL3f_mi,13
195,171,132,224,670,329,341,0,1,2,p_1.30.24_LL3f_mi,13
196,172,131,219,678,325,353,0,1,2,p_1.30.24_LL3f_mi,13
197,165,127,210,698,351,347,0,1,2,p_1.30.24_LL3f_mi,13
198,167,126,222,666,359,307,0,1,2,p_1.30.24_LL3f_mi,13
199,185,138,236,624,332,292,0,1,2,p_1.30.24_LL3f_mi,13
200,178,138,225,660,335,325,0,1,2,p_1.30.24_LL3f_mi,13
201,158,124,209,705,357,348,0,1,2,p_1.30.24_LL3f_mi,13
202,172,126,222,674,348,326,0,1,2,p_1.30.24_LL3f_mi,13
203,165,128,221,667,349,318,0,1,2,p_1.30.24_LL3f_mi,13
204,174,137,226,658,329,329,0,1,2,p_1.30.24_LL3f_mi,13
205,174,135,227,656,333,323,0,1,2,p_1.30.24_LL3f_mi,13
206,174,137,222,673,354,319,0,1,2,p_1.30.24_LL3f_mi,13
207,161,124,216,683,359,324,0,1,2,p_1.30.24_LL3f_mi,13
208,169,133,218,680,345,335,0,1,2,p_1.30.24_LL3f_mi,13
209,175,138,225,657,328,329,0,1,2,p_1.30.24_LL3f_mi,13
210,177,131,229,651,326,325,0,1,2,p_1.30.24_LL3f_mi,13
211,172,142,223,664,317,347,0,1,2,p_1.30.24_LL3f_mi,13
212,183,139,218,683,339,344,0,1,2,p_1.30.24_LL3f_mi,13
213,172,134,220,675,353,322,0,1,2,p_1.30.24_LL3f_mi,13
214,175,132,222,674,352,322,0,1,2,p_1.30.24_LL3f_mi,13
215,171,128,226,663,343,320,0,1,2,p_1.30.24_LL3f_mi,13
216,173,141,218,681,339,342,0,1,2,p_1.30.24_LL3f_mi,13
217,179,137,223,676,333,343,0,1,2,p_1.30.24_LL3f_mi,13
218,174,144,223,661,314,347,0,1,2,p_1.30.24_LL3f_mi,13
219,175,137,223,662,318,344,0,1,2,p_1.30.24_LL3f_mi,13
220,176,136,220,679,329,350,0,1,2,p_1.30.24_LL3f_mi,13
221,172,133,216,679,329,350,0,1,2,p_1.30.24_LL3f_mi,13
222,179,144,227,657,320,337,0,1,2,p_1.30.24_LL3f_mi,13
223,180,138,227,650,331,319,0,1,2,p_1.30.24_LL3f_mi,13
224,175,138,226,655,335,320,0,1,2,p_1.30.24_LL3f_mi,13
225,173,124,224,658,349,309,0,1,2,p_1.30.24_LL3f_mi,13
226,157,128,204,718,367,351,0,1,2,p_1.30.24_LL3f_mi,13
227,173,135,227,656,321,335,0,1,2,p_1.30.24_LL3f_mi,13
228,180,137,221,670,316,354,0,1,2,p_1.30.24_LL3f_mi,13
229,175,139,224,663,307,356,0,1,2,p_1.30.24_LL3f_mi,13
230,176,135,227,654,312,342,0,1,2,p_1.30.24_LL3f_mi,13
231,180,139,231,640,305,335,0,1,2,p_1.30.24_LL3f_mi,13
232,171,135,221,670,334,336,0,1,2,p_1.30.24_LL3f_mi,13
233,178,130,226,656,330,326,0,1,2,p_1.30.24_LL3f_mi,13
234,173,132,227,652,333,319,0,1,2,p_1.30.24_LL3f_mi,13
235,165,129,218,685,357,328,0,1,2,p_1.30.24_LL3f_mi,13
236,175,132,221,672,335,337,0,1,2,p_1.30.24_LL3f_mi,13
237,174,136,222,668,330,338,0,1,2,p_1.30.24_LL3f_mi,13
238,170,135,217,678,339,339,0,1,2,p_1.30.24_LL3f_mi,13
239,179,143,224,664,328,336,0,1,2,p_1.30.24_LL3f_mi,13
240,176,140,224,667,320,347,0,1,2,p_1.30.24_LL3f_mi,13
241,174,133,221,672,330,342,0,1,2,p_1.30.24_LL3f_mi,13
242,166,135,216,682,344,338,0,1,2,p_1.30.24_LL3f_mi,13
243,171,134,218,680,344,336,0,1,2,p_1.30.24_LL3f_mi,13
244,178,136,220,674,350,324,0,1,2,p_1.30.24_LL3f_mi,13
245,174,131,222,658,335,323,0,1,2,p_1.30.24_LL3f_mi,13
246,181,139,230,650,314,336,0,1,2,p_1.30.24_LL3f_mi,13
247,176,130,230,657,314,343,0,1,2,p_1.30.24_LL3f_mi,13
248,168,134,217,687,338,349,0,1,2,p_1.30.24_LL3f_mi,13
249,171,143,225,657,319,338,0,1,2,p_1.30.24_LL3f_mi,13
250,175,140,223,664,314,350,0,1,2,p_1.30.24_LL3f_mi,13
251,150,123,200,724,355,369,0,1,2,p_1.30.24_LL3f_mi,13
252,171,128,224,663,339,324,0,1,2,p_1.30.24_LL3f_mi,13
253,179,133,230,652,320,332,0,1,2,p_1.30.24_LL3f_mi,13
254,171,140,227,659,327,332,0,1,2,p_1.30.24_LL3f_mi,13
255,174,131,223,665,345,320,0,1,2,p_1.30.24_LL3f_mi,13
256,170,135,218,679,331,348,0,1,2,p_1.30.24_LL3f_mi,13
257,185,145,232,639,308,331,0,1,2,p_1.30.24_LL3f_mi,13
258,179,138,227,658,325,333,0,1,2,p_1.30.24_LL3f_mi,13
259,165,128,215,684,336,348,0,1,2,p_1.30.24_LL3f_mi,13
260,182,135,228,653,315,338,0,1,2,p_1.30.24_LL3f_mi,13
261,174,132,228,657,317,340,0,1,2,p_1.30.24_LL3f_mi,13
262,175,135,225,655,328,327,0,1,2,p_1.30.24_LL3f_mi,13
263,175,136,225,657,327,330,0,1,2,p_1.30.24_LL3f_mi,13
264,169,138,224,664,329,335,0,1,2,p_1.30.24_LL3f_mi,13
265,171,134,223,668,336,332,0,1,2,p_1.30.24_LL3f_mi,13
266,179,128,229,647,337,310,0,1,2,p_1.30.24_LL3f_mi,13
267,186,142,235,629,323,306,0,1,2,p_1.30.24_LL3f_mi,13
268,184,139,234,634,326,308,0,1,2,p_1.30.24_LL3f_mi,13
269,181,136,233,633,318,315,0,1,2,p_1.30.24_LL3f_mi,13
270,182,140,228,654,327,327,0,1,2,p_1.30.24_LL3f_mi,13
271,172,143,228,646,324,322,0,1,2,p_1.30.24_LL3f_mi,13
272,181,143,231,647,327,320,0,1,2,p_1.30.24_LL3f_mi,13
273,169,130,227,659,341,318,0,1,2,p_1.30.24_LL3f_mi,13
274,173,134,220,674,345,329,0,1,2,p_1.30.24_LL3f_mi,13
275,180,141,227,657,337,320,0,1,2,p_1.30.24_LL3f_mi,13
276,167,133,211,699,330,369,0,1,2,p_1.30.24_LL3f_mi,13
277,176,132,227,659,309,350,0,1,2,p_1.30.24_LL3f_mi,13
278,176,140,232,640,304,336,0,1,2,p_1.30.24_LL3f_mi,13
279,171,133,225,660,333,327,0,1,2,p_1.30.24_LL3f_mi,13
280,167,133,216,684,336,348,0,1,2,p_1.30.24_LL3f_mi,13
281,175,135,224,659,314,345,0,1,2,p_1.30.24_LL3f_mi,13
282,183,136,229,650,330,320,0,1,2,p_1.30.24_LL3f_mi,13
283,168,130,220,675,329,346,0,1,2,p_1.30.24_LL3f_mi,13
284,171,136,220,678,346,332,0,1,2,p_1.30.24_LL3f_mi,13
285,174,139,225,667,333,334,0,1,2,p_1.30.24_LL3f_mi,13
286,175,133,223,671,318,353,0,1,2,p_1.30.24_LL3f_mi,13
287,174,143,225,656,312,344,0,1,2,p_1.30.24_LL3f_mi,13
288,170,129,226,660,321,339,0,1,2,p_1.30.24_LL3f_mi,13
289,181,139,227,655,315,340,0,1,2,p_1.30.24_LL3f_mi,13
290,177,140,218,678,339,339,0,1,2,p_1.30.24_LL3f_mi,13
291,169,137,214,691,348,343,0,1,2,p_1.30.24_LL3f_mi,13
292,174,136,221,669,332,337,0,1,2,p_1.30.24_LL3f_mi,13
293,177,144,224,671,319,352,0,1,2,p_1.30.24_LL3f_mi,13
294,176,141,223,671,313,358,0,1,2,p_1.30.24_LL3f_mi,13
295,180,139,222,664,318,346,0,1,2,p_1.30.24_LL3f_mi,13
296,178,142,232,641,309,332,0,1,2,p_1.30.24_LL3f_mi,13
297,174,131,226,656,309,347,0,1,2,p_1.30.24_LL3f_mi,13
298,166,131,220,677,324,353,0,1,2,p_1.30.24_LL3f_mi,13
299,167,125,215,690,338,352,0,1,2,p_1.30.24_LL3f_mi,13
300,172,141,220,672,319,353,0,1,2,p_1.30.24_LL3f_mi,13
301,171,138,219,683,343,340,0,1,2,p_1.30.24_LL3f_mi,13
302,182,139,225,661,328,333,0,1,2,p_1.30.24_LL3f_mi,13
303,170,132,220,672,335,337,0,1,2,p_1.30.24_LL3f_mi,13
304,170,131,222,673,334,339,0,1,2,p_1.30.24_LL3f_mi,13
305,174,134,225,662,318,344,0,1,2,p_1.30.24_LL3f_mi,13
306,174,137,221,679,327,352,0,1,2,p_1.30.24_LL3f_mi,13
307,177,142,223,670,326,344,0,1,2,p_1.30.24_LL3f_mi,13
308,178,137,220,675,351,324,0,1,2,p_1.30.24_LL3f_mi,13
309,173,133,221,670,340,330,0,1,2,p_1.30.24_LL3f_mi,13
310,173,139,217,683,348,335,0,1,2,p_1.30.24_LL3f_mi,13
311,173,128,223,663,326,337,0,1,2,p_1.30.24_LL3f_mi,13
312,174,134,223,664,327,337,0,1,2,p_1.30.24_LL3f_mi,13
313,179,140,223,667,334,333,0,1,2,p_1.30.24_LL3f_mi,13
314,175,137,221,675,335,340,0,1,2,p_1.30.24_LL3f_mi,13
315,187,146,232,638,330,308,0,1,2,p_1.30.24_LL3f_mi,13
316,173,135,222,677,353,324,0,1,2,p_1.30.24_LL3f_mi,13
317,175,133,228,642,334,308,0,1,2,p_1.30.24_LL3f_mi,13
318,174,138,229,652,320,332,0,1,2,p_1.30.24_LL3f_mi,13
319,169,137,219,676,357,319,0,1,2,p_1.30.24_LL3f_mi,13
320,164,127,213,697,367,330,0,1,2,p_1.30.24_LL3f_mi,13
321,178,133,229,653,336,317,0,1,2,p_1.30.24_LL3f_mi,13
322,178,127,230,648,334,314,0,1,2,p_1.30.24_LL3f_mi,13
323,173,138,220,679,346,333,0,1,2,p_1.30.24_LL3f_mi,13
324,170,134,223,666,329,337,0,1,2,p_1.30.24_LL3f_mi,13
325,178,138,230,651,325,326,0,1,2,p_1.30.24_LL3f_mi,13
326,153,131,205,712,354,358,0,1,2,p_1.30.24_LL3f_mi,13
327,174,142,222,676,335,341,0,1,2,p_1.30.24_LL3f_mi,13
328,172,137,216,685,343,342,0,1,2,p_1.30.24_LL3f_mi,13
329,176,147,229,649,334,315,0,1,2,p_1.30.24_LL3f_mi,13
330,172,125,222,665,342,323,0,1,2,p_1.30.24_LL3f_mi,13
331,171,137,225,662,332,330,0,1,2,p_1.30.24_LL3f_mi,13
332,176,125,224,663,326,337,0,1,2,p_1.30.24_LL3f_mi,13
333,172,135,219,676,339,337,0,1,2,p_1.30.24_LL3f_mi,13
334,179,131,220,678,352,326,0,1,2,p_1.30.24_LL3f_mi,13
335,162,130,219,673,349,324,0,1,2,p_1.30.24_LL3f_mi,13
336,179,131,229,649,332,317,0,1,2,p_1.30.24_LL3f_mi,13
337,172,131,227,654,326,328,0,1,2,p_1.30.24_LL3f_mi,13
338,172,138,222,673,323,350,0,1,2,p_1.30.24_LL3f_mi,13
339,174,130,223,669,336,333,0,1,2,p_1.30.24_LL3f_mi,13
340,181,136,228,649,334,315,0,1,2,p_1.30.24_LL3f_mi,13
341,184,144,234,632,312,320,0,1,2,p_1.30.24_LL3f_mi,13
342,176,142,225,665,316,349,0,1,2,p_1.30.24_LL3f_mi,13
343,171,141,218,673,317,356,0,1,2,p_1.30.24_LL3f_mi,13
344,171,138,223,669,337,332,0,1,2,p_1.30.24_LL3f_mi,13
345,173,133,231,640,335,305,0,1,2,p_1.30.24_LL3f_mi,13
346,162,128,221,666,331,335,0,1,2,p_1.30.24_LL3f_mi,13
347,167,142,220,677,333,344,0,1,2,p_1.30.24_LL3f_mi,13
348,178,132,230,647,320,327,0,1,2,p_1.30.24_LL3f_mi,13
349,170,130,223,662,348,314,0,1,2,p_1.30.24_LL3f_mi,13
350,173,128,222,674,348,326,0,1,2,p_1.30.24_LL3f_mi,13
1,11,10,12,623,318,305,0,1,3,p_1.30.24_LL3f_mi,13
2,102,93,130,848,442,406,0,1,3,p_1.30.24_LL3f_mi,13
3,128,110,168,791,402,389,0,1,3,p_1.30.24_LL3f_mi,13
4,154,126,196,731,367,364,0,1,3,p_1.30.24_LL3f_mi,13
5,175,137,224,660,327,333,0,1,3,p_1.30.24_LL3f_mi,13
6,170,134,228,647,327,320,0,1,3,p_1.30.24_LL3f_mi,13
7,186,139,231,641,325,316,0,1,3,p_1.30.24_LL3f_mi,13
8,177,134,223,666,336,330,0,1,3,p_1.30.24_LL3f_mi,13
9,176,141,224,673,335,338,0,1,3,p_1.30.24_LL3f_mi,13
10,163,122,215,682,342,340,0,1,3,p_1.30.24_LL3f_mi,13
11,173,128,224,662,332,330,0,1,3,p_1.30.24_LL3f_mi,13
12,168,131,225,662,333,329,0,1,3,p_1.30.24_LL3f_mi,13
13,174,140,220,672,320,352,0,1,3,p_1.30.24_LL3f_mi,13
14,164,132,215,692,330,362,0,1,3,p_1.30.24_LL3f_mi,13
15,163,129,213,689,325,364,0,1,3,p_1.30.24_LL3f_mi,13
16,177,130,231,642,311,331,0,1,3,p_1.30.24_LL3f_mi,13
17,172,128,214,691,340,351,0,1,3,p_1.30.24_LL3f_mi,13
18,176,133,225,663,316,347,0,1,3,p_1.30.24_LL3f_mi,13
19,177,143,224,666,316,350,0,1,3,p_1.30.24_LL3f_mi,13
20,175,128,224,654,321,333,0,1,3,p_1.30.24_LL3f_mi,13
21,178,142,225,660,320,340,0,1,3,p_1.30.24_LL3f_mi,13
22,174,138,219,679,329,350,0,1,3,p_1.30.24_LL3f_mi,13
23,179,141,229,651,330,321,0,1,3,p_1.30.24_LL3f_mi,13
24,175,131,225,660,344,316,0,1,3,p_1.30.24_LL3f_mi,13
25,174,128,225,660,342,318,0,1,3,p_1.30.24_LL3f_mi,13
26,164,134,212,695,341,354,0,1,3,p_1.30.24_LL3f_mi,13
27,179,142,223,668,328,340,0,1,3,p_1.30.24_LL3f_mi,13
28,172,136,223,664,329,335,0,1,3,p_1.30.24_LL3f_mi,13
29,163,131,221,676,333,343,0,1,3,p_1.30.24_LL3f_mi,13
30,174,144,222,661,328,333,0,1,3,p_1.30.24_LL3f_mi,13
31,174,136,222,671,326,345,0,1,3,p_1.30.24_LL3f_mi,13
32,176,146,221,676,339,337,0,1,3,p_1.30.24_LL3f_mi,13
33,172,135,217,684,329,355,0,1,3,p_1.30.24_LL3f_mi,13
34,169,129,220,671,337,334,0,1,3,p_1.30.24_LL3f_mi,13
35,169,138,222,666,325,341,0,1,3,p_1.30.24_LL3f_mi,13
36,177,140,226,659,334,325,0,1,3,p_1.30.24_LL3f_mi,13
37,183,138,224,662,343,319,0,1,3,p_1.30.24_LL3f_mi,13
38,171,139,221,673,334,339,0,1,3,p_1.30.24_LL3f_mi,13
39,171,136,227,651,318,333,0,1,3,p_1.30.24_LL3f_mi,13
40,169,138,221,673,312,361,0,1,3,p_1.30.24_LL3f_mi,13
41,172,135,215,691,334,357,0,1,3,p_1.30.24_LL3f_mi,13
42,161,121,211,697,368,329,0,1,3,p_1.30.24_LL3f_mi,13
43,163,130,217,679,347,332,0,1,3,p_1.30.24_LL3f_mi,13
44,174,135,220,670,348,322,0,1,3,p_1.30.24_LL3f_mi,13
45,163,132,212,698,360,338,0,1,3,p_1.30.24_LL3f_mi,13
46,174,135,224,665,330,335,0,1,3,p_1.30.24_LL3f_mi,13
47,176,128,226,663,348,315,0,1,3,p_1.30.24_LL3f_mi,13
48,170,132,221,677,365,312,0,1,3,p_1.30.24_LL3f_mi,13
49,177,134,227,656,358,298,0,1,3,p_1.30.24_LL3f_mi,13
50,170,129,224,665,375,290,0,1,3,p_1.30.24_LL3f_mi,13
51,163,128,209,709,394,315,0,1,3,p_1.30.24_LL3f_mi,13
52,174,132,225,656,345,311,0,1,3,p_1.30.24_LL3f_mi,13
53,171,124,220,672,362,310,0,1,3,p_1.30.24_LL3f_mi,13
54,172,132,223,661,363,298,0,1,3,p_1.30.24_LL3f_mi,13
55,173,137,226,658,359,299,0,1,3,p_1.30.24_LL3f_mi,13
56,173,131,229,657,347,310,0,1,3,p_1.30.24_LL3f_mi,13
57,183,132,235,626,330,296,0,1,3,p_1.30.24_LL3f_mi,13
58,177,129,227,655,343,312,0,1,3,p_1.30.24_LL3f_mi,13
59,175,135,222,667,347,320,0,1,3,p_1.30.24_LL3f_mi,13
60,170,130,226,663,335,328,0,1,3,p_1.30.24_LL3f_mi,13
61,168,135,220,677,342,335,0,1,3,p_1.30.24_LL3f_mi,13
62,173,130,222,669,332,337,0,1,3,p_1.30.24_LL3f_mi,13
63,165,135,213,698,327,371,0,1,3,p_1.30.24_LL3f_mi,13
64,169,134,218,683,334,349,0,1,3,p_1.30.24_LL3f_mi,13
65,164,139,220,674,333,341,0,1,3,p_1.30.24_LL3f_mi,13
66,176,141,221,671,342,329,0,1,3,p_1.30.24_LL3f_mi,13
67,175,135,227,658,342,316,0,1,3,p_1.30.24_LL3f_mi,13
68,175,137,227,651,335,316,0,1,3,p_1.30.24_LL3f_mi,13
69,178,134,223,665,354,311,0,1,3,p_1.30.24_LL3f_mi,13
70,176,131,223,661,356,305,0,1,3,p_1.30.24_LL3f_mi,13
71,174,129,223,661,349,312,0,1,3,p_1.30.24_LL3f_mi,13
72,174,128,227,655,354,301,0,1,3,p_1.30.24_LL3f_mi,13
73,175,132,228,652,337,315,0,1,3,p_1.30.24_LL3f_mi,13
74,170,125,220,677,328,349,0,1,3,p_1.30.24_LL3f_mi,13
75,177,139,220,681,322,359,0,1,3,p_1.30.24_LL3f_mi,13
76,151,135,205,719,340,379,0,1,3,p_1.30.24_LL3f_mi,13
77,173,134,228,649,306,343,0,1,3,p_1.30.24_LL3f_mi,13
78,164,129,221,671,311,360,0,1,3,p_1.30.24_LL3f_mi,13
79,179,142,228,646,318,328,0,1,3,p_1.30.24_LL3f_mi,13
80,179,131,227,651,325,326,0,1,3,p_1.30.24_LL3f_mi,13
81,171,127,219,678,342,336,0,1,3,p_1.30.24_LL3f_mi,13
82,176,129,221,670,322,348,0,1,3,p_1.30.24_LL3f_mi,13
83,173,139,223,667,313,354,0,1,3,p_1.30.24_LL3f_mi,13
84,178,142,228,654,299,355,0,1,3,p_1.30.24_LL3f_mi,13
85,168,138,224,667,321,346,0,1,3,p_1.30.24_LL3f_mi,13
86,166,138,215,695,348,347,0,1,3,p_1.30.24_LL3f_mi,13
87,178,140,226,656,317,339,0,1,3,p_1.30.24_LL3f_mi,13
88,173,137,224,664,314,350,0,1,3,p_1.30.24_LL3f_mi,13
89,181,144,229,645,308,337,0,1,3,p_1.30.24_LL3f_mi,13
90,176,131,228,649,308,341,0,1,3,p_1.30.24_LL3f_mi,13
91,180,138,229,650,324,326,0,1,3,p_1.30.24_LL3f_mi,13
92,175,138,224,664,327,337,0,1,3,p_1.30.24_LL3f_mi,13
93,168,127,217,687,333,354,0,1,3,p_1.30.24_LL3f_mi,13
94,178,137,228,644,329,315,0,1,3,p_1.30.24_LL3f_mi,13
95,172,126,231,644,338,306,0,1,3,p_1.30.24_LL3f_mi,13
96,178,140,223,662,353,309,0,1,3,p_1.30.24_LL3f_mi,13
97,175,135,226,667,338,329,0,1,3,p_1.30.24_LL3f_mi,13
98,169,142,221,678,329,349,0,1,3,p_1.30.24_LL3f_mi,13
99,171,133,222,668,317,351,0,1,3,p_1.30.24_LL3f_mi,13
100,145,119,187,670,320,350,0,1,3,p_1.30.24_LL3f_mi,13
101,99,87,138,687,318,369,0,1,3,p_1.30.24_LL3f_mi,13
102,123,105,162,564,265,299,0,1,3,p_1.30.24_LL3f_mi,13
103,111,96,141,534,245,289,0,1,3,p_1.30.24_LL3f_mi,13
104,91,80,124,485,214,271,0,1,3,p_1.30.24_LL3f_mi,13
105,89,74,117,419,196,223,0,1,3,p_1.30.24_LL3f_mi,13
106,56,53,82,405,203,202,0,1,3,p_1.30.24_LL3f_mi,13
107,58,50,75,347,195,152,0,1,3,p_1.30.24_LL3f_mi,13
108,40,37,53,310,173,137,0,1,3,p_1.30.24_LL3f_mi,13
109,25,23,31,264,144,120,0,1,3,p_1.30.24_LL3f_mi,13
110,26,22,31,207,112,95,0,1,3,p_1.30.24_LL3f_mi,13
111,31,27,38,148,73,75,0,1,3,p_1.30.24_LL3f_mi,13
112,27,22,36,130,63,67,0,1,3,p_1.30.24_LL3f_mi,13
113,30,22,37,126,59,67,0,1,3,p_1.30.24_LL3f_mi,13
114,30,27,39,124,58,66,0,1,3,p_1.30.24_LL3f_mi,13
115,26,20,35,120,55,65,0,1,3,p_1.30.24_LL3f_mi,13
116,28,23,37,118,56,62,0,1,3,p_1.30.24_LL3f_mi,13
117,27,21,37,118,68,50,0,1,3,p_1.30.24_LL3f_mi,13
118,29,21,34,109,57,52,0,1,3,p_1.30.24_LL3f_mi,13
119,27,18,33,106,58,48,0,1,3,p_1.30.24_LL3f_mi,13
120,26,22,35,108,52,56,0,1,3,p_1.30.24_LL3f_mi,13
121,30,24,37,110,53,57,0,1,3,p_1.30.24_LL3f_mi,13
122,31,26,37,112,52,60,0,1,3,p_1.30.24_LL3f_mi,13
123,27,22,36,109,53,56,0,1,3,p_1.30.24_LL3f_mi,13
124,28,24,36,120,60,60,0,1,3,p_1.30.24_LL3f_mi,13
125,29,23,37,134,65,69,12,1,3,p_1.30.24_LL3f_mi,13
126,29,25,37,138,67,71,14,1,3,p_1.30.24_LL3f_mi,13
127,28,22,37,127,58,69,9,1,3,p_1.30.24_LL3f_mi,13
128,26,19,35,124,57,67,4,1,3,p_1.30.24_LL3f_mi,13
129,29,21,36,115,60,55,1,1,3,p_1.30.24_LL3f_mi,13
130,26,20,35,121,64,57,0,1,3,p_1.30.24_LL3f_mi,13
131,29,25,36,120,65,55,0,1,3,p_1.30.24_LL3f_mi,13
132,32,26,36,121,61,60,0,1,3,p_1.30.24_LL3f_mi,13
133,25,23,34,107,57,50,0,1,3,p_1.30.24_LL3f_mi,13
134,25,20,35,110,58,52,0,1,3,p_1.30.24_LL3f_mi,13
135,28,23,34,108,53,55,0,1,3,p_1.30.24_LL3f_mi,13
136,27,19,35,115,58,57,0,1,3,p_1.30.24_LL3f_mi,13
137,25,20,34,102,50,52,0,1,3,p_1.30.24_LL3f_mi,13
138,28,22,33,105,46,59,0,1,3,p_1.30.24_LL3f_mi,13
139,26,21,34,105,51,54,0,1,3,p_1.30.24_LL3f_mi,13
140,27,20,39,129,64,65,18,1,3,p_1.30.24_LL3f_mi,13
141,31,25,36,125,55,70,9,1,3,p_1.30.24_LL3f_mi,13
142,27,22,36,116,50,66,2,1,3,p_1.30.24_LL3f_mi,13
143,26,21,35,113,55,58,1,1,3,p_1.30.24_LL3f_mi,13
144,25,22,35,102,42,60,0,1,3,p_1.30.24_LL3f_mi,13
145,29,25,36,116,51,65,0,1,3,p_1.30.24_LL3f_mi,13
146,27,21,36,115,52,63,0,1,3,p_1.30.24_LL3f_mi,13
147,28,21,36,116,54,62,0,1,3,p_1.30.24_LL3f_mi,13
148,29,22,35,114,53,61,0,1,3,p_1.30.24_LL3f_mi,13
149,28,24,35,113,49,64,0,1,3,p_1.30.24_LL3f_mi,13
150,28,24,34,106,45,61,0,1,3,p_1.30.24_LL3f_mi,13
151,48,34,75,108,48,60,0,1,3,p_1.30.24_LL3f_mi,13
152,63,44,96,146,63,83,0,1,3,p_1.30.24_LL3f_mi,13
153,85,59,123,212,98,114,0,1,3,p_1.30.24_LL3f_mi,13
154,111,71,143,262,129,133,0,1,3,p_1.30.24_LL3f_mi,13
155,127,95,163,343,165,178,19,1,3,p_1.30.24_LL3f_mi,13
156,133,92,177,397,189,208,6,1,3,p_1.30.24_LL3f_mi,13
157,156,116,196,440,222,218,4,1,3,p_1.30.24_LL3f_mi,13
158,166,117,211,480,232,248,0,1,3,p_1.30.24_LL3f_mi,13
159,180,133,224,555,288,267,0,1,3,p_1.30.24_LL3f_mi,13
160,188,137,241,597,302,295,0,1,3,p_1.30.24_LL3f_mi,13
161,179,131,229,656,339,317,0,1,3,p_1.30.24_LL3f_mi,13
162,181,140,229,646,326,320,0,1,3,p_1.30.24_LL3f_mi,13
163,189,149,231,639,327,312,0,1,3,p_1.30.24_LL3f_mi,13
164,175,131,227,650,331,319,0,1,3,p_1.30.24_LL3f_mi,13
165,173,138,224,661,340,321,0,1,3,p_1.30.24_LL3f_mi,13
166,175,135,221,673,343,330,0,1,3,p_1.30.24_LL3f_mi,13
167,160,127,212,697,364,333,0,1,3,p_1.30.24_LL3f_mi,13
168,172,136,222,673,364,309,0,1,3,p_1.30.24_LL3f_mi,13
169,176,139,227,654,351,303,0,1,3,p_1.30.24_LL3f_mi,13
170,162,124,213,689,363,326,22,1,3,p_1.30.24_LL3f_mi,13
171,166,136,218,684,354,330,9,1,3,p_1.30.24_LL3f_mi,13
172,175,139,223,662,340,322,3,1,3,p_1.30.24_LL3f_mi,13
173,178,134,226,657,338,319,1,1,3,p_1.30.24_LL3f_mi,13
174,166,130,221,677,355,322,0,1,3,p_1.30.24_LL3f_mi,13
175,180,136,227,662,358,304,0,1,3,p_1.30.24_LL3f_mi,13
176,161,126,209,703,369,334,0,1,3,p_1.30.24_LL3f_mi,13
177,173,144,220,670,353,317,0,1,3,p_1.30.24_LL3f_mi,13
178,184,143,233,638,337,301,0,1,3,p_1.30.24_LL3f_mi,13
179,176,128,226,661,356,305,0,1,3,p_1.30.24_LL3f_mi,13
180,173,131,221,674,345,329,0,1,3,p_1.30.24_LL3f_mi,13
181,167,129,217,695,348,347,0,1,3,p_1.30.24_LL3f_mi,13
182,168,132,217,679,332,347,0,1,3,p_1.30.24_LL3f_mi,13
183,178,143,228,652,326,326,0,1,3,p_1.30.24_LL3f_mi,13
184,174,137,224,671,343,328,0,1,3,p_1.30.24_LL3f_mi,13
185,177,137,227,655,340,315,0,1,3,p_1.30.24_LL3f_mi,13
186,181,141,223,671,345,326,0,1,3,p_1.30.24_LL3f_mi,13
187,178,135,225,664,330,334,0,1,3,p_1.30.24_LL3f_mi,13
188,168,124,219,680,349,331,0,1,3,p_1.30.24_LL3f_mi,13
189,180,142,227,656,331,325,0,1,3,p_1.30.24_LL3f_mi,13
190,170,134,215,688,339,349,0,1,3,p_1.30.24_LL3f_mi,13
191,178,139,226,658,327,331,0,1,3,p_1.30.24_LL3f_mi,13
192,176,135,225,659,333,326,0,1,3,p_1.30.24_LL3f_mi,13
193,173,131,232,637,338,299,0,1,3,p_1.30.24_LL3f_mi,13
194,170,126,218,679,367,312,0,1,3,p_1.30.24_LL3f_mi,13
195,176,135,222,675,363,312,0,1,3,p_1.30.24_LL3f_mi,13
196,173,136,219,675,343,332,0,1,3,p_1.30.24_LL3f_mi,13
197,164,124,218,675,332,343,0,1,3,p_1.30.24_LL3f_mi,13
198,173,140,226,650,313,337,0,1,3,p_1.30.24_LL3f_mi,13
199,176,137,229,654,319,335,0,1,3,p_1.30.24_LL3f_mi,13
200,175,134,230,647,309,338,0,1,3,p_1.30.24_LL3f_mi,13
201,171,134,216,685,339,346,0,1,3,p_1.30.24_LL3f_mi,13
202,172,139,225,664,337,327,0,1,3,p_1.30.24_LL3f_mi,13
203,178,147,227,657,323,334,0,1,3,p_1.30.24_LL3f_mi,13
204,165,136,220,668,317,351,0,1,3,p_1.30.24_LL3f_mi,13
205,171,140,227,653,292,361,0,1,3,p_1.30.24_LL3f_mi,13
206,181,143,229,647,319,328,0,1,3,p_1.30.24_LL3f_mi,13
207,182,142,229,650,327,323,0,1,3,p_1.30.24_LL3f_mi,13
208,174,137,225,661,324,337,0,1,3,p_1.30.24_LL3f_mi,13
209,168,140,224,667,327,340,0,1,3,p_1.30.24_LL3f_mi,13
210,178,133,228,655,314,341,0,1,3,p_1.30.24_LL3f_mi,13
211,178,135,229,656,316,340,0,1,3,p_1.30.24_LL3f_mi,13
212,175,152,227,658,313,345,0,1,3,p_1.30.24_LL3f_mi,13
213,180,143,229,650,304,346,0,1,3,p_1.30.24_LL3f_mi,13
214,173,148,221,671,323,348,0,1,3,p_1.30.24_LL3f_mi,13
215,168,139,222,675,333,342,0,1,3,p_1.30.24_LL3f_mi,13
216,179,138,226,666,328,338,0,1,3,p_1.30.24_LL3f_mi,13
217,184,140,227,653,325,328,0,1,3,p_1.30.24_LL3f_mi,13
218,173,133,225,663,339,324,0,1,3,p_1.30.24_LL3f_mi,13
219,179,127,233,634,312,322,0,1,3,p_1.30.24_LL3f_mi,13
220,179,137,226,656,323,333,0,1,3,p_1.30.24_LL3f_mi,13
221,173,143,221,671,338,333,0,1,3,p_1.30.24_LL3f_mi,13
222,171,139,218,674,325,349,0,1,3,p_1.30.24_LL3f_mi,13
223,169,132,219,674,341,333,0,1,3,p_1.30.24_LL3f_mi,13
224,168,136,220,669,334,335,0,1,3,p_1.30.24_LL3f_mi,13
225,183,131,225,661,324,337,0,1,3,p_1.30.24_LL3f_mi,13
226,160,128,206,719,354,365,0,1,3,p_1.30.24_LL3f_mi,13
227,166,139,220,673,329,344,0,1,3,p_1.30.24_LL3f_mi,13
228,175,135,226,662,313,349,0,1,3,p_1.30.24_LL3f_mi,13
229,164,131,217,679,319,360,0,1,3,p_1.30.24_LL3f_mi,13
230,180,131,229,652,319,333,0,1,3,p_1.30.24_LL3f_mi,13
231,177,125,224,665,335,330,0,1,3,p_1.30.24_LL3f_mi,13
232,176,128,224,669,335,334,0,1,3,p_1.30.24_LL3f_mi,13
233,169,137,216,682,338,344,0,1,3,p_1.30.24_LL3f_mi,13
234,164,128,214,687,361,326,0,1,3,p_1.30.24_LL3f_mi,13
235,179,137,225,663,347,316,0,1,3,p_1.30.24_LL3f_mi,13
236,170,128,223,668,345,323,0,1,3,p_1.30.24_LL3f_mi,13
237,171,144,222,675,349,326,0,1,3,p_1.30.24_LL3f_mi,13
238,181,133,226,663,345,318,0,1,3,p_1.30.24_LL3f_mi,13
239,172,127,224,659,337,322,0,1,3,p_1.30.24_LL3f_mi,13
240,173,139,221,675,336,339,0,1,3,p_1.30.24_LL3f_mi,13
241,177,140,224,667,347,320,0,1,3,p_1.30.24_LL3f_mi,13
242,171,135,218,678,334,344,0,1,3,p_1.30.24_LL3f_mi,13
243,172,128,220,677,328,349,0,1,3,p_1.30.24_LL3f_mi,13
244,165,143,210,703,343,360,0,1,3,p_1.30.24_LL3f_mi,13
245,167,126,218,675,339,336,0,1,3,p_1.30.24_LL3f_mi,13
246,180,139,226,653,331,322,0,1,3,p_1.30.24_LL3f_mi,13
247,171,128,215,684,334,350,0,1,3,p_1.30.24_LL3f_mi,13
248,175,136,220,678,330,348,0,1,3,p_1.30.24_LL3f_mi,13
249,181,148,225,665,340,325,0,1,3,p_1.30.24_LL3f_mi,13
250,164,124,219,674,333,341,0,1,3,p_1.30.24_LL3f_mi,13
251,165,127,210,712,347,365,0,1,3,p_1.30.24_LL3f_mi,13
252,181,138,223,665,337,328,0,1,3,p_1.30.24_LL3f_mi,13
253,174,127,221,676,329,347,0,1,3,p_1.30.24_LL3f_mi,13
254,183,141,228,658,324,334,0,1,3,p_1.30.24_LL3f_mi,13
255,171,133,215,687,349,338,0,1,3,p_1.30.24_LL3f_mi,13
256,171,137,220,679,350,329,0,1,3,p_1.30.24_LL3f_mi,13
257,177,131,226,662,329,333,0,1,3,p_1.30.24_LL3f_mi,13
258,178,128,230,652,324,328,0,1,3,p_1.30.24_LL3f_mi,13
259,176,139,224,661,323,338,0,1,3,p_1.30.24_LL3f_mi,13
260,167,130,218,686,338,348,0,1,3,p_1.30.24_LL3f_mi,13
261,169,130,220,673,336,337,0,1,3,p_1.30.24_LL3f_mi,13
262,174,127,220,674,346,328,0,1,3,p_1.30.24_LL3f_mi,13
263,170,131,221,674,344,330,0,1,3,p_1.30.24_LL3f_mi,13
264,169,122,216,694,364,330,0,1,3,p_1.30.24_LL3f_mi,13
265,165,129,213,698,377,321,0,1,3,p_1.30.24_LL3f_mi,13
266,176,129,223,665,341,324,0,1,3,p_1.30.24_LL3f_mi,13
267,173,127,226,661,336,325,0,1,3,p_1.30.24_LL3f_mi,13
268,178,143,229,650,320,330,0,1,3,p_1.30.24_LL3f_mi,13
269,173,134,219,682,349,333,0,1,3,p_1.30.24_LL3f_mi,13
270,160,127,224,661,340,321,0,1,3,p_1.30.24_LL3f_mi,13
271,173,131,223,668,349,319,0,1,3,p_1.30.24_LL3f_mi,13
272,176,128,227,658,336,322,0,1,3,p_1.30.24_LL3f_mi,13
273,175,138,223,665,324,341,0,1,3,p_1.30.24_LL3f_mi,13
274,173,137,226,654,313,341,0,1,3,p_1.30.24_LL3f_mi,13
275,171,139,225,660,324,336,0,1,3,p_1.30.24_LL3f_mi,13
276,162,136,206,707,344,363,0,1,3,p_1.30.24_LL3f_mi,13
277,171,134,229,656,322,334,0,1,3,p_1.30.24_LL3f_mi,13
278,178,131,224,661,327,334,0,1,3,p_1.30.24_LL3f_mi,13
279,175,130,223,668,337,331,0,1,3,p_1.30.24_LL3f_mi,13
280,172,127,223,667,347,320,0,1,3,p_1.30.24_LL3f_mi,13
281,173,138,223,668,344,324,0,1,3,p_1.30.24_LL3f_mi,13
282,167,140,213,689,337,352,0,1,3,p_1.30.24_LL3f_mi,13
283,171,137,222,670,337,333,0,1,3,p_1.30.24_LL3f_mi,13
284,168,126,214,695,350,345,0,1,3,p_1.30.24_LL3f_mi,13
285,170,129,221,677,339,338,0,1,3,p_1.30.24_LL3f_mi,13
286,178,141,227,655,326,329,0,1,3,p_1.30.24_LL3f_mi,13
287,175,138,225,662,331,331,0,1,3,p_1.30.24_LL3f_mi,13
288,175,137,229,647,324,323,0,1,3,p_1.30.24_LL3f_mi,13
289,181,137,226,658,340,318,0,1,3,p_1.30.24_LL3f_mi,13
290,169,135,217,683,346,337,0,1,3,p_1.30.24_LL3f_mi,13
291,183,137,232,637,322,315,0,1,3,p_1.30.24_LL3f_mi,13
292,169,135,220,673,319,354,0,1,3,p_1.30.24_LL3f_mi,13
293,178,145,222,676,315,361,0,1,3,p_1.30.24_LL3f_mi,13
294,178,136,224,664,339,325,0,1,3,p_1.30.24_LL3f_mi,13
295,177,139,223,667,342,325,0,1,3,p_1.30.24_LL3f_mi,13
296,176,135,225,663,341,322,0,1,3,p_1.30.24_LL3f_mi,13
297,171,136,215,688,358,330,0,1,3,p_1.30.24_LL3f_mi,13
298,173,137,219,682,348,334,0,1,3,p_1.30.24_LL3f_mi,13
299,169,128,220,677,330,347,0,1,3,p_1.30.24_LL3f_mi,13
300,175,140,225,668,320,348,0,1,3,p_1.30.24_LL3f_mi,13
301,165,127,204,717,344,373,0,1,3,p_1.30.24_LL3f_mi,13
302,173,139,223,670,324,346,0,1,3,p_1.30.24_LL3f_mi,13
303,175,137,221,674,326,348,0,1,3,p_1.30.24_LL3f_mi,13
304,171,126,221,673,334,339,0,1,3,p_1.30.24_LL3f_mi,13
305,184,143,226,658,334,324,0,1,3,p_1.30.24_LL3f_mi,13
306,173,132,226,657,328,329,0,1,3,p_1.30.24_LL3f_mi,13
307,168,138,218,674,337,337,0,1,3,p_1.30.24_LL3f_mi,13
308,169,129,224,663,337,326,0,1,3,p_1.30.24_LL3f_mi,13
309,171,130,226,660,334,326,0,1,3,p_1.30.24_LL3f_mi,13
310,176,147,223,669,330,339,0,1,3,p_1.30.24_LL3f_mi,13
311,171,131,222,669,310,359,0,1,3,p_1.30.24_LL3f_mi,13
312,177,140,224,659,307,352,0,1,3,p_1.30.24_LL3f_mi,13
313,180,142,231,643,317,326,0,1,3,p_1.30.24_LL3f_mi,13
314,173,129,224,663,332,331,0,1,3,p_1.30.24_LL3f_mi,13
315,182,143,228,642,308,334,0,1,3,p_1.30.24_LL3f_mi,13
316,174,136,219,678,321,357,0,1,3,p_1.30.24_LL3f_mi,13
317,172,142,221,670,321,349,0,1,3,p_1.30.24_LL3f_mi,13
318,174,137,225,661,334,327,0,1,3,p_1.30.24_LL3f_mi,13
319,175,145,220,673,336,337,0,1,3,p_1.30.24_LL3f_mi,13
320,169,130,215,692,338,354,0,1,3,p_1.30.24_LL3f_mi,13
321,173,140,224,667,324,343,0,1,3,p_1.30.24_LL3f_mi,13
322,173,134,222,668,336,332,0,1,3,p_1.30.24_LL3f_mi,13
323,180,142,227,654,325,329,0,1,3,p_1.30.24_LL3f_mi,13
324,170,136,220,671,339,332,0,1,3,p_1.30.24_LL3f_mi,13
325,173,135,222,670,339,331,0,1,3,p_1.30.24_LL3f_mi,13
326,156,125,203,715,362,353,0,1,3,p_1.30.24_LL3f_mi,13
327,175,139,223,662,334,328,0,1,3,p_1.30.24_LL3f_mi,13
328,176,136,228,647,328,319,0,1,3,p_1.30.24_LL3f_mi,13
329,171,133,227,653,345,308,0,1,3,p_1.30.24_LL3f_mi,13
330,175,133,226,653,360,293,0,1,3,p_1.30.24_LL3f_mi,13
331,166,118,217,683,364,319,0,1,3,p_1.30.24_LL3f_mi,13
332,178,136,223,663,343,320,0,1,3,p_1.30.24_LL3f_mi,13
333,178,139,227,660,330,330,0,1,3,p_1.30.24_LL3f_mi,13
334,175,144,225,661,316,345,0,1,3,p_1.30.24_LL3f_mi,13
335,166,133,227,661,308,353,0,1,3,p_1.30.24_LL3f_mi,13
336,172,136,220,678,310,368,0,1,3,p_1.30.24_LL3f_mi,13
337,170,131,220,676,308,368,0,1,3,p_1.30.24_LL3f_mi,13
338,179,143,225,663,308,355,0,1,3,p_1.30.24_LL3f_mi,13
339,169,135,221,669,323,346,0,1,3,p_1.30.24_LL3f_mi,13
340,174,127,221,678,353,325,0,1,3,p_1.30.24_LL3f_mi,13
341,165,118,218,679,351,328,0,1,3,p_1.30.24_LL3f_mi,13
342,163,132,211,695,350,345,0,1,3,p_1.30.24_LL3f_mi,13
343,183,139,230,642,305,337,0,1,3,p_1.30.24_LL3f_mi,13
344,178,135,228,655,317,338,0,1,3,p_1.30.24_LL3f_mi,13
345,178,141,230,647,306,341,0,1,3,p_1.30.24_LL3f_mi,13
346,170,130,223,670,320,350,0,1,3,p_1.30.24_LL3f_mi,13
347,179,128,226,649,327,322,0,1,3,p_1.30.24_LL3f_mi,13
348,175,139,222,663,348,315,0,1,3,p_1.30.24_LL3f_mi,13
349,181,131,229,652,327,325,0,1,3,p_1.30.24_LL3f_mi,13
350,173,132,223,672,329,343,0,1,3,p_1.30.24_LL3f_mi,13
1,6,6,6,601,278,323,0,1,4,p_1.30.24_LL3f_mi,13
2,98,93,122,858,412,446,0,1,4,p_1.30.24_LL3f_mi,13
3,132,114,172,783,377,406,0,1,4,p_1.30.24_LL3f_mi,13
4,162,126,210,699,347,352,0,1,4,p_1.30.24_LL3f_mi,13
5,173,132,229,648,325,323,0,1,4,p_1.30.24_LL3f_mi,13
6,184,137,232,633,326,307,0,1,4,p_1.30.24_LL3f_mi,13
7,183,138,231,644,318,326,0,1,4,p_1.30.24_LL3f_mi,13
8,171,135,223,668,333,335,0,1,4,p_1.30.24_LL3f_mi,13
9,174,135,223,662,328,334,0,1,4,p_1.30.24_LL3f_mi,13
10,186,148,231,641,310,331,0,1,4,p_1.30.24_LL3f_mi,13
11,172,131,219,680,326,354,0,1,4,p_1.30.24_LL3f_mi,13
12,171,135,224,664,326,338,0,1,4,p_1.30.24_LL3f_mi,13
13,169,145,217,684,325,359,0,1,4,p_1.30.24_LL3f_mi,13
14,176,143,221,671,316,355,0,1,4,p_1.30.24_LL3f_mi,13
15,165,133,221,671,322,349,0,1,4,p_1.30.24_LL3f_mi,13
16,173,145,225,663,317,346,0,1,4,p_1.30.24_LL3f_mi,13
17,182,141,232,641,324,317,0,1,4,p_1.30.24_LL3f_mi,13
18,182,139,223,672,340,332,0,1,4,p_1.30.24_LL3f_mi,13
19,177,133,224,663,335,328,0,1,4,p_1.30.24_LL3f_mi,13
20,177,144,226,663,334,329,0,1,4,p_1.30.24_LL3f_mi,13
21,185,141,233,634,318,316,0,1,4,p_1.30.24_LL3f_mi,13
22,173,137,228,656,326,330,0,1,4,p_1.30.24_LL3f_mi,13
23,177,133,227,654,323,331,0,1,4,p_1.30.24_LL3f_mi,13
24,172,132,231,637,332,305,0,1,4,p_1.30.24_LL3f_mi,13
25,177,132,227,657,353,304,0,1,4,p_1.30.24_LL3f_mi,13
26,160,128,201,726,386,340,0,1,4,p_1.30.24_LL3f_mi,13
27,174,136,223,667,343,324,0,1,4,p_1.30.24_LL3f_mi,13
28,176,142,222,669,328,341,0,1,4,p_1.30.24_LL3f_mi,13
29,180,138,225,669,332,337,0,1,4,p_1.30.24_LL3f_mi,13
30,169,125,218,676,326,350,0,1,4,p_1.30.24_LL3f_mi,13
31,168,132,219,679,343,336,0,1,4,p_1.30.24_LL3f_mi,13
32,179,135,234,627,305,322,0,1,4,p_1.30.24_LL3f_mi,13
33,180,136,222,672,329,343,0,1,4,p_1.30.24_LL3f_mi,13
34,173,135,222,661,318,343,0,1,4,p_1.30.24_LL3f_mi,13
35,183,148,222,668,315,353,0,1,4,p_1.30.24_LL3f_mi,13
36,169,135,226,664,318,346,0,1,4,p_1.30.24_LL3f_mi,13
37,184,144,228,652,309,343,0,1,4,p_1.30.24_LL3f_mi,13
38,172,132,223,662,318,344,0,1,4,p_1.30.24_LL3f_mi,13
39,169,141,217,686,333,353,0,1,4,p_1.30.24_LL3f_mi,13
40,174,138,216,685,327,358,0,1,4,p_1.30.24_LL3f_mi,13
41,169,138,219,681,334,347,0,1,4,p_1.30.24_LL3f_mi,13
42,168,136,220,667,321,346,0,1,4,p_1.30.24_LL3f_mi,13
43,165,130,219,679,330,349,0,1,4,p_1.30.24_LL3f_mi,13
44,170,138,221,670,339,331,0,1,4,p_1.30.24_LL3f_mi,13
45,180,134,234,632,328,304,0,1,4,p_1.30.24_LL3f_mi,13
46,171,133,224,668,339,329,0,1,4,p_1.30.24_LL3f_mi,13
47,166,125,216,679,345,334,0,1,4,p_1.30.24_LL3f_mi,13
48,177,140,223,675,350,325,0,1,4,p_1.30.24_LL3f_mi,13
49,176,127,221,673,335,338,0,1,4,p_1.30.24_LL3f_mi,13
50,176,132,229,651,322,329,0,1,4,p_1.30.24_LL3f_mi,13
51,164,123,209,708,375,333,0,1,4,p_1.30.24_LL3f_mi,13
52,174,128,218,684,335,349,0,1,4,p_1.30.24_LL3f_mi,13
53,176,141,228,652,303,349,0,1,4,p_1.30.24_LL3f_mi,13
54,175,140,223,668,305,363,0,1,4,p_1.30.24_LL3f_mi,13
55,167,134,216,688,312,376,0,1,4,p_1.30.24_LL3f_mi,13
56,181,152,229,643,295,348,0,1,4,p_1.30.24_LL3f_mi,13
57,173,137,229,646,300,346,0,1,4,p_1.30.24_LL3f_mi,13
58,169,132,221,675,343,332,0,1,4,p_1.30.24_LL3f_mi,13
59,174,132,226,659,325,334,0,1,4,p_1.30.24_LL3f_mi,13
60,172,134,220,681,335,346,0,1,4,p_1.30.24_LL3f_mi,13
61,185,135,230,651,333,318,0,1,4,p_1.30.24_LL3f_mi,13
62,173,125,228,655,339,316,0,1,4,p_1.30.24_LL3f_mi,13
63,178,138,224,668,358,310,0,1,4,p_1.30.24_LL3f_mi,13
64,170,132,225,663,343,320,0,1,4,p_1.30.24_LL3f_mi,13
65,166,123,221,678,341,337,0,1,4,p_1.30.24_LL3f_mi,13
66,171,135,218,685,332,353,0,1,4,p_1.30.24_LL3f_mi,13
67,165,129,216,690,344,346,0,1,4,p_1.30.24_LL3f_mi,13
68,169,139,219,684,317,367,0,1,4,p_1.30.24_LL3f_mi,13
69,179,140,226,662,314,348,0,1,4,p_1.30.24_LL3f_mi,13
70,180,143,233,641,310,331,0,1,4,p_1.30.24_LL3f_mi,13
71,177,135,224,672,336,336,0,1,4,p_1.30.24_LL3f_mi,13
72,167,139,216,693,342,351,0,1,4,p_1.30.24_LL3f_mi,13
73,169,138,219,675,322,353,0,1,4,p_1.30.24_LL3f_mi,13
74,175,134,228,654,313,341,0,1,4,p_1.30.24_LL3f_mi,13
75,177,143,224,665,315,350,0,1,4,p_1.30.24_LL3f_mi,13
76,151,119,205,717,354,363,0,1,4,p_1.30.24_LL3f_mi,13
77,175,133,221,676,330,346,0,1,4,p_1.30.24_LL3f_mi,13
78,181,138,228,641,312,329,0,1,4,p_1.30.24_LL3f_mi,13
79,185,147,230,645,307,338,0,1,4,p_1.30.24_LL3f_mi,13
80,173,139,220,673,322,351,0,1,4,p_1.30.24_LL3f_mi,13
81,172,127,222,675,328,347,0,1,4,p_1.30.24_LL3f_mi,13
82,169,128,224,666,329,337,0,1,4,p_1.30.24_LL3f_mi,13
83,183,135,228,654,330,324,0,1,4,p_1.30.24_LL3f_mi,13
84,174,129,225,657,352,305,0,1,4,p_1.30.24_LL3f_mi,13
85,174,135,229,656,348,308,0,1,4,p_1.30.24_LL3f_mi,13
86,181,147,229,652,329,323,0,1,4,p_1.30.24_LL3f_mi,13
87,180,145,229,657,327,330,0,1,4,p_1.30.24_LL3f_mi,13
88,178,143,231,638,300,338,0,1,4,p_1.30.24_LL3f_mi,13
89,174,141,230,646,310,336,0,1,4,p_1.30.24_LL3f_mi,13
90,177,138,222,669,318,351,0,1,4,p_1.30.24_LL3f_mi,13
91,175,133,225,659,313,346,0,1,4,p_1.30.24_LL3f_mi,13
92,183,138,232,651,327,324,0,1,4,p_1.30.24_LL3f_mi,13
93,180,130,234,634,320,314,0,1,4,p_1.30.24_LL3f_mi,13
94,168,129,224,662,337,325,0,1,4,p_1.30.24_LL3f_mi,13
95,169,129,219,678,352,326,0,1,4,p_1.30.24_LL3f_mi,13
96,179,132,227,653,337,316,0,1,4,p_1.30.24_LL3f_mi,13
97,171,135,221,672,336,336,0,1,4,p_1.30.24_LL3f_mi,13
98,176,141,225,658,313,345,0,1,4,p_1.30.24_LL3f_mi,13
99,179,137,224,665,327,338,0,1,4,p_1.30.24_LL3f_mi,13
100,142,116,188,667,328,339,0,1,4,p_1.30.24_LL3f_mi,13
101,106,89,139,687,346,341,0,1,4,p_1.30.24_LL3f_mi,13
102,109,93,144,601,295,306,0,1,4,p_1.30.24_LL3f_mi,13
103,112,93,151,505,242,263,0,1,4,p_1.30.24_LL3f_mi,13
104,102,83,129,476,236,240,0,1,4,p_1.30.24_LL3f_mi,13
105,96,81,119,418,198,220,0,1,4,p_1.30.24_LL3f_mi,13
106,62,54,85,403,197,206,0,1,4,p_1.30.24_LL3f_mi,13
107,46,42,64,361,190,171,0,1,4,p_1.30.24_LL3f_mi,13
108,45,40,58,297,155,142,0,1,4,p_1.30.24_LL3f_mi,13
109,45,38,58,225,122,103,0,1,4,p_1.30.24_LL3f_mi,13
110,28,23,35,198,109,89,0,1,4,p_1.30.24_LL3f_mi,13
111,30,26,38,164,89,75,0,1,4,p_1.30.24_LL3f_mi,13
112,30,24,38,131,65,66,0,1,4,p_1.30.24_LL3f_mi,13
113,30,21,36,127,63,64,0,1,4,p_1.30.24_LL3f_mi,13
114,28,22,35,109,52,57,0,1,4,p_1.30.24_LL3f_mi,13
115,32,22,37,106,57,49,0,1,4,p_1.30.24_LL3f_mi,13
116,28,20,35,114,62,52,0,1,4,p_1.30.24_LL3f_mi,13
117,28,23,35,117,68,49,0,1,4,p_1.30.24_LL3f_mi,13
118,25,20,33,106,61,45,0,1,4,p_1.30.24_LL3f_mi,13
119,28,21,35,109,68,41,0,1,4,p_1.30.24_LL3f_mi,13
120,26,18,35,111,68,43,0,1,4,p_1.30.24_LL3f_mi,13
121,25,18,35,116,64,52,0,1,4,p_1.30.24_LL3f_mi,13
122,25,20,33,108,52,56,0,1,4,p_1.30.24_LL3f_mi,13
123,26,22,33,102,47,55,0,1,4,p_1.30.24_LL3f_mi,13
124,26,21,33,97,43,54,0,1,4,p_1.30.24_LL3f_mi,13
125,24,19,35,116,57,59,22,1,4,p_1.30.24_LL3f_mi,13
126,26,22,34,116,55,61,10,1,4,p_1.30.24_LL3f_mi,13
127,26,19,34,105,47,58,6,1,4,p_1.30.24_LL3f_mi,13
128,26,22,32,99,45,54,3,1,4,p_1.30.24_LL3f_mi,13
129,24,19,31,91,43,48,0,1,4,p_1.30.24_LL3f_mi,13
130,28,21,34,98,50,48,0,1,4,p_1.30.24_LL3f_mi,13
131,25,16,30,85,48,37,0,1,4,p_1.30.24_LL3f_mi,13
132,24,18,30,93,51,42,0,1,4,p_1.30.24_LL3f_mi,13
133,25,21,33,98,52,46,0,1,4,p_1.30.24_LL3f_mi,13
134,25,17,35,100,50,50,0,1,4,p_1.30.24_LL3f_mi,13
135,25,19,33,100,52,48,0,1,4,p_1.30.24_LL3f_mi,13
136,27,20,34,109,60,49,0,1,4,p_1.30.24_LL3f_mi,13
137,28,19,36,109,65,44,0,1,4,p_1.30.24_LL3f_mi,13
138,28,21,35,111,57,54,0,1,4,p_1.30.24_LL3f_mi,13
139,26,20,33,105,51,54,0,1,4,p_1.30.24_LL3f_mi,13
140,28,23,37,119,58,61,12,1,4,p_1.30.24_LL3f_mi,13
141,29,21,36,106,50,56,11,1,4,p_1.30.24_LL3f_mi,13
142,26,19,35,108,55,53,7,1,4,p_1.30.24_LL3f_mi,13
143,27,24,35,120,57,63,5,1,4,p_1.30.24_LL3f_mi,13
144,29,22,35,114,52,62,2,1,4,p_1.30.24_LL3f_mi,13
145,29,25,36,112,50,62,1,1,4,p_1.30.24_LL3f_mi,13
146,26,20,34,108,44,64,0,1,4,p_1.30.24_LL3f_mi,13
147,28,21,34,105,44,61,0,1,4,p_1.30.24_LL3f_mi,13
148,28,22,35,113,54,59,0,1,4,p_1.30.24_LL3f_mi,13
149,26,23,35,111,55,56,0,1,4,p_1.30.24_LL3f_mi,13
150,25,21,32,97,47,50,0,1,4,p_1.30.24_LL3f_mi,13
151,56,33,78,107,58,49,0,1,4,p_1.30.24_LL3f_mi,13
152,72,46,97,152,78,74,0,1,4,p_1.30.24_LL3f_mi,13
153,87,54,120,195,93,102,0,1,4,p_1.30.24_LL3f_mi,13
154,98,74,143,252,117,135,0,1,4,p_1.30.24_LL3f_mi,13
155,125,93,161,342,157,185,16,1,4,p_1.30.24_LL3f_mi,13
156,134,100,178,394,185,209,7,1,4,p_1.30.24_LL3f_mi,13
157,154,109,194,446,207,239,5,1,4,p_1.30.24_LL3f_mi,13
158,166,113,211,487,245,242,3,1,4,p_1.30.24_LL3f_mi,13
159,165,127,221,578,289,289,0,1,4,p_1.30.24_LL3f_mi,13
160,180,138,236,610,297,313,0,1,4,p_1.30.24_LL3f_mi,13
161,183,135,236,618,302,316,0,1,4,p_1.30.24_LL3f_mi,13
162,179,136,235,629,299,330,0,1,4,p_1.30.24_LL3f_mi,13
163,176,149,222,670,318,352,0,1,4,p_1.30.24_LL3f_mi,13
164,176,138,216,688,334,354,0,1,4,p_1.30.24_LL3f_mi,13
165,175,132,221,680,348,332,0,1,4,p_1.30.24_LL3f_mi,13
166,168,141,214,687,354,333,0,1,4,p_1.30.24_LL3f_mi,13
167,186,142,228,652,327,325,0,1,4,p_1.30.24_LL3f_mi,13
168,178,139,224,663,334,329,0,1,4,p_1.30.24_LL3f_mi,13
169,172,122,221,671,335,336,0,1,4,p_1.30.24_LL3f_mi,13
170,156,130,207,706,342,364,19,1,4,p_1.30.24_LL3f_mi,13
171,160,129,213,687,328,359,6,1,4,p_1.30.24_LL3f_mi,13
172,180,135,229,652,318,334,6,1,4,p_1.30.24_LL3f_mi,13
173,168,136,216,688,346,342,1,1,4,p_1.30.24_LL3f_mi,13
174,158,125,215,691,337,354,0,1,4,p_1.30.24_LL3f_mi,13
175,178,136,227,660,334,326,0,1,4,p_1.30.24_LL3f_mi,13
176,162,135,206,713,363,350,1,1,4,p_1.30.24_LL3f_mi,13
177,172,123,224,665,341,324,0,1,4,p_1.30.24_LL3f_mi,13
178,180,138,224,665,334,331,0,1,4,p_1.30.24_LL3f_mi,13
179,183,146,231,647,322,325,0,1,4,p_1.30.24_LL3f_mi,13
180,181,129,226,659,328,331,0,1,4,p_1.30.24_LL3f_mi,13
181,187,142,232,647,313,334,0,1,4,p_1.30.24_LL3f_mi,13
182,165,135,223,670,321,349,0,1,4,p_1.30.24_LL3f_mi,13
183,183,141,227,654,303,351,0,1,4,p_1.30.24_LL3f_mi,13
184,172,142,215,689,321,368,0,1,4,p_1.30.24_LL3f_mi,13
185,172,127,221,672,330,342,0,1,4,p_1.30.24_LL3f_mi,13
186,175,134,224,669,333,336,0,1,4,p_1.30.24_LL3f_mi,13
187,177,136,226,659,319,340,0,1,4,p_1.30.24_LL3f_mi,13
188,173,132,219,678,338,340,0,1,4,p_1.30.24_LL3f_mi,13
189,171,140,222,678,340,338,0,1,4,p_1.30.24_LL3f_mi,13
190,168,143,211,700,355,345,0,1,4,p_1.30.24_LL3f_mi,13
191,179,141,226,659,313,346,0,1,4,p_1.30.24_LL3f_mi,13
192,176,138,229,650,311,339,0,1,4,p_1.30.24_LL3f_mi,13
193,175,134,222,671,321,350,0,1,4,p_1.30.24_LL3f_mi,13
194,170,130,219,688,343,345,0,1,4,p_1.30.24_LL3f_mi,13
195,179,136,225,657,330,327,0,1,4,p_1.30.24_LL3f_mi,13
196,175,140,231,643,310,333,0,1,4,p_1.30.24_LL3f_mi,13
197,181,140,232,647,320,327,0,1,4,p_1.30.24_LL3f_mi,13
198,182,144,227,647,317,330,0,1,4,p_1.30.24_LL3f_mi,13
199,180,148,229,649,317,332,0,1,4,p_1.30.24_LL3f_mi,13
200,176,133,222,675,334,341,0,1,4,p_1.30.24_LL3f_mi,13
201,159,133,200,729,358,371,0,1,4,p_1.30.24_LL3f_mi,13
202,182,140,226,657,320,337,0,1,4,p_1.30.24_LL3f_mi,13
203,174,137,226,655,315,340,0,1,4,p_1.30.24_LL3f_mi,13
204,179,143,228,655,315,340,0,1,4,p_1.30.24_LL3f_mi,13
205,173,134,216,687,346,341,0,1,4,p_1.30.24_LL3f_mi,13
206,184,140,231,638,322,316,0,1,4,p_1.30.24_LL3f_mi,13
207,185,142,228,648,319,329,0,1,4,p_1.30.24_LL3f_mi,13
208,162,132,211,696,325,371,0,1,4,p_1.30.24_LL3f_mi,13
209,174,135,222,665,322,343,0,1,4,p_1.30.24_LL3f_mi,13
210,178,138,228,658,308,350,0,1,4,p_1.30.24_LL3f_mi,13
211,176,144,226,662,331,331,0,1,4,p_1.30.24_LL3f_mi,13
212,184,143,234,636,329,307,0,1,4,p_1.30.24_LL3f_mi,13
213,171,126,225,656,350,306,0,1,4,p_1.30.24_LL3f_mi,13
214,169,124,222,668,349,319,0,1,4,p_1.30.24_LL3f_mi,13
215,183,144,224,658,334,324,0,1,4,p_1.30.24_LL3f_mi,13
216,179,133,223,666,319,347,0,1,4,p_1.30.24_LL3f_mi,13
217,175,131,232,634,329,305,0,1,4,p_1.30.24_LL3f_mi,13
218,174,137,227,658,323,335,0,1,4,p_1.30.24_LL3f_mi,13
219,177,144,231,644,305,339,0,1,4,p_1.30.24_LL3f_mi,13
220,177,135,225,657,324,333,0,1,4,p_1.30.24_LL3f_mi,13
221,178,136,221,668,338,330,0,1,4,p_1.30.24_LL3f_mi,13
222,172,128,222,670,339,331,0,1,4,p_1.30.24_LL3f_mi,13
223,173,142,222,672,341,331,0,1,4,p_1.30.24_LL3f_mi,13
224,181,137,230,650,328,322,0,1,4,p_1.30.24_LL3f_mi,13
225,173,139,223,670,326,344,0,1,4,p_1.30.24_LL3f_mi,13
226,162,128,206,713,351,362,0,1,4,p_1.30.24_LL3f_mi,13
227,170,139,225,660,331,329,0,1,4,p_1.30.24_LL3f_mi,13
228,166,129,221,668,328,340,0,1,4,p_1.30.24_LL3f_mi,13
229,180,140,228,646,330,316,0,1,4,p_1.30.24_LL3f_mi,13
230,169,130,215,686,327,359,0,1,4,p_1.30.24_LL3f_mi,13
231,174,131,223,671,319,352,0,1,4,p_1.30.24_LL3f_mi,13
232,175,138,226,663,314,349,0,1,4,p_1.30.24_LL3f_mi,13
233,166,122,214,690,342,348,0,1,4,p_1.30.24_LL3f_mi,13
234,166,132,221,672,339,333,0,1,4,p_1.30.24_LL3f_mi,13
235,177,135,222,670,333,337,0,1,4,p_1.30.24_LL3f_mi,13
236,175,128,219,677,323,354,0,1,4,p_1.30.24_LL3f_mi,13
237,172,138,223,670,326,344,0,1,4,p_1.30.24_LL3f_mi,13
238,168,133,218,685,334,351,0,1,4,p_1.30.24_LL3f_mi,13
239,172,128,220,672,329,343,0,1,4,p_1.30.24_LL3f_mi,13
240,175,132,226,653,304,349,0,1,4,p_1.30.24_LL3f_mi,13
241,169,131,226,655,305,350,0,1,4,p_1.30.24_LL3f_mi,13
242,175,137,224,666,320,346,0,1,4,p_1.30.24_LL3f_mi,13
243,165,128,216,690,342,348,0,1,4,p_1.30.24_LL3f_mi,13
244,172,141,220,671,337,334,0,1,4,p_1.30.24_LL3f_mi,13
245,181,140,231,642,315,327,0,1,4,p_1.30.24_LL3f_mi,13
246,176,140,226,657,316,341,0,1,4,p_1.30.24_LL3f_mi,13
247,181,146,233,638,309,329,0,1,4,p_1.30.24_LL3f_mi,13
248,174,142,227,650,308,342,0,1,4,p_1.30.24_LL3f_mi,13
249,169,136,216,686,344,342,0,1,4,p_1.30.24_LL3f_mi,13
250,168,121,212,698,349,349,0,1,4,p_1.30.24_LL3f_mi,13
251,164,132,208,708,362,346,0,1,4,p_1.30.24_LL3f_mi,13
252,172,141,224,666,340,326,0,1,4,p_1.30.24_LL3f_mi,13
253,176,129,225,664,338,326,0,1,4,p_1.30.24_LL3f_mi,13
254,174,136,229,644,323,321,0,1,4,p_1.30.24_LL3f_mi,13
255,169,126,219,676,330,346,0,1,4,p_1.30.24_LL3f_mi,13
256,181,144,230,649,317,332,0,1,4,p_1.30.24_LL3f_mi,13
257,168,126,211,700,338,362,0,1,4,p_1.30.24_LL3f_mi,13
258,184,138,223,666,315,351,0,1,4,p_1.30.24_LL3f_mi,13
259,182,136,229,645,323,322,0,1,4,p_1.30.24_LL3f_mi,13
260,175,135,229,646,325,321,0,1,4,p_1.30.24_LL3f_mi,13
261,171,144,221,676,345,331,0,1,4,p_1.30.24_LL3f_mi,13
262,179,140,233,646,315,331,0,1,4,p_1.30.24_LL3f_mi,13
263,166,125,217,682,335,347,0,1,4,p_1.30.24_LL3f_mi,13
264,171,133,220,667,322,345,0,1,4,p_1.30.24_LL3f_mi,13
265,173,132,224,662,321,341,0,1,4,p_1.30.24_LL3f_mi,13
266,169,134,222,671,332,339,0,1,4,p_1.30.24_LL3f_mi,13
267,177,141,224,662,325,337,0,1,4,p_1.30.24_LL3f_mi,13
268,170,134,218,680,336,344,0,1,4,p_1.30.24_LL3f_mi,13
269,172,132,218,678,340,338,0,1,4,p_1.30.24_LL3f_mi,13
270,181,139,229,644,323,321,0,1,4,p_1.30.24_LL3f_mi,13
271,176,136,231,634,306,328,0,1,4,p_1.30.24_LL3f_mi,13
272,180,144,226,656,317,339,0,1,4,p_1.30.24_LL3f_mi,13
273,173,131,221,677,336,341,0,1,4,p_1.30.24_LL3f_mi,13
274,160,130,211,695,338,357,0,1,4,p_1.30.24_LL3f_mi,13
275,167,121,218,682,345,337,0,1,4,p_1.30.24_LL3f_mi,13
276,163,139,208,705,364,341,0,1,4,p_1.30.24_LL3f_mi,13
277,171,140,219,670,351,319,0,1,4,p_1.30.24_LL3f_mi,13
278,172,131,220,676,355,321,0,1,4,p_1.30.24_LL3f_mi,13
279,177,129,225,655,339,316,0,1,4,p_1.30.24_LL3f_mi,13
280,184,140,239,608,312,296,0,1,4,p_1.30.24_LL3f_mi,13
281,177,136,229,650,337,313,0,1,4,p_1.30.24_LL3f_mi,13
282,177,143,229,651,320,331,0,1,4,p_1.30.24_LL3f_mi,13
283,179,133,226,656,317,339,0,1,4,p_1.30.24_LL3f_mi,13
284,179,147,219,678,342,336,0,1,4,p_1.30.24_LL3f_mi,13
285,177,133,226,661,341,320,0,1,4,p_1.30.24_LL3f_mi,13
286,174,143,222,665,339,326,0,1,4,p_1.30.24_LL3f_mi,13
287,172,134,224,665,336,329,0,1,4,p_1.30.24_LL3f_mi,13
288,172,138,224,662,314,348,0,1,4,p_1.30.24_LL3f_mi,13
289,170,136,219,681,329,352,0,1,4,p_1.30.24_LL3f_mi,13
290,181,150,227,652,302,350,0,1,4,p_1.30.24_LL3f_mi,13
291,184,137,226,656,298,358,0,1,4,p_1.30.24_LL3f_mi,13
292,166,136,224,664,321,343,0,1,4,p_1.30.24_LL3f_mi,13
293,178,125,231,650,327,323,0,1,4,p_1.30.24_LL3f_mi,13
294,178,139,223,663,347,316,0,1,4,p_1.30.24_LL3f_mi,13
295,182,140,230,649,354,295,0,1,4,p_1.30.24_LL3f_mi,13
296,174,128,222,670,353,317,0,1,4,p_1.30.24_LL3f_mi,13
297,168,123,220,676,352,324,0,1,4,p_1.30.24_LL3f_mi,13
298,173,136,224,663,339,324,0,1,4,p_1.30.24_LL3f_mi,13
299,175,142,222,670,345,325,0,1,4,p_1.30.24_LL3f_mi,13
300,187,132,231,641,325,316,0,1,4,p_1.30.24_LL3f_mi,13
301,161,129,209,708,370,338,0,1,4,p_1.30.24_LL3f_mi,13
302,171,136,225,657,339,318,0,1,4,p_1.30.24_LL3f_mi,13
303,170,139,223,661,325,336,0,1,4,p_1.30.24_LL3f_mi,13
304,184,145,226,658,337,321,0,1,4,p_1.30.24_LL3f_mi,13
305,176,126,221,675,336,339,0,1,4,p_1.30.24_LL3f_mi,13
306,174,134,221,673,349,324,0,1,4,p_1.30.24_LL3f_mi,13
307,174,133,226,650,331,319,0,1,4,p_1.30.24_LL3f_mi,13
308,175,128,231,643,319,324,0,1,4,p_1.30.24_LL3f_mi,13
309,175,134,228,654,320,334,0,1,4,p_1.30.24_LL3f_mi,13
310,176,132,227,653,311,342,0,1,4,p_1.30.24_LL3f_mi,13
311,167,131,219,676,346,330,0,1,4,p_1.30.24_LL3f_mi,13
312,174,145,221,677,345,332,0,1,4,p_1.30.24_LL3f_mi,13
313,162,138,215,688,341,347,0,1,4,p_1.30.24_LL3f_mi,13
314,175,140,225,664,321,343,0,1,4,p_1.30.24_LL3f_mi,13
315,173,144,225,653,325,328,0,1,4,p_1.30.24_LL3f_mi,13
316,175,133,225,659,325,334,0,1,4,p_1.30.24_LL3f_mi,13
317,178,139,230,649,321,328,0,1,4,p_1.30.24_LL3f_mi,13
318,179,138,220,675,362,313,0,1,4,p_1.30.24_LL3f_mi,13
319,180,137,229,650,340,310,0,1,4,p_1.30.24_LL3f_mi,13
320,175,136,226,655,347,308,0,1,4,p_1.30.24_LL3f_mi,13
321,177,136,223,675,344,331,0,1,4,p_1.30.24_LL3f_mi,13
322,171,131,224,663,339,324,0,1,4,p_1.30.24_LL3f_mi,13
323,174,139,223,665,332,333,0,1,4,p_1.30.24_LL3f_mi,13
324,167,128,220,667,319,348,0,1,4,p_1.30.24_LL3f_mi,13
325,176,137,232,637,313,324,0,1,4,p_1.30.24_LL3f_mi,13
326,166,134,211,702,344,358,0,1,4,p_1.30.24_LL3f_mi,13
327,171,140,220,673,335,338,0,1,4,p_1.30.24_LL3f_mi,13
328,176,133,225,660,335,325,0,1,4,p_1.30.24_LL3f_mi,13
329,178,134,230,643,326,317,0,1,4,p_1.30.24_LL3f_mi,13
330,175,140,225,660,339,321,0,1,4,p_1.30.24_LL3f_mi,13
331,171,134,224,659,321,338,0,1,4,p_1.30.24_LL3f_mi,13
332,175,146,224,665,316,349,0,1,4,p_1.30.24_LL3f_mi,13
333,172,137,224,670,343,327,0,1,4,p_1.30.24_LL3f_mi,13
334,178,134,227,650,332,318,0,1,4,p_1.30.24_LL3f_mi,13
335,166,127,221,667,342,325,0,1,4,p_1.30.24_LL3f_mi,13
336,174,140,226,654,316,338,0,1,4,p_1.30.24_LL3f_mi,13
337,169,137,219,678,334,344,0,1,4,p_1.30.24_LL3f_mi,13
338,177,139,226,664,336,328,0,1,4,p_1.30.24_LL3f_mi,13
339,183,139,231,640,319,321,0,1,4,p_1.30.24_LL3f_mi,13
340,171,133,222,667,333,334,0,1,4,p_1.30.24_LL3f_mi,13
341,167,136,210,702,354,348,0,1,4,p_1.30.24_LL3f_mi,13
342,177,139,226,658,331,327,0,1,4,p_1.30.24_LL3f_mi,13
343,175,129,223,676,346,330,0,1,4,p_1.30.24_LL3f_mi,13
344,173,143,221,674,345,329,0,1,4,p_1.30.24_LL3f_mi,13
345,175,138,224,668,327,341,0,1,4,p_1.30.24_LL3f_mi,13
346,175,131,226,659,331,328,0,1,4,p_1.30.24_LL3f_mi,13
347,177,134,225,655,328,327,0,1,4,p_1.30.24_LL3f_mi,13
348,175,138,224,668,340,328,0,1,4,p_1.30.24_LL3f_mi,13
349,178,139,226,666,329,337,0,1,4,p_1.30.24_LL3f_mi,13
350,164,133,215,692,358,334,0,1,4,p_1.30.24_LL3f_mi,13
1,6,6,8,637,328,309,0,1,5,p_1.30.24_LL3f_mi,13
2,70,67,97,891,456,435,0,1,5,p_1.30.24_LL3f_mi,13
3,145,113,180,765,399,366,0,1,5,p_1.30.24_LL3f_mi,13
4,178,137,214,687,372,315,0,1,5,p_1.30.24_LL3f_mi,13
5,176,134,228,655,351,304,0,1,5,p_1.30.24_LL3f_mi,13
6,177,136,225,658,358,300,0,1,5,p_1.30.24_LL3f_mi,13
7,172,132,226,654,349,305,0,1,5,p_1.30.24_LL3f_mi,13
8,166,130,215,689,374,315,0,1,5,p_1.30.24_LL3f_mi,13
9,178,136,222,669,351,318,0,1,5,p_1.30.24_LL3f_mi,13
10,172,128,226,659,345,314,0,1,5,p_1.30.24_LL3f_mi,13
11,178,133,226,662,339,323,0,1,5,p_1.30.24_LL3f_mi,13
12,176,138,229,650,337,313,0,1,5,p_1.30.24_LL3f_mi,13
13,170,131,226,659,342,317,0,1,5,p_1.30.24_LL3f_mi,13
14,174,133,222,668,345,323,0,1,5,p_1.30.24_LL3f_mi,13
15,173,135,217,688,346,342,0,1,5,p_1.30.24_LL3f_mi,13
16,167,130,219,680,341,339,0,1,5,p_1.30.24_LL3f_mi,13
17,172,130,219,681,351,330,0,1,5,p_1.30.24_LL3f_mi,13
18,182,139,237,622,318,304,0,1,5,p_1.30.24_LL3f_mi,13
19,171,131,220,673,347,326,0,1,5,p_1.30.24_LL3f_mi,13
20,177,133,223,670,352,318,0,1,5,p_1.30.24_LL3f_mi,13
21,166,127,221,673,346,327,0,1,5,p_1.30.24_LL3f_mi,13
22,167,133,223,666,336,330,0,1,5,p_1.30.24_LL3f_mi,13
23,178,145,223,664,344,320,0,1,5,p_1.30.24_LL3f_mi,13
24,173,132,224,670,353,317,0,1,5,p_1.30.24_LL3f_mi,13
25,173,131,220,676,349,327,0,1,5,p_1.30.24_LL3f_mi,13
26,156,129,198,728,365,363,0,1,5,p_1.30.24_LL3f_mi,13
27,185,149,228,649,309,340,0,1,5,p_1.30.24_LL3f_mi,13
28,179,144,226,657,306,351,0,1,5,p_1.30.24_LL3f_mi,13
29,175,145,223,669,315,354,0,1,5,p_1.30.24_LL3f_mi,13
30,171,143,218,682,327,355,0,1,5,p_1.30.24_LL3f_mi,13
31,181,141,231,641,303,338,0,1,5,p_1.30.24_LL3f_mi,13
32,179,146,229,644,312,332,0,1,5,p_1.30.24_LL3f_mi,13
33,168,138,220,675,321,354,0,1,5,p_1.30.24_LL3f_mi,13
34,169,130,220,680,326,354,0,1,5,p_1.30.24_LL3f_mi,13
35,177,133,221,676,337,339,0,1,5,p_1.30.24_LL3f_mi,13
36,171,129,224,664,344,320,0,1,5,p_1.30.24_LL3f_mi,13
37,178,137,230,658,336,322,0,1,5,p_1.30.24_LL3f_mi,13
38,177,147,230,638,322,316,0,1,5,p_1.30.24_LL3f_mi,13
39,174,134,222,663,329,334,0,1,5,p_1.30.24_LL3f_mi,13
40,170,129,221,674,344,330,0,1,5,p_1.30.24_LL3f_mi,13
41,172,133,217,685,364,321,0,1,5,p_1.30.24_LL3f_mi,13
42,174,133,230,646,348,298,0,1,5,p_1.30.24_LL3f_mi,13
43,181,133,227,654,330,324,0,1,5,p_1.30.24_LL3f_mi,13
44,176,138,227,653,310,343,0,1,5,p_1.30.24_LL3f_mi,13
45,173,143,221,669,317,352,0,1,5,p_1.30.24_LL3f_mi,13
46,172,127,229,652,319,333,0,1,5,p_1.30.24_LL3f_mi,13
47,174,137,228,657,314,343,0,1,5,p_1.30.24_LL3f_mi,13
48,169,142,222,670,306,364,0,1,5,p_1.30.24_LL3f_mi,13
49,172,136,230,649,300,349,0,1,5,p_1.30.24_LL3f_mi,13
50,178,141,227,657,308,349,0,1,5,p_1.30.24_LL3f_mi,13
51,156,124,200,723,360,363,0,1,5,p_1.30.24_LL3f_mi,13
52,175,137,223,663,321,342,0,1,5,p_1.30.24_LL3f_mi,13
53,181,141,227,655,313,342,0,1,5,p_1.30.24_LL3f_mi,13
54,176,143,229,655,305,350,0,1,5,p_1.30.24_LL3f_mi,13
55,174,136,223,660,310,350,0,1,5,p_1.30.24_LL3f_mi,13
56,177,134,232,647,310,337,0,1,5,p_1.30.24_LL3f_mi,13
57,178,143,217,686,323,363,0,1,5,p_1.30.24_LL3f_mi,13
58,174,138,228,654,309,345,0,1,5,p_1.30.24_LL3f_mi,13
59,167,135,223,672,324,348,0,1,5,p_1.30.24_LL3f_mi,13
60,174,141,228,654,318,336,0,1,5,p_1.30.24_LL3f_mi,13
61,182,140,224,670,342,328,0,1,5,p_1.30.24_LL3f_mi,13
62,170,133,226,656,327,329,0,1,5,p_1.30.24_LL3f_mi,13
63,179,131,228,654,326,328,0,1,5,p_1.30.24_LL3f_mi,13
64,171,145,222,675,312,363,0,1,5,p_1.30.24_LL3f_mi,13
65,179,136,223,665,310,355,0,1,5,p_1.30.24_LL3f_mi,13
66,175,145,222,666,315,351,0,1,5,p_1.30.24_LL3f_mi,13
67,179,141,224,665,315,350,0,1,5,p_1.30.24_LL3f_mi,13
68,170,134,223,668,329,339,0,1,5,p_1.30.24_LL3f_mi,13
69,174,136,225,667,334,333,0,1,5,p_1.30.24_LL3f_mi,13
70,177,135,225,663,319,344,0,1,5,p_1.30.24_LL3f_mi,13
71,173,141,226,665,312,353,0,1,5,p_1.30.24_LL3f_mi,13
72,154,124,204,714,331,383,0,1,5,p_1.30.24_LL3f_mi,13
73,167,134,218,681,325,356,0,1,5,p_1.30.24_LL3f_mi,13
74,169,127,215,686,344,342,0,1,5,p_1.30.24_LL3f_mi,13
75,173,135,219,682,345,337,0,1,5,p_1.30.24_LL3f_mi,13
76,160,129,203,717,359,358,0,1,5,p_1.30.24_LL3f_mi,13
77,166,126,218,677,347,330,0,1,5,p_1.30.24_LL3f_mi,13
78,181,131,233,631,335,296,0,1,5,p_1.30.24_LL3f_mi,13
79,184,138,230,647,353,294,0,1,5,p_1.30.24_LL3f_mi,13
80,177,141,228,651,354,297,0,1,5,p_1.30.24_LL3f_mi,13
81,182,126,229,653,348,305,0,1,5,p_1.30.24_LL3f_mi,13
82,182,137,227,657,330,327,0,1,5,p_1.30.24_LL3f_mi,13
83,170,124,216,689,346,343,0,1,5,p_1.30.24_LL3f_mi,13
84,173,145,218,687,339,348,0,1,5,p_1.30.24_LL3f_mi,13
85,173,141,221,675,346,329,0,1,5,p_1.30.24_LL3f_mi,13
86,174,133,221,681,334,347,0,1,5,p_1.30.24_LL3f_mi,13
87,170,128,224,666,319,347,0,1,5,p_1.30.24_LL3f_mi,13
88,174,137,224,668,326,342,0,1,5,p_1.30.24_LL3f_mi,13
89,168,131,218,678,332,346,0,1,5,p_1.30.24_LL3f_mi,13
90,173,136,223,669,310,359,0,1,5,p_1.30.24_LL3f_mi,13
91,172,137,219,680,316,364,0,1,5,p_1.30.24_LL3f_mi,13
92,173,134,227,656,311,345,0,1,5,p_1.30.24_LL3f_mi,13
93,178,140,220,674,326,348,0,1,5,p_1.30.24_LL3f_mi,13
94,183,139,232,642,314,328,0,1,5,p_1.30.24_LL3f_mi,13
95,169,131,225,660,321,339,0,1,5,p_1.30.24_LL3f_mi,13
96,167,135,217,682,340,342,0,1,5,p_1.30.24_LL3f_mi,13
97,178,139,226,658,323,335,0,1,5,p_1.30.24_LL3f_mi,13
98,179,133,231,654,325,329,0,1,5,p_1.30.24_LL3f_mi,13
99,179,145,230,655,319,336,0,1,5,p_1.30.24_LL3f_mi,13
100,153,125,191,665,336,329,0,1,5,p_1.30.24_LL3f_mi,13
101,115,90,152,670,343,327,0,1,5,p_1.30.24_LL3f_mi,13
102,127,90,166,563,293,270,0,1,5,p_1.30.24_LL3f_mi,13
103,115,101,147,518,253,265,0,1,5,p_1.30.24_LL3f_mi,13
104,91,78,116,498,235,263,0,1,5,p_1.30.24_LL3f_mi,13
105,74,63,101,450,220,230,0,1,5,p_1.30.24_LL3f_mi,13
106,70,59,90,395,209,186,0,1,5,p_1.30.24_LL3f_mi,13
107,54,50,69,357,195,162,0,1,5,p_1.30.24_LL3f_mi,13
108,47,41,59,298,154,144,0,1,5,p_1.30.24_LL3f_mi,13
109,43,33,54,231,125,106,0,1,5,p_1.30.24_LL3f_mi,13
110,30,23,35,194,103,91,0,1,5,p_1.30.24_LL3f_mi,13
111,30,25,37,159,84,75,0,1,5,p_1.30.24_LL3f_mi,13
112,29,22,38,139,75,64,0,1,5,p_1.30.24_LL3f_mi,13
113,30,25,38,144,79,65,0,1,5,p_1.30.24_LL3f_mi,13
114,30,27,36,129,65,64,0,1,5,p_1.30.24_LL3f_mi,13
115,26,23,34,118,60,58,0,1,5,p_1.30.24_LL3f_mi,13
116,26,22,34,113,58,55,0,1,5,p_1.30.24_LL3f_mi,13
117,24,21,33,100,53,47,0,1,5,p_1.30.24_LL3f_mi,13
118,30,22,33,95,46,49,0,1,5,p_1.30.24_LL3f_mi,13
119,27,21,35,113,58,55,0,1,5,p_1.30.24_LL3f_mi,13
120,26,23,35,117,61,56,0,1,5,p_1.30.24_LL3f_mi,13
121,26,19,35,115,65,50,0,1,5,p_1.30.24_LL3f_mi,13
122,30,24,36,114,57,57,0,1,5,p_1.30.24_LL3f_mi,13
123,27,24,35,107,49,58,0,1,5,p_1.30.24_LL3f_mi,13
124,28,24,36,105,45,60,0,1,5,p_1.30.24_LL3f_mi,13
125,29,25,36,128,52,76,13,1,5,p_1.30.24_LL3f_mi,13
126,30,25,38,128,65,63,13,1,5,p_1.30.24_LL3f_mi,13
127,28,24,35,110,60,50,8,1,5,p_1.30.24_LL3f_mi,13
128,28,20,33,102,57,45,2,1,5,p_1.30.24_LL3f_mi,13
129,24,17,32,96,62,34,1,1,5,p_1.30.24_LL3f_mi,13
130,23,17,31,95,49,46,0,1,5,p_1.30.24_LL3f_mi,13
131,24,19,33,99,46,53,0,1,5,p_1.30.24_LL3f_mi,13
132,26,20,34,96,46,50,0,1,5,p_1.30.24_LL3f_mi,13
133,26,22,33,103,45,58,0,1,5,p_1.30.24_LL3f_mi,13
134,26,18,33,96,46,50,0,1,5,p_1.30.24_LL3f_mi,13
135,27,19,32,96,56,40,0,1,5,p_1.30.24_LL3f_mi,13
136,26,17,34,102,65,37,0,1,5,p_1.30.24_LL3f_mi,13
137,27,20,33,108,66,42,0,1,5,p_1.30.24_LL3f_mi,13
138,23,17,29,91,48,43,0,1,5,p_1.30.24_LL3f_mi,13
139,21,17,30,82,44,38,0,1,5,p_1.30.24_LL3f_mi,13
140,28,21,38,110,59,51,18,1,5,p_1.30.24_LL3f_mi,13
141,25,20,35,112,65,47,10,1,5,p_1.30.24_LL3f_mi,13
142,29,18,34,115,66,49,8,1,5,p_1.30.24_LL3f_mi,13
143,26,21,34,107,52,55,3,1,5,p_1.30.24_LL3f_mi,13
144,24,19,34,110,51,59,1,1,5,p_1.30.24_LL3f_mi,13
145,27,22,34,103,48,55,0,1,5,p_1.30.24_LL3f_mi,13
146,29,24,34,107,56,51,0,1,5,p_1.30.24_LL3f_mi,13
147,25,19,33,103,53,50,0,1,5,p_1.30.24_LL3f_mi,13
148,26,20,33,100,51,49,0,1,5,p_1.30.24_LL3f_mi,13
149,27,20,33,101,52,49,0,1,5,p_1.30.24_LL3f_mi,13
150,28,22,33,101,47,54,0,1,5,p_1.30.24_LL3f_mi,13
151,48,34,72,104,49,55,0,1,5,p_1.30.24_LL3f_mi,13
152,72,42,98,150,79,71,0,1,5,p_1.30.24_LL3f_mi,13
153,91,63,124,218,111,107,0,1,5,p_1.30.24_LL3f_mi,13
154,108,73,145,279,145,134,0,1,5,p_1.30.24_LL3f_mi,13
155,120,87,160,371,193,178,20,1,5,p_1.30.24_LL3f_mi,13
156,136,100,178,402,204,198,7,1,5,p_1.30.24_LL3f_mi,13
157,145,102,196,428,229,199,4,1,5,p_1.30.24_LL3f_mi,13
158,168,120,213,484,250,234,2,1,5,p_1.30.24_LL3f_mi,13
159,176,132,227,543,279,264,2,1,5,p_1.30.24_LL3f_mi,13
160,176,130,242,602,315,287,0,1,5,p_1.30.24_LL3f_mi,13
161,185,153,233,635,300,335,0,1,5,p_1.30.24_LL3f_mi,13
162,175,147,221,666,315,351,0,1,5,p_1.30.24_LL3f_mi,13
163,171,133,226,659,309,350,0,1,5,p_1.30.24_LL3f_mi,13
164,178,141,226,660,310,350,0,1,5,p_1.30.24_LL3f_mi,13
165,175,140,228,654,325,329,0,1,5,p_1.30.24_LL3f_mi,13
166,162,135,212,697,352,345,0,1,5,p_1.30.24_LL3f_mi,13
167,180,135,228,649,334,315,0,1,5,p_1.30.24_LL3f_mi,13
168,175,135,235,622,305,317,0,1,5,p_1.30.24_LL3f_mi,13
169,170,138,224,659,316,343,0,1,5,p_1.30.24_LL3f_mi,13
170,173,129,223,663,308,355,16,1,5,p_1.30.24_LL3f_mi,13
171,169,131,220,676,323,353,10,1,5,p_1.30.24_LL3f_mi,13
172,177,141,225,662,319,343,7,1,5,p_1.30.24_LL3f_mi,13
173,173,143,217,682,341,341,3,1,5,p_1.30.24_LL3f_mi,13
174,172,141,218,684,352,332,1,1,5,p_1.30.24_LL3f_mi,13
175,170,131,226,654,328,326,0,1,5,p_1.30.24_LL3f_mi,13
176,155,119,205,716,367,349,0,1,5,p_1.30.24_LL3f_mi,13
177,177,140,226,660,338,322,0,1,5,p_1.30.24_LL3f_mi,13
178,180,136,221,674,338,336,0,1,5,p_1.30.24_LL3f_mi,13
179,170,129,228,650,338,312,0,1,5,p_1.30.24_LL3f_mi,13
180,164,127,217,688,358,330,0,1,5,p_1.30.24_LL3f_mi,13
181,181,126,229,645,337,308,0,1,5,p_1.30.24_LL3f_mi,13
182,175,134,229,647,326,321,0,1,5,p_1.30.24_LL3f_mi,13
183,170,133,221,671,338,333,0,1,5,p_1.30.24_LL3f_mi,13
184,164,126,222,675,341,334,0,1,5,p_1.30.24_LL3f_mi,13
185,174,135,221,678,347,331,0,1,5,p_1.30.24_LL3f_mi,13
186,169,132,224,666,329,337,0,1,5,p_1.30.24_LL3f_mi,13
187,174,142,225,662,322,340,0,1,5,p_1.30.24_LL3f_mi,13
188,179,138,228,649,301,348,0,1,5,p_1.30.24_LL3f_mi,13
189,167,129,222,671,316,355,0,1,5,p_1.30.24_LL3f_mi,13
190,172,131,223,664,327,337,0,1,5,p_1.30.24_LL3f_mi,13
191,162,130,218,675,329,346,0,1,5,p_1.30.24_LL3f_mi,13
192,176,134,220,675,333,342,0,1,5,p_1.30.24_LL3f_mi,13
193,169,129,227,657,333,324,0,1,5,p_1.30.24_LL3f_mi,13
194,175,137,223,670,327,343,0,1,5,p_1.30.24_LL3f_mi,13
195,174,133,226,655,337,318,0,1,5,p_1.30.24_LL3f_mi,13
196,174,137,231,648,334,314,0,1,5,p_1.30.24_LL3f_mi,13
197,177,130,229,653,325,328,0,1,5,p_1.30.24_LL3f_mi,13
198,177,143,220,677,344,333,0,1,5,p_1.30.24_LL3f_mi,13
199,173,139,224,661,326,335,0,1,5,p_1.30.24_LL3f_mi,13
200,180,136,228,653,327,326,0,1,5,p_1.30.24_LL3f_mi,13
201,167,132,212,699,345,354,0,1,5,p_1.30.24_LL3f_mi,13
202,179,141,228,652,311,341,0,1,5,p_1.30.24_LL3f_mi,13
203,184,147,232,637,316,321,0,1,5,p_1.30.24_LL3f_mi,13
204,179,140,224,664,323,341,0,1,5,p_1.30.24_LL3f_mi,13
205,172,141,218,681,335,346,0,1,5,p_1.30.24_LL3f_mi,13
206,168,132,219,676,334,342,0,1,5,p_1.30.24_LL3f_mi,13
207,167,138,220,676,319,357,0,1,5,p_1.30.24_LL3f_mi,13
208,170,132,221,667,327,340,0,1,5,p_1.30.24_LL3f_mi,13
209,174,135,226,656,334,322,0,1,5,p_1.30.24_LL3f_mi,13
210,177,127,225,659,338,321,0,1,5,p_1.30.24_LL3f_mi,13
211,174,135,222,672,326,346,0,1,5,p_1.30.24_LL3f_mi,13
212,176,143,223,669,316,353,0,1,5,p_1.30.24_LL3f_mi,13
213,173,132,223,668,331,337,0,1,5,p_1.30.24_LL3f_mi,13
214,182,133,228,654,329,325,0,1,5,p_1.30.24_LL3f_mi,13
215,187,152,230,643,329,314,0,1,5,p_1.30.24_LL3f_mi,13
216,173,138,223,663,334,329,0,1,5,p_1.30.24_LL3f_mi,13
217,176,139,229,648,319,329,0,1,5,p_1.30.24_LL3f_mi,13
218,171,134,223,670,335,335,0,1,5,p_1.30.24_LL3f_mi,13
219,168,130,218,684,334,350,0,1,5,p_1.30.24_LL3f_mi,13
220,172,139,225,670,310,360,0,1,5,p_1.30.24_LL3f_mi,13
221,178,142,233,640,300,340,0,1,5,p_1.30.24_LL3f_mi,13
222,178,136,224,667,335,332,0,1,5,p_1.30.24_LL3f_mi,13
223,176,139,228,650,312,338,0,1,5,p_1.30.24_LL3f_mi,13
224,172,143,226,653,316,337,0,1,5,p_1.30.24_LL3f_mi,13
225,177,141,225,665,317,348,0,1,5,p_1.30.24_LL3f_mi,13
226,163,131,209,708,359,349,0,1,5,p_1.30.24_LL3f_mi,13
227,174,136,219,685,352,333,0,1,5,p_1.30.24_LL3f_mi,13
228,178,134,229,654,336,318,0,1,5,p_1.30.24_LL3f_mi,13
229,176,142,225,667,326,341,0,1,5,p_1.30.24_LL3f_mi,13
230,179,135,228,652,310,342,0,1,5,p_1.30.24_LL3f_mi,13
231,168,137,220,674,335,339,0,1,5,p_1.30.24_LL3f_mi,13
232,172,128,224,661,328,333,0,1,5,p_1.30.24_LL3f_mi,13
233,171,136,220,669,333,336,0,1,5,p_1.30.24_LL3f_mi,13
234,168,136,221,671,355,316,0,1,5,p_1.30.24_LL3f_mi,13
235,175,138,218,678,366,312,0,1,5,p_1.30.24_LL3f_mi,13
236,167,135,218,681,364,317,0,1,5,p_1.30.24_LL3f_mi,13
237,172,130,226,657,345,312,0,1,5,p_1.30.24_LL3f_mi,13
238,174,134,223,663,347,316,0,1,5,p_1.30.24_LL3f_mi,13
239,175,129,226,645,323,322,0,1,5,p_1.30.24_LL3f_mi,13
240,172,134,223,661,333,328,0,1,5,p_1.30.24_LL3f_mi,13
241,169,133,224,663,324,339,0,1,5,p_1.30.24_LL3f_mi,13
242,175,132,227,649,322,327,0,1,5,p_1.30.24_LL3f_mi,13
243,173,128,224,660,323,337,0,1,5,p_1.30.24_LL3f_mi,13
244,173,139,224,667,332,335,0,1,5,p_1.30.24_LL3f_mi,13
245,170,130,221,674,349,325,0,1,5,p_1.30.24_LL3f_mi,13
246,173,136,221,672,342,330,0,1,5,p_1.30.24_LL3f_mi,13
247,167,141,221,672,342,330,0,1,5,p_1.30.24_LL3f_mi,13
248,165,131,224,674,345,329,0,1,5,p_1.30.24_LL3f_mi,13
249,182,132,224,666,342,324,0,1,5,p_1.30.24_LL3f_mi,13
250,167,132,215,686,351,335,0,1,5,p_1.30.24_LL3f_mi,13
251,154,123,201,717,360,357,0,1,5,p_1.30.24_LL3f_mi,13
252,174,140,221,669,343,326,0,1,5,p_1.30.24_LL3f_mi,13
253,176,137,234,631,321,310,0,1,5,p_1.30.24_LL3f_mi,13
254,178,138,224,667,346,321,0,1,5,p_1.30.24_LL3f_mi,13
255,167,131,212,698,366,332,0,1,5,p_1.30.24_LL3f_mi,13
256,175,140,223,664,337,327,0,1,5,p_1.30.24_LL3f_mi,13
257,174,130,228,647,310,337,0,1,5,p_1.30.24_LL3f_mi,13
258,169,134,223,661,309,352,0,1,5,p_1.30.24_LL3f_mi,13
259,172,129,222,667,319,348,0,1,5,p_1.30.24_LL3f_mi,13
260,178,137,229,660,323,337,0,1,5,p_1.30.24_LL3f_mi,13
261,175,142,225,662,326,336,0,1,5,p_1.30.24_LL3f_mi,13
262,172,131,223,668,325,343,0,1,5,p_1.30.24_LL3f_mi,13
263,175,133,224,667,320,347,0,1,5,p_1.30.24_LL3f_mi,13
264,180,133,230,646,312,334,0,1,5,p_1.30.24_LL3f_mi,13
265,167,132,224,666,321,345,0,1,5,p_1.30.24_LL3f_mi,13
266,172,137,226,659,314,345,0,1,5,p_1.30.24_LL3f_mi,13
267,168,140,224,663,326,337,0,1,5,p_1.30.24_LL3f_mi,13
268,178,139,230,643,303,340,0,1,5,p_1.30.24_LL3f_mi,13
269,178,145,226,667,321,346,0,1,5,p_1.30.24_LL3f_mi,13
270,176,135,219,679,336,343,0,1,5,p_1.30.24_LL3f_mi,13
271,175,138,224,664,305,359,0,1,5,p_1.30.24_LL3f_mi,13
272,172,138,225,659,312,347,0,1,5,p_1.30.24_LL3f_mi,13
273,168,127,216,686,333,353,0,1,5,p_1.30.24_LL3f_mi,13
274,172,135,221,668,323,345,0,1,5,p_1.30.24_LL3f_mi,13
275,176,146,228,653,309,344,0,1,5,p_1.30.24_LL3f_mi,13
276,157,120,200,730,350,380,0,1,5,p_1.30.24_LL3f_mi,13
277,177,136,222,672,341,331,0,1,5,p_1.30.24_LL3f_mi,13
278,171,137,221,677,356,321,0,1,5,p_1.30.24_LL3f_mi,13
279,168,133,220,676,357,319,0,1,5,p_1.30.24_LL3f_mi,13
280,174,135,228,651,343,308,0,1,5,p_1.30.24_LL3f_mi,13
281,172,127,228,645,326,319,0,1,5,p_1.30.24_LL3f_mi,13
282,176,140,224,668,336,332,0,1,5,p_1.30.24_LL3f_mi,13
283,173,141,227,661,334,327,0,1,5,p_1.30.24_LL3f_mi,13
284,184,136,230,644,336,308,0,1,5,p_1.30.24_LL3f_mi,13
285,170,132,214,692,353,339,0,1,5,p_1.30.24_LL3f_mi,13
286,178,144,221,669,314,355,0,1,5,p_1.30.24_LL3f_mi,13
287,174,141,221,672,325,347,0,1,5,p_1.30.24_LL3f_mi,13
288,180,147,225,654,306,348,0,1,5,p_1.30.24_LL3f_mi,13
289,172,134,227,658,316,342,0,1,5,p_1.30.24_LL3f_mi,13
290,173,138,230,645,337,308,0,1,5,p_1.30.24_LL3f_mi,13
291,178,138,227,657,331,326,0,1,5,p_1.30.24_LL3f_mi,13
292,180,132,226,657,345,312,0,1,5,p_1.30.24_LL3f_mi,13
293,179,137,223,668,351,317,0,1,5,p_1.30.24_LL3f_mi,13
294,179,145,227,657,327,330,0,1,5,p_1.30.24_LL3f_mi,13
295,170,132,225,665,343,322,0,1,5,p_1.30.24_LL3f_mi,13
296,184,140,235,627,312,315,0,1,5,p_1.30.24_LL3f_mi,13
297,178,132,228,647,346,301,0,1,5,p_1.30.24_LL3f_mi,13
298,171,131,225,660,354,306,0,1,5,p_1.30.24_LL3f_mi,13
299,166,125,216,685,345,340,0,1,5,p_1.30.24_LL3f_mi,13
300,175,141,223,670,339,331,0,1,5,p_1.30.24_LL3f_mi,13
301,159,125,200,723,365,358,0,1,5,p_1.30.24_LL3f_mi,13
302,171,127,225,656,342,314,0,1,5,p_1.30.24_LL3f_mi,13
303,171,134,223,666,325,341,0,1,5,p_1.30.24_LL3f_mi,13
304,175,132,224,663,329,334,0,1,5,p_1.30.24_LL3f_mi,13
305,174,135,221,677,330,347,0,1,5,p_1.30.24_LL3f_mi,13
306,167,143,215,693,329,364,0,1,5,p_1.30.24_LL3f_mi,13
307,172,133,222,670,328,342,0,1,5,p_1.30.24_LL3f_mi,13
308,178,136,227,664,332,332,0,1,5,p_1.30.24_LL3f_mi,13
309,175,130,220,677,351,326,0,1,5,p_1.30.24_LL3f_mi,13
310,177,145,222,673,348,325,0,1,5,p_1.30.24_LL3f_mi,13
311,179,141,233,634,325,309,0,1,5,p_1.30.24_LL3f_mi,13
312,178,142,227,654,333,321,0,1,5,p_1.30.24_LL3f_mi,13
313,172,133,218,683,352,331,0,1,5,p_1.30.24_LL3f_mi,13
314,176,138,226,659,324,335,0,1,5,p_1.30.24_LL3f_mi,13
315,172,127,222,671,337,334,0,1,5,p_1.30.24_LL3f_mi,13
316,174,134,226,656,346,310,0,1,5,p_1.30.24_LL3f_mi,13
317,169,132,221,669,346,323,0,1,5,p_1.30.24_LL3f_mi,13
318,178,140,225,660,341,319,0,1,5,p_1.30.24_LL3f_mi,13
319,171,137,224,665,342,323,0,1,5,p_1.30.24_LL3f_mi,13
320,168,130,210,708,370,338,0,1,5,p_1.30.24_LL3f_mi,13
321,167,133,220,679,351,328,0,1,5,p_1.30.24_LL3f_mi,13
322,180,131,219,677,354,323,0,1,5,p_1.30.24_LL3f_mi,13
323,179,133,226,649,325,324,0,1,5,p_1.30.24_LL3f_mi,13
324,172,135,227,659,334,325,0,1,5,p_1.30.24_LL3f_mi,13
325,171,133,229,653,336,317,0,1,5,p_1.30.24_LL3f_mi,13
326,163,131,206,713,368,345,0,1,5,p_1.30.24_LL3f_mi,13
327,170,131,219,675,342,333,0,1,5,p_1.30.24_LL3f_mi,13
328,179,133,217,680,345,335,0,1,5,p_1.30.24_LL3f_mi,13
329,177,137,225,667,342,325,0,1,5,p_1.30.24_LL3f_mi,13
330,175,135,227,652,345,307,0,1,5,p_1.30.24_LL3f_mi,13
331,177,133,229,647,337,310,0,1,5,p_1.30.24_LL3f_mi,13
332,172,134,222,665,339,326,0,1,5,p_1.30.24_LL3f_mi,13
333,176,141,225,656,329,327,0,1,5,p_1.30.24_LL3f_mi,13
334,175,135,226,659,322,337,0,1,5,p_1.30.24_LL3f_mi,13
335,180,135,229,656,331,325,0,1,5,p_1.30.24_LL3f_mi,13
336,168,130,222,666,334,332,0,1,5,p_1.30.24_LL3f_mi,13
337,181,133,229,641,350,291,0,1,5,p_1.30.24_LL3f_mi,13
338,175,129,230,647,335,312,0,1,5,p_1.30.24_LL3f_mi,13
339,172,134,221,679,342,337,0,1,5,p_1.30.24_LL3f_mi,13
340,178,131,230,643,320,323,0,1,5,p_1.30.24_LL3f_mi,13
341,172,136,224,661,312,349,0,1,5,p_1.30.24_LL3f_mi,13
342,168,131,220,676,329,347,0,1,5,p_1.30.24_LL3f_mi,13
343,172,136,222,677,335,342,0,1,5,p_1.30.24_LL3f_mi,13
344,170,139,211,700,335,365,0,1,5,p_1.30.24_LL3f_mi,13
345,172,136,215,697,335,362,0,1,5,p_1.30.24_LL3f_mi,13
346,167,124,220,677,325,352,0,1,5,p_1.30.24_LL3f_mi,13
347,174,132,224,664,322,342,0,1,5,p_1.30.24_LL3f_mi,13
348,166,136,215,686,320,366,0,1,5,p_1.30.24_LL3f_mi,13
349,167,134,216,685,323,362,0,1,5,p_1.30.24_LL3f_mi,13
350,172,137,222,663,324,339,0,1,5,p_1.30.24_LL3f_mi,13
1,6,6,7,628,311,317,0,1,1,p_1.30.24_LL3f_mi,14
2,105,94,138,835,417,418,0,1,1,p_1.30.24_LL3f_mi,14
3,129,107,171,785,387,398,0,1,1,p_1.30.24_LL3f_mi,14
4,146,120,196,732,360,372,0,1,1,p_1.30.24_LL3f_mi,14
5,176,134,224,676,339,337,0,1,1,p_1.30.24_LL3f_mi,14
6,177,137,238,609,298,311,0,1,1,p_1.30.24_LL3f_mi,14
7,181,137,230,646,325,321,0,1,1,p_1.30.24_LL3f_mi,14
8,169,136,222,662,341,321,0,1,1,p_1.30.24_LL3f_mi,14
9,176,135,225,659,351,308,0,1,1,p_1.30.24_LL3f_mi,14
10,179,138,218,679,361,318,0,1,1,p_1.30.24_LL3f_mi,14
11,175,129,229,643,334,309,0,1,1,p_1.30.24_LL3f_mi,14
12,174,138,223,667,348,319,0,1,1,p_1.30.24_LL3f_mi,14
13,181,129,222,672,350,322,0,1,1,p_1.30.24_LL3f_mi,14
14,171,127,223,669,333,336,0,1,1,p_1.30.24_LL3f_mi,14
15,167,131,228,659,319,340,0,1,1,p_1.30.24_LL3f_mi,14
16,174,135,225,669,333,336,0,1,1,p_1.30.24_LL3f_mi,14
17,172,134,218,684,355,329,0,1,1,p_1.30.24_LL3f_mi,14
18,175,130,220,674,343,331,0,1,1,p_1.30.24_LL3f_mi,14
19,180,130,233,641,324,317,0,1,1,p_1.30.24_LL3f_mi,14
20,175,144,224,667,340,327,0,1,1,p_1.30.24_LL3f_mi,14
21,172,137,225,661,340,321,0,1,1,p_1.30.24_LL3f_mi,14
22,165,133,213,698,346,352,0,1,1,p_1.30.24_LL3f_mi,14
23,169,132,220,676,336,340,0,1,1,p_1.30.24_LL3f_mi,14
24,178,139,227,652,309,343,0,1,1,p_1.30.24_LL3f_mi,14
25,179,138,222,664,298,366,0,1,1,p_1.30.24_LL3f_mi,14
26,158,131,202,719,322,397,0,1,1,p_1.30.24_LL3f_mi,14
27,178,132,233,635,293,342,0,1,1,p_1.30.24_LL3f_mi,14
28,170,139,219,676,330,346,0,1,1,p_1.30.24_LL3f_mi,14
29,169,125,221,674,327,347,0,1,1,p_1.30.24_LL3f_mi,14
30,177,137,223,671,320,351,0,1,1,p_1.30.24_LL3f_mi,14
31,177,131,228,652,328,324,0,1,1,p_1.30.24_LL3f_mi,14
32,184,142,236,617,289,328,0,1,1,p_1.30.24_LL3f_mi,14
33,173,139,225,653,314,339,0,1,1,p_1.30.24_LL3f_mi,14
34,179,139,228,649,329,320,0,1,1,p_1.30.24_LL3f_mi,14
35,173,128,223,675,337,338,0,1,1,p_1.30.24_LL3f_mi,14
36,178,128,227,649,321,328,0,1,1,p_1.30.24_LL3f_mi,14
37,176,140,227,657,326,331,0,1,1,p_1.30.24_LL3f_mi,14
38,174,132,224,665,324,341,0,1,1,p_1.30.24_LL3f_mi,14
39,169,128,216,681,335,346,0,1,1,p_1.30.24_LL3f_mi,14
40,165,129,214,693,344,349,0,1,1,p_1.30.24_LL3f_mi,14
41,172,135,220,678,326,352,0,1,1,p_1.30.24_LL3f_mi,14
42,172,138,227,656,320,336,0,1,1,p_1.30.24_LL3f_mi,14
43,179,140,227,653,331,322,0,1,1,p_1.30.24_LL3f_mi,14
44,183,137,234,631,309,322,0,1,1,p_1.30.24_LL3f_mi,14
45,179,141,227,653,306,347,0,1,1,p_1.30.24_LL3f_mi,14
46,176,144,224,664,323,341,0,1,1,p_1.30.24_LL3f_mi,14
47,172,142,212,695,339,356,0,1,1,p_1.30.24_LL3f_mi,14
48,181,138,229,647,324,323,0,1,1,p_1.30.24_LL3f_mi,14
49,179,136,227,655,335,320,0,1,1,p_1.30.24_LL3f_mi,14
50,182,136,225,659,320,339,0,1,1,p_1.30.24_LL3f_mi,14
51,165,123,208,705,345,360,0,1,1,p_1.30.24_LL3f_mi,14
52,176,137,225,658,321,337,0,1,1,p_1.30.24_LL3f_mi,14
53,184,142,231,635,311,324,0,1,1,p_1.30.24_LL3f_mi,14
54,169,136,227,646,316,330,0,1,1,p_1.30.24_LL3f_mi,14
55,176,134,223,663,323,340,0,1,1,p_1.30.24_LL3f_mi,14
56,164,135,217,680,330,350,0,1,1,p_1.30.24_LL3f_mi,14
57,177,134,226,660,307,353,0,1,1,p_1.30.24_LL3f_mi,14
58,159,129,208,709,324,385,0,1,1,p_1.30.24_LL3f_mi,14
59,170,136,221,671,312,359,0,1,1,p_1.30.24_LL3f_mi,14
60,178,140,227,659,321,338,0,1,1,p_1.30.24_LL3f_mi,14
61,180,144,229,651,312,339,0,1,1,p_1.30.24_LL3f_mi,14
62,181,136,227,654,318,336,0,1,1,p_1.30.24_LL3f_mi,14
63,176,134,227,656,325,331,0,1,1,p_1.30.24_LL3f_mi,14
64,173,129,224,666,346,320,0,1,1,p_1.30.24_LL3f_mi,14
65,171,132,224,668,348,320,0,1,1,p_1.30.24_LL3f_mi,14
66,173,132,227,659,331,328,0,1,1,p_1.30.24_LL3f_mi,14
67,173,139,224,659,321,338,0,1,1,p_1.30.24_LL3f_mi,14
68,183,150,230,645,322,323,0,1,1,p_1.30.24_LL3f_mi,14
69,171,136,222,672,320,352,0,1,1,p_1.30.24_LL3f_mi,14
70,166,128,218,680,328,352,0,1,1,p_1.30.24_LL3f_mi,14
71,172,141,216,693,332,361,0,1,1,p_1.30.24_LL3f_mi,14
72,168,135,215,691,343,348,0,1,1,p_1.30.24_LL3f_mi,14
73,178,137,224,660,334,326,0,1,1,p_1.30.24_LL3f_mi,14
74,177,146,227,648,320,328,0,1,1,p_1.30.24_LL3f_mi,14
75,176,132,228,655,333,322,0,1,1,p_1.30.24_LL3f_mi,14
76,165,132,208,706,347,359,0,1,1,p_1.30.24_LL3f_mi,14
77,170,140,222,667,328,339,0,1,1,p_1.30.24_LL3f_mi,14
78,178,143,225,669,331,338,0,1,1,p_1.30.24_LL3f_mi,14
79,170,134,222,668,321,347,0,1,1,p_1.30.24_LL3f_mi,14
80,183,137,226,654,341,313,0,1,1,p_1.30.24_LL3f_mi,14
81,174,137,222,668,354,314,0,1,1,p_1.30.24_LL3f_mi,14
82,179,137,224,666,347,319,0,1,1,p_1.30.24_LL3f_mi,14
83,179,139,229,648,339,309,0,1,1,p_1.30.24_LL3f_mi,14
84,184,141,225,667,340,327,0,1,1,p_1.30.24_LL3f_mi,14
85,168,137,217,684,357,327,0,1,1,p_1.30.24_LL3f_mi,14
86,173,139,220,680,334,346,0,1,1,p_1.30.24_LL3f_mi,14
87,172,135,223,668,333,335,0,1,1,p_1.30.24_LL3f_mi,14
88,182,141,231,637,317,320,0,1,1,p_1.30.24_LL3f_mi,14
89,181,134,232,644,289,355,0,1,1,p_1.30.24_LL3f_mi,14
90,174,139,222,672,313,359,0,1,1,p_1.30.24_LL3f_mi,14
91,162,128,219,678,322,356,0,1,1,p_1.30.24_LL3f_mi,14
92,173,138,220,679,329,350,0,1,1,p_1.30.24_LL3f_mi,14
93,177,126,223,669,333,336,0,1,1,p_1.30.24_LL3f_mi,14
94,178,141,229,647,323,324,0,1,1,p_1.30.24_LL3f_mi,14
95,183,143,228,656,330,326,0,1,1,p_1.30.24_LL3f_mi,14
96,176,138,223,673,334,339,0,1,1,p_1.30.24_LL3f_mi,14
97,175,132,223,670,320,350,0,1,1,p_1.30.24_LL3f_mi,14
98,177,131,222,671,327,344,0,1,1,p_1.30.24_LL3f_mi,14
99,176,135,225,659,324,335,0,1,1,p_1.30.24_LL3f_mi,14
100,151,116,192,665,330,335,0,1,1,p_1.30.24_LL3f_mi,14
101,115,96,149,673,336,337,0,1,1,p_1.30.24_LL3f_mi,14
102,120,90,153,586,297,289,0,1,1,p_1.30.24_LL3f_mi,14
103,115,97,146,517,261,256,0,1,1,p_1.30.24_LL3f_mi,14
104,92,77,121,487,236,251,0,1,1,p_1.30.24_LL3f_mi,14
105,88,71,113,426,208,218,0,1,1,p_1.30.24_LL3f_mi,14
106,64,57,82,409,204,205,0,1,1,p_1.30.24_LL3f_mi,14
107,54,47,68,357,175,182,0,1,1,p_1.30.24_LL3f_mi,14
108,54,46,70,279,139,140,0,1,1,p_1.30.24_LL3f_mi,14
109,37,30,46,243,115,128,0,1,1,p_1.30.24_LL3f_mi,14
110,24,22,31,211,95,116,0,1,1,p_1.30.24_LL3f_mi,14
111,30,25,38,164,76,88,0,1,1,p_1.30.24_LL3f_mi,14
112,31,23,38,147,72,75,0,1,1,p_1.30.24_LL3f_mi,14
113,26,23,35,132,63,69,0,1,1,p_1.30.24_LL3f_mi,14
114,29,24,35,118,56,62,0,1,1,p_1.30.24_LL3f_mi,14
115,27,25,35,115,53,62,0,1,1,p_1.30.24_LL3f_mi,14
116,24,21,32,99,49,50,0,1,1,p_1.30.24_LL3f_mi,14
117,27,24,32,99,50,49,0,1,1,p_1.30.24_LL3f_mi,14
118,26,20,33,102,52,50,0,1,1,p_1.30.24_LL3f_mi,14
119,27,21,33,105,51,54,0,1,1,p_1.30.24_LL3f_mi,14
120,25,20,33,99,47,52,0,1,1,p_1.30.24_LL3f_mi,14
121,24,20,33,97,41,56,0,1,1,p_1.30.24_LL3f_mi,14
122,26,19,33,109,57,52,0,1,1,p_1.30.24_LL3f_mi,14
123,27,22,35,106,48,58,0,1,1,p_1.30.24_LL3f_mi,14
124,26,19,33,97,51,46,0,1,1,p_1.30.24_LL3f_mi,14
125,25,18,38,123,63,60,19,1,1,p_1.30.24_LL3f_mi,14
126,29,22,38,125,64,61,11,1,1,p_1.30.24_LL3f_mi,14
127,29,25,36,122,59,63,5,1,1,p_1.30.24_LL3f_mi,14
128,26,24,35,111,58,53,1,1,1,p_1.30.24_LL3f_mi,14
129,25,20,34,103,46,57,1,1,1,p_1.30.24_LL3f_mi,14
130,26,17,34,110,43,67,0,1,1,p_1.30.24_LL3f_mi,14
131,28,23,37,111,53,58,0,1,1,p_1.30.24_LL3f_mi,14
132,28,20,35,111,55,56,0,1,1,p_1.30.24_LL3f_mi,14
133,26,20,34,109,53,56,0,1,1,p_1.30.24_LL3f_mi,14
134,28,21,35,98,47,51,0,1,1,p_1.30.24_LL3f_mi,14
135,24,22,31,89,38,51,0,1,1,p_1.30.24_LL3f_mi,14
136,26,22,34,95,44,51,0,1,1,p_1.30.24_LL3f_mi,14
137,27,22,34,101,50,51,0,1,1,p_1.30.24_LL3f_mi,14
138,28,15,35,101,54,47,0,1,1,p_1.30.24_LL3f_mi,14
139,28,24,36,115,60,55,0,1,1,p_1.30.24_LL3f_mi,14
140,26,22,37,138,73,65,18,1,1,p_1.30.24_LL3f_mi,14
141,26,20,36,124,62,62,14,1,1,p_1.30.24_LL3f_mi,14
142,26,23,36,120,59,61,6,1,1,p_1.30.24_LL3f_mi,14
143,29,25,37,116,58,58,4,1,1,p_1.30.24_LL3f_mi,14
144,30,23,35,112,57,55,0,1,1,p_1.30.24_LL3f_mi,14
145,25,18,34,108,49,59,0,1,1,p_1.30.24_LL3f_mi,14
146,28,25,34,115,53,62,0,1,1,p_1.30.24_LL3f_mi,14
147,25,19,31,96,42,54,0,1,1,p_1.30.24_LL3f_mi,14
148,25,21,34,90,32,58,0,1,1,p_1.30.24_LL3f_mi,14
149,24,20,32,92,40,52,0,1,1,p_1.30.24_LL3f_mi,14
150,26,21,32,87,38,49,0,1,1,p_1.30.24_LL3f_mi,14
151,39,29,60,94,42,52,0,1,1,p_1.30.24_LL3f_mi,14
152,53,36,77,121,53,68,0,1,1,p_1.30.24_LL3f_mi,14
153,73,55,116,171,73,98,0,1,1,p_1.30.24_LL3f_mi,14
154,102,67,141,237,120,117,0,1,1,p_1.30.24_LL3f_mi,14
155,123,86,162,328,152,176,16,1,1,p_1.30.24_LL3f_mi,14
156,135,98,177,393,185,208,9,1,1,p_1.30.24_LL3f_mi,14
157,141,108,193,440,213,227,4,1,1,p_1.30.24_LL3f_mi,14
158,159,125,210,487,238,249,1,1,1,p_1.30.24_LL3f_mi,14
159,182,134,223,558,263,295,0,1,1,p_1.30.24_LL3f_mi,14
160,191,149,243,587,290,297,0,1,1,p_1.30.24_LL3f_mi,14
161,179,135,228,652,331,321,0,1,1,p_1.30.24_LL3f_mi,14
162,168,136,225,663,342,321,0,1,1,p_1.30.24_LL3f_mi,14
163,174,133,221,671,342,329,0,1,1,p_1.30.24_LL3f_mi,14
164,174,136,227,660,314,346,0,1,1,p_1.30.24_LL3f_mi,14
165,168,140,213,694,338,356,0,1,1,p_1.30.24_LL3f_mi,14
166,175,136,220,670,324,346,0,1,1,p_1.30.24_LL3f_mi,14
167,174,141,228,651,323,328,0,1,1,p_1.30.24_LL3f_mi,14
168,169,127,215,691,344,347,0,1,1,p_1.30.24_LL3f_mi,14
169,174,136,227,664,319,345,0,1,1,p_1.30.24_LL3f_mi,14
170,161,118,209,699,335,364,21,1,1,p_1.30.24_LL3f_mi,14
171,178,141,225,665,335,330,11,1,1,p_1.30.24_LL3f_mi,14
172,172,133,230,644,313,331,7,1,1,p_1.30.24_LL3f_mi,14
173,171,131,221,670,329,341,1,1,1,p_1.30.24_LL3f_mi,14
174,185,140,232,637,299,338,0,1,1,p_1.30.24_LL3f_mi,14
175,180,145,229,648,300,348,0,1,1,p_1.30.24_LL3f_mi,14
176,148,124,199,723,341,382,0,1,1,p_1.30.24_LL3f_mi,14
177,177,139,225,655,317,338,0,1,1,p_1.30.24_LL3f_mi,14
178,183,134,232,629,321,308,0,1,1,p_1.30.24_LL3f_mi,14
179,172,123,222,666,337,329,0,1,1,p_1.30.24_LL3f_mi,14
180,170,142,218,680,348,332,0,1,1,p_1.30.24_LL3f_mi,14
181,177,143,228,656,332,324,0,1,1,p_1.30.24_LL3f_mi,14
182,157,131,203,715,350,365,0,1,1,p_1.30.24_LL3f_mi,14
183,170,131,224,663,311,352,0,1,1,p_1.30.24_LL3f_mi,14
184,184,145,233,636,304,332,0,1,1,p_1.30.24_LL3f_mi,14
185,172,131,226,658,320,338,0,1,1,p_1.30.24_LL3f_mi,14
186,170,127,215,693,354,339,0,1,1,p_1.30.24_LL3f_mi,14
187,179,134,221,676,342,334,0,1,1,p_1.30.24_LL3f_mi,14
188,180,137,221,671,343,328,0,1,1,p_1.30.24_LL3f_mi,14
189,167,129,220,673,354,319,0,1,1,p_1.30.24_LL3f_mi,14
190,183,137,233,633,330,303,0,1,1,p_1.30.24_LL3f_mi,14
191,174,126,223,667,340,327,0,1,1,p_1.30.24_LL3f_mi,14
192,166,132,214,692,356,336,0,1,1,p_1.30.24_LL3f_mi,14
193,160,119,215,695,364,331,0,1,1,p_1.30.24_LL3f_mi,14
194,173,137,223,662,338,324,0,1,1,p_1.30.24_LL3f_mi,14
195,177,138,225,662,340,322,0,1,1,p_1.30.24_LL3f_mi,14
196,176,135,223,661,328,333,0,1,1,p_1.30.24_LL3f_mi,14
197,187,152,224,665,319,346,0,1,1,p_1.30.24_LL3f_mi,14
198,176,133,224,667,308,359,0,1,1,p_1.30.24_LL3f_mi,14
199,168,131,222,668,326,342,0,1,1,p_1.30.24_LL3f_mi,14
200,178,140,223,663,340,323,0,1,1,p_1.30.24_LL3f_mi,14
201,174,137,214,695,366,329,0,1,1,p_1.30.24_LL3f_mi,14
202,172,128,221,673,362,311,0,1,1,p_1.30.24_LL3f_mi,14
203,169,137,220,673,331,342,0,1,1,p_1.30.24_LL3f_mi,14
204,175,143,223,664,323,341,0,1,1,p_1.30.24_LL3f_mi,14
205,174,146,225,661,312,349,0,1,1,p_1.30.24_LL3f_mi,14
206,179,138,226,661,309,352,0,1,1,p_1.30.24_LL3f_mi,14
207,173,132,222,666,330,336,0,1,1,p_1.30.24_LL3f_mi,14
208,179,142,227,657,328,329,0,1,1,p_1.30.24_LL3f_mi,14
209,171,130,224,661,334,327,0,1,1,p_1.30.24_LL3f_mi,14
210,180,139,230,642,326,316,0,1,1,p_1.30.24_LL3f_mi,14
211,172,135,219,677,344,333,0,1,1,p_1.30.24_LL3f_mi,14
212,176,132,227,652,324,328,0,1,1,p_1.30.24_LL3f_mi,14
213,183,140,228,653,317,336,0,1,1,p_1.30.24_LL3f_mi,14
214,178,138,227,655,322,333,0,1,1,p_1.30.24_LL3f_mi,14
215,177,134,225,657,327,330,0,1,1,p_1.30.24_LL3f_mi,14
216,168,125,224,664,329,335,0,1,1,p_1.30.24_LL3f_mi,14
217,178,138,229,648,325,323,0,1,1,p_1.30.24_LL3f_mi,14
218,179,145,226,658,331,327,0,1,1,p_1.30.24_LL3f_mi,14
219,172,128,224,666,342,324,0,1,1,p_1.30.24_LL3f_mi,14
220,171,143,217,684,342,342,0,1,1,p_1.30.24_LL3f_mi,14
221,175,136,224,671,326,345,0,1,1,p_1.30.24_LL3f_mi,14
222,183,131,229,648,306,342,0,1,1,p_1.30.24_LL3f_mi,14
223,173,143,221,673,330,343,0,1,1,p_1.30.24_LL3f_mi,14
224,170,139,224,667,346,321,0,1,1,p_1.30.24_LL3f_mi,14
225,174,134,216,683,358,325,0,1,1,p_1.30.24_LL3f_mi,14
226,157,128,203,719,363,356,0,1,1,p_1.30.24_LL3f_mi,14
227,182,137,227,654,331,323,0,1,1,p_1.30.24_LL3f_mi,14
228,173,136,226,651,306,345,0,1,1,p_1.30.24_LL3f_mi,14
229,186,145,230,643,326,317,0,1,1,p_1.30.24_LL3f_mi,14
230,178,138,226,661,329,332,0,1,1,p_1.30.24_LL3f_mi,14
231,183,141,229,652,334,318,0,1,1,p_1.30.24_LL3f_mi,14
232,174,139,227,654,343,311,0,1,1,p_1.30.24_LL3f_mi,14
233,180,140,223,666,345,321,0,1,1,p_1.30.24_LL3f_mi,14
234,180,151,223,666,323,343,0,1,1,p_1.30.24_LL3f_mi,14
235,171,133,224,671,352,319,0,1,1,p_1.30.24_LL3f_mi,14
236,178,131,230,650,349,301,0,1,1,p_1.30.24_LL3f_mi,14
237,174,124,229,648,335,313,0,1,1,p_1.30.24_LL3f_mi,14
238,175,130,223,669,343,326,0,1,1,p_1.30.24_LL3f_mi,14
239,174,133,224,655,309,346,0,1,1,p_1.30.24_LL3f_mi,14
240,171,136,225,664,324,340,0,1,1,p_1.30.24_LL3f_mi,14
241,183,140,224,663,338,325,0,1,1,p_1.30.24_LL3f_mi,14
242,170,135,219,679,340,339,0,1,1,p_1.30.24_LL3f_mi,14
243,176,139,225,659,327,332,0,1,1,p_1.30.24_LL3f_mi,14
244,179,128,224,656,334,322,0,1,1,p_1.30.24_LL3f_mi,14
245,182,142,224,658,329,329,0,1,1,p_1.30.24_LL3f_mi,14
246,173,141,221,672,340,332,0,1,1,p_1.30.24_LL3f_mi,14
247,176,139,229,652,315,337,0,1,1,p_1.30.24_LL3f_mi,14
248,188,140,230,651,313,338,0,1,1,p_1.30.24_LL3f_mi,14
249,177,145,222,673,341,332,0,1,1,p_1.30.24_LL3f_mi,14
250,173,135,226,658,344,314,0,1,1,p_1.30.24_LL3f_mi,14
251,159,121,201,720,386,334,0,1,1,p_1.30.24_LL3f_mi,14
252,180,136,224,668,355,313,0,1,1,p_1.30.24_LL3f_mi,14
253,174,130,229,644,331,313,0,1,1,p_1.30.24_LL3f_mi,14
254,169,127,224,665,344,321,0,1,1,p_1.30.24_LL3f_mi,14
255,177,131,227,653,335,318,0,1,1,p_1.30.24_LL3f_mi,14
256,175,137,224,667,333,334,0,1,1,p_1.30.24_LL3f_mi,14
257,172,131,217,690,347,343,0,1,1,p_1.30.24_LL3f_mi,14
258,179,142,226,658,344,314,0,1,1,p_1.30.24_LL3f_mi,14
259,171,119,224,669,356,313,0,1,1,p_1.30.24_LL3f_mi,14
260,166,137,217,680,361,319,0,1,1,p_1.30.24_LL3f_mi,14
261,177,133,219,684,358,326,0,1,1,p_1.30.24_LL3f_mi,14
262,177,134,229,650,335,315,0,1,1,p_1.30.24_LL3f_mi,14
263,176,135,232,634,323,311,0,1,1,p_1.30.24_LL3f_mi,14
264,176,130,226,657,340,317,0,1,1,p_1.30.24_LL3f_mi,14
265,173,135,221,670,344,326,0,1,1,p_1.30.24_LL3f_mi,14
266,173,132,222,671,336,335,0,1,1,p_1.30.24_LL3f_mi,14
267,177,133,230,646,334,312,0,1,1,p_1.30.24_LL3f_mi,14
268,171,135,215,687,369,318,0,1,1,p_1.30.24_LL3f_mi,14
269,176,139,224,667,359,308,0,1,1,p_1.30.24_LL3f_mi,14
270,186,132,226,665,360,305,0,1,1,p_1.30.24_LL3f_mi,14
271,174,126,227,659,366,293,0,1,1,p_1.30.24_LL3f_mi,14
272,175,140,226,657,364,293,0,1,1,p_1.30.24_LL3f_mi,14
273,172,128,226,660,343,317,0,1,1,p_1.30.24_LL3f_mi,14
274,174,136,214,694,353,341,0,1,1,p_1.30.24_LL3f_mi,14
275,173,131,223,664,337,327,0,1,1,p_1.30.24_LL3f_mi,14
276,168,130,209,709,380,329,0,1,1,p_1.30.24_LL3f_mi,14
277,161,127,220,675,358,317,0,1,1,p_1.30.24_LL3f_mi,14
278,181,144,232,640,320,320,0,1,1,p_1.30.24_LL3f_mi,14
279,169,132,227,650,324,326,0,1,1,p_1.30.24_LL3f_mi,14
280,170,140,222,675,333,342,0,1,1,p_1.30.24_LL3f_mi,14
281,177,135,229,661,305,356,0,1,1,p_1.30.24_LL3f_mi,14
282,174,137,225,670,316,354,0,1,1,p_1.30.24_LL3f_mi,14
283,168,128,216,686,324,362,0,1,1,p_1.30.24_LL3f_mi,14
284,179,129,225,667,333,334,0,1,1,p_1.30.24_LL3f_mi,14
285,176,136,219,675,330,345,0,1,1,p_1.30.24_LL3f_mi,14
286,180,130,228,653,316,337,0,1,1,p_1.30.24_LL3f_mi,14
287,178,134,226,659,332,327,0,1,1,p_1.30.24_LL3f_mi,14
288,181,144,229,644,335,309,0,1,1,p_1.30.24_LL3f_mi,14
289,178,136,215,684,333,351,0,1,1,p_1.30.24_LL3f_mi,14
290,179,139,228,650,323,327,0,1,1,p_1.30.24_LL3f_mi,14
291,174,134,227,656,311,345,0,1,1,p_1.30.24_LL3f_mi,14
292,181,140,226,668,322,346,0,1,1,p_1.30.24_LL3f_mi,14
293,168,135,222,665,332,333,0,1,1,p_1.30.24_LL3f_mi,14
294,163,137,208,709,340,369,0,1,1,p_1.30.24_LL3f_mi,14
295,171,139,221,670,311,359,0,1,1,p_1.30.24_LL3f_mi,14
296,164,138,215,691,336,355,0,1,1,p_1.30.24_LL3f_mi,14
297,170,134,221,683,335,348,0,1,1,p_1.30.24_LL3f_mi,14
298,176,138,227,660,337,323,0,1,1,p_1.30.24_LL3f_mi,14
299,176,136,221,666,323,343,0,1,1,p_1.30.24_LL3f_mi,14
300,174,137,225,666,337,329,0,1,1,p_1.30.24_LL3f_mi,14
301,156,124,211,703,366,337,0,1,1,p_1.30.24_LL3f_mi,14
302,179,137,226,657,323,334,0,1,1,p_1.30.24_LL3f_mi,14
303,178,131,229,643,337,306,0,1,1,p_1.30.24_LL3f_mi,14
304,175,132,232,637,342,295,0,1,1,p_1.30.24_LL3f_mi,14
305,168,127,219,680,361,319,0,1,1,p_1.30.24_LL3f_mi,14
306,174,132,221,672,351,321,0,1,1,p_1.30.24_LL3f_mi,14
307,181,140,231,643,326,317,0,1,1,p_1.30.24_LL3f_mi,14
308,175,141,225,666,322,344,0,1,1,p_1.30.24_LL3f_mi,14
309,167,125,222,673,336,337,0,1,1,p_1.30.24_LL3f_mi,14
310,170,134,219,677,343,334,0,1,1,p_1.30.24_LL3f_mi,14
311,176,131,223,669,369,300,0,1,1,p_1.30.24_LL3f_mi,14
312,172,127,218,680,381,299,0,1,1,p_1.30.24_LL3f_mi,14
313,171,124,217,688,370,318,0,1,1,p_1.30.24_LL3f_mi,14
314,173,135,225,662,357,305,0,1,1,p_1.30.24_LL3f_mi,14
315,170,132,219,680,349,331,0,1,1,p_1.30.24_LL3f_mi,14
316,177,137,228,645,309,336,0,1,1,p_1.30.24_LL3f_mi,14
317,179,139,227,653,317,336,0,1,1,p_1.30.24_LL3f_mi,14
318,182,137,229,652,342,310,0,1,1,p_1.30.24_LL3f_mi,14
319,177,133,227,658,336,322,0,1,1,p_1.30.24_LL3f_mi,14
320,176,143,223,669,344,325,0,1,1,p_1.30.24_LL3f_mi,14
321,167,134,212,695,347,348,0,1,1,p_1.30.24_LL3f_mi,14
322,169,145,219,679,334,345,0,1,1,p_1.30.24_LL3f_mi,14
323,179,143,225,661,316,345,0,1,1,p_1.30.24_LL3f_mi,14
324,185,141,231,638,313,325,0,1,1,p_1.30.24_LL3f_mi,14
325,178,139,226,664,308,356,0,1,1,p_1.30.24_LL3f_mi,14
326,160,127,201,719,346,373,0,1,1,p_1.30.24_LL3f_mi,14
327,176,135,225,657,335,322,0,1,1,p_1.30.24_LL3f_mi,14
328,175,136,230,646,318,328,0,1,1,p_1.30.24_LL3f_mi,14
329,177,140,224,658,322,336,0,1,1,p_1.30.24_LL3f_mi,14
330,184,150,229,645,325,320,0,1,1,p_1.30.24_LL3f_mi,14
331,175,135,220,672,337,335,0,1,1,p_1.30.24_LL3f_mi,14
332,166,126,221,671,336,335,0,1,1,p_1.30.24_LL3f_mi,14
333,171,134,221,673,332,341,0,1,1,p_1.30.24_LL3f_mi,14
334,171,133,216,688,349,339,0,1,1,p_1.30.24_LL3f_mi,14
335,179,133,226,650,342,308,0,1,1,p_1.30.24_LL3f_mi,14
336,182,144,232,641,331,310,0,1,1,p_1.30.24_LL3f_mi,14
337,170,141,223,663,324,339,0,1,1,p_1.30.24_LL3f_mi,14
338,178,134,231,642,322,320,0,1,1,p_1.30.24_LL3f_mi,14
339,174,127,227,658,337,321,0,1,1,p_1.30.24_LL3f_mi,14
340,170,135,222,671,338,333,0,1,1,p_1.30.24_LL3f_mi,14
341,168,137,220,678,344,334,0,1,1,p_1.30.24_LL3f_mi,14
342,164,132,217,680,331,349,0,1,1,p_1.30.24_LL3f_mi,14
343,169,136,220,686,343,343,0,1,1,p_1.30.24_LL3f_mi,14
344,176,132,229,647,319,328,0,1,1,p_1.30.24_LL3f_mi,14
345,176,137,219,677,338,339,0,1,1,p_1.30.24_LL3f_mi,14
346,178,138,222,663,352,311,0,1,1,p_1.30.24_LL3f_mi,14
347,184,138,231,639,342,297,0,1,1,p_1.30.24_LL3f_mi,14
348,176,136,224,663,345,318,0,1,1,p_1.30.24_LL3f_mi,14
349,168,128,219,682,344,338,0,1,1,p_1.30.24_LL3f_mi,14
350,171,131,225,663,317,346,0,1,1,p_1.30.24_LL3f_mi,14
1,9,9,11,644,326,318,0,1,2,p_1.30.24_LL3f_mi,14
2,101,89,130,847,425,422,0,1,2,p_1.30.24_LL3f_mi,14
3,126,105,169,788,395,393,0,1,2,p_1.30.24_LL3f_mi,14
4,159,129,204,717,360,357,0,1,2,p_1.30.24_LL3f_mi,14
5,175,133,219,676,347,329,0,1,2,p_1.30.24_LL3f_mi,14
6,178,145,227,653,323,330,0,1,2,p_1.30.24_LL3f_mi,14
7,176,131,229,647,316,331,0,1,2,p_1.30.24_LL3f_mi,14
8,173,141,225,657,304,353,0,1,2,p_1.30.24_LL3f_mi,14
9,170,129,222,670,290,380,0,1,2,p_1.30.24_LL3f_mi,14
10,175,141,227,661,301,360,0,1,2,p_1.30.24_LL3f_mi,14
11,171,131,227,658,318,340,0,1,2,p_1.30.24_LL3f_mi,14
12,176,137,225,657,300,357,0,1,2,p_1.30.24_LL3f_mi,14
13,172,147,223,664,291,373,0,1,2,p_1.30.24_LL3f_mi,14
14,170,131,225,661,295,366,0,1,2,p_1.30.24_LL3f_mi,14
15,181,145,226,659,307,352,0,1,2,p_1.30.24_LL3f_mi,14
16,177,140,222,667,307,360,0,1,2,p_1.30.24_LL3f_mi,14
17,175,135,225,659,322,337,0,1,2,p_1.30.24_LL3f_mi,14
18,171,145,216,685,334,351,0,1,2,p_1.30.24_LL3f_mi,14
19,181,139,224,661,325,336,0,1,2,p_1.30.24_LL3f_mi,14
20,170,135,222,671,327,344,0,1,2,p_1.30.24_LL3f_mi,14
21,173,137,223,670,325,345,0,1,2,p_1.30.24_LL3f_mi,14
22,176,134,225,668,322,346,0,1,2,p_1.30.24_LL3f_mi,14
23,183,135,234,633,320,313,0,1,2,p_1.30.24_LL3f_mi,14
24,179,132,227,663,331,332,0,1,2,p_1.30.24_LL3f_mi,14
25,173,134,220,674,339,335,0,1,2,p_1.30.24_LL3f_mi,14
26,163,131,209,705,346,359,0,1,2,p_1.30.24_LL3f_mi,14
27,171,132,225,662,326,336,0,1,2,p_1.30.24_LL3f_mi,14
28,170,134,221,673,344,329,0,1,2,p_1.30.24_LL3f_mi,14
29,177,140,222,666,344,322,0,1,2,p_1.30.24_LL3f_mi,14
30,177,139,227,659,340,319,0,1,2,p_1.30.24_LL3f_mi,14
31,173,132,229,641,321,320,0,1,2,p_1.30.24_LL3f_mi,14
32,187,139,233,633,303,330,0,1,2,p_1.30.24_LL3f_mi,14
33,175,135,228,655,305,350,0,1,2,p_1.30.24_LL3f_mi,14
34,174,132,225,668,324,344,0,1,2,p_1.30.24_LL3f_mi,14
35,181,137,226,661,337,324,0,1,2,p_1.30.24_LL3f_mi,14
36,175,135,221,673,353,320,0,1,2,p_1.30.24_LL3f_mi,14
37,177,134,227,651,339,312,0,1,2,p_1.30.24_LL3f_mi,14
38,175,135,223,665,348,317,0,1,2,p_1.30.24_LL3f_mi,14
39,173,134,217,684,351,333,0,1,2,p_1.30.24_LL3f_mi,14
40,167,126,221,677,350,327,0,1,2,p_1.30.24_LL3f_mi,14
41,171,131,225,658,359,299,0,1,2,p_1.30.24_LL3f_mi,14
42,180,131,232,635,352,283,0,1,2,p_1.30.24_LL3f_mi,14
43,174,134,224,662,364,298,0,1,2,p_1.30.24_LL3f_mi,14
44,167,126,221,671,376,295,0,1,2,p_1.30.24_LL3f_mi,14
45,169,132,220,682,370,312,0,1,2,p_1.30.24_LL3f_mi,14
46,177,127,230,650,357,293,0,1,2,p_1.30.24_LL3f_mi,14
47,173,138,224,657,349,308,0,1,2,p_1.30.24_LL3f_mi,14
48,167,136,219,683,357,326,0,1,2,p_1.30.24_LL3f_mi,14
49,178,135,234,634,331,303,0,1,2,p_1.30.24_LL3f_mi,14
50,171,138,221,675,339,336,0,1,2,p_1.30.24_LL3f_mi,14
51,151,122,195,736,365,371,0,1,2,p_1.30.24_LL3f_mi,14
52,163,127,212,688,333,355,0,1,2,p_1.30.24_LL3f_mi,14
53,177,143,225,660,301,359,0,1,2,p_1.30.24_LL3f_mi,14
54,175,135,227,653,301,352,0,1,2,p_1.30.24_LL3f_mi,14
55,169,127,213,695,355,340,0,1,2,p_1.30.24_LL3f_mi,14
56,173,133,223,670,340,330,0,1,2,p_1.30.24_LL3f_mi,14
57,175,135,221,676,328,348,0,1,2,p_1.30.24_LL3f_mi,14
58,178,142,225,653,327,326,0,1,2,p_1.30.24_LL3f_mi,14
59,179,135,225,664,342,322,0,1,2,p_1.30.24_LL3f_mi,14
60,178,139,222,671,360,311,0,1,2,p_1.30.24_LL3f_mi,14
61,166,127,220,679,351,328,0,1,2,p_1.30.24_LL3f_mi,14
62,177,140,221,674,347,327,0,1,2,p_1.30.24_LL3f_mi,14
63,178,139,225,660,348,312,0,1,2,p_1.30.24_LL3f_mi,14
64,176,128,227,650,338,312,0,1,2,p_1.30.24_LL3f_mi,14
65,168,132,219,680,356,324,0,1,2,p_1.30.24_LL3f_mi,14
66,178,140,228,654,332,322,0,1,2,p_1.30.24_LL3f_mi,14
67,173,138,214,693,345,348,0,1,2,p_1.30.24_LL3f_mi,14
68,163,135,215,694,361,333,0,1,2,p_1.30.24_LL3f_mi,14
69,173,132,226,659,325,334,0,1,2,p_1.30.24_LL3f_mi,14
70,165,134,215,689,334,355,0,1,2,p_1.30.24_LL3f_mi,14
71,168,139,218,681,309,372,0,1,2,p_1.30.24_LL3f_mi,14
72,173,139,221,671,306,365,0,1,2,p_1.30.24_LL3f_mi,14
73,183,145,223,665,304,361,0,1,2,p_1.30.24_LL3f_mi,14
74,176,143,228,656,308,348,0,1,2,p_1.30.24_LL3f_mi,14
75,178,141,230,647,316,331,0,1,2,p_1.30.24_LL3f_mi,14
76,168,134,209,702,349,353,0,1,2,p_1.30.24_LL3f_mi,14
77,159,130,215,694,339,355,0,1,2,p_1.30.24_LL3f_mi,14
78,173,131,220,668,332,336,0,1,2,p_1.30.24_LL3f_mi,14
79,179,137,232,639,329,310,0,1,2,p_1.30.24_LL3f_mi,14
80,177,137,230,639,331,308,0,1,2,p_1.30.24_LL3f_mi,14
81,170,125,218,684,350,334,0,1,2,p_1.30.24_LL3f_mi,14
82,171,127,218,688,345,343,0,1,2,p_1.30.24_LL3f_mi,14
83,176,131,222,669,333,336,0,1,2,p_1.30.24_LL3f_mi,14
84,176,141,224,659,336,323,0,1,2,p_1.30.24_LL3f_mi,14
85,172,132,230,654,332,322,0,1,2,p_1.30.24_LL3f_mi,14
86,178,136,222,672,333,339,0,1,2,p_1.30.24_LL3f_mi,14
87,178,139,227,647,320,327,0,1,2,p_1.30.24_LL3f_mi,14
88,176,129,225,657,306,351,0,1,2,p_1.30.24_LL3f_mi,14
89,172,143,225,659,319,340,0,1,2,p_1.30.24_LL3f_mi,14
90,172,138,223,663,314,349,0,1,2,p_1.30.24_LL3f_mi,14
91,178,139,228,657,332,325,0,1,2,p_1.30.24_LL3f_mi,14
92,184,145,235,632,318,314,0,1,2,p_1.30.24_LL3f_mi,14
93,175,136,232,637,323,314,0,1,2,p_1.30.24_LL3f_mi,14
94,170,129,224,664,326,338,0,1,2,p_1.30.24_LL3f_mi,14
95,159,136,218,682,320,362,0,1,2,p_1.30.24_LL3f_mi,14
96,171,134,221,673,319,354,0,1,2,p_1.30.24_LL3f_mi,14
97,186,142,232,639,309,330,0,1,2,p_1.30.24_LL3f_mi,14
98,160,133,213,695,352,343,0,1,2,p_1.30.24_LL3f_mi,14
99,174,136,223,662,338,324,0,1,2,p_1.30.24_LL3f_mi,14
100,149,117,190,671,359,312,0,1,2,p_1.30.24_LL3f_mi,14
101,109,93,142,683,363,320,0,1,2,p_1.30.24_LL3f_mi,14
102,115,90,149,590,314,276,0,1,2,p_1.30.24_LL3f_mi,14
103,113,92,143,527,270,257,0,1,2,p_1.30.24_LL3f_mi,14
104,98,80,126,485,243,242,0,1,2,p_1.30.24_LL3f_mi,14
105,82,66,108,438,210,228,0,1,2,p_1.30.24_LL3f_mi,14
106,75,61,95,387,182,205,0,1,2,p_1.30.24_LL3f_mi,14
107,56,48,74,343,171,172,0,1,2,p_1.30.24_LL3f_mi,14
108,48,41,61,293,152,141,0,1,2,p_1.30.24_LL3f_mi,14
109,25,23,35,260,131,129,0,1,2,p_1.30.24_LL3f_mi,14
110,26,23,35,192,98,94,0,1,2,p_1.30.24_LL3f_mi,14
111,29,26,38,152,73,79,0,1,2,p_1.30.24_LL3f_mi,14
112,29,22,37,136,68,68,0,1,2,p_1.30.24_LL3f_mi,14
113,28,24,36,127,59,68,0,1,2,p_1.30.24_LL3f_mi,14
114,26,22,36,117,60,57,0,1,2,p_1.30.24_LL3f_mi,14
115,26,19,33,106,57,49,0,1,2,p_1.30.24_LL3f_mi,14
116,26,21,31,93,44,49,0,1,2,p_1.30.24_LL3f_mi,14
117,25,20,33,93,47,46,0,1,2,p_1.30.24_LL3f_mi,14
118,27,21,35,98,48,50,0,1,2,p_1.30.24_LL3f_mi,14
119,25,18,32,103,57,46,0,1,2,p_1.30.24_LL3f_mi,14
120,25,19,33,106,63,43,0,1,2,p_1.30.24_LL3f_mi,14
121,29,25,36,102,54,48,0,1,2,p_1.30.24_LL3f_mi,14
122,24,18,32,97,51,46,0,1,2,p_1.30.24_LL3f_mi,14
123,26,21,34,103,48,55,0,1,2,p_1.30.24_LL3f_mi,14
124,26,21,34,101,44,57,0,1,2,p_1.30.24_LL3f_mi,14
125,25,17,36,124,59,65,18,1,2,p_1.30.24_LL3f_mi,14
126,30,25,36,124,61,63,10,1,2,p_1.30.24_LL3f_mi,14
127,28,22,35,103,50,53,4,1,2,p_1.30.24_LL3f_mi,14
128,27,22,37,106,49,57,1,1,2,p_1.30.24_LL3f_mi,14
129,25,23,32,102,43,59,0,1,2,p_1.30.24_LL3f_mi,14
130,30,23,36,104,47,57,0,1,2,p_1.30.24_LL3f_mi,14
131,28,27,34,103,47,56,0,1,2,p_1.30.24_LL3f_mi,14
132,24,18,33,99,49,50,0,1,2,p_1.30.24_LL3f_mi,14
133,26,22,32,88,37,51,0,1,2,p_1.30.24_LL3f_mi,14
134,25,20,32,94,41,53,0,1,2,p_1.30.24_LL3f_mi,14
135,27,19,32,95,43,52,0,1,2,p_1.30.24_LL3f_mi,14
136,25,20,33,96,49,47,0,1,2,p_1.30.24_LL3f_mi,14
137,24,19,33,95,46,49,0,1,2,p_1.30.24_LL3f_mi,14
138,26,15,33,101,51,50,0,1,2,p_1.30.24_LL3f_mi,14
139,27,21,34,104,50,54,0,1,2,p_1.30.24_LL3f_mi,14
140,25,20,37,130,61,69,18,1,2,p_1.30.24_LL3f_mi,14
141,28,21,38,124,59,65,16,1,2,p_1.30.24_LL3f_mi,14
142,25,20,36,121,58,63,6,1,2,p_1.30.24_LL3f_mi,14
143,25,18,34,113,59,54,4,1,2,p_1.30.24_LL3f_mi,14
144,25,22,33,105,52,53,0,1,2,p_1.30.24_LL3f_mi,14
145,27,20,36,106,49,57,0,1,2,p_1.30.24_LL3f_mi,14
146,26,22,33,103,51,52,0,1,2,p_1.30.24_LL3f_mi,14
147,29,22,34,102,45,57,0,1,2,p_1.30.24_LL3f_mi,14
148,24,20,33,95,37,58,0,1,2,p_1.30.24_LL3f_mi,14
149,22,18,30,91,33,58,0,1,2,p_1.30.24_LL3f_mi,14
150,26,18,32,91,41,50,0,1,2,p_1.30.24_LL3f_mi,14
151,49,28,70,97,52,45,0,1,2,p_1.30.24_LL3f_mi,14
152,55,42,86,126,57,69,0,1,2,p_1.30.24_LL3f_mi,14
153,76,51,113,175,85,90,0,1,2,p_1.30.24_LL3f_mi,14
154,103,66,137,225,115,110,0,1,2,p_1.30.24_LL3f_mi,14
155,129,89,161,314,164,150,20,1,2,p_1.30.24_LL3f_mi,14
156,140,102,180,375,192,183,10,1,2,p_1.30.24_LL3f_mi,14
157,150,111,197,433,219,214,6,1,2,p_1.30.24_LL3f_mi,14
158,162,121,211,504,253,251,4,1,2,p_1.30.24_LL3f_mi,14
159,173,126,226,545,259,286,3,1,2,p_1.30.24_LL3f_mi,14
160,189,137,242,594,293,301,0,1,2,p_1.30.24_LL3f_mi,14
161,179,132,226,655,345,310,0,1,2,p_1.30.24_LL3f_mi,14
162,179,139,222,665,351,314,0,1,2,p_1.30.24_LL3f_mi,14
163,179,144,229,652,339,313,0,1,2,p_1.30.24_LL3f_mi,14
164,171,127,220,680,347,333,0,1,2,p_1.30.24_LL3f_mi,14
165,164,135,221,675,350,325,0,1,2,p_1.30.24_LL3f_mi,14
166,176,138,224,660,347,313,0,1,2,p_1.30.24_LL3f_mi,14
167,170,135,221,669,344,325,0,1,2,p_1.30.24_LL3f_mi,14
168,178,137,222,670,343,327,0,1,2,p_1.30.24_LL3f_mi,14
169,170,134,218,684,359,325,0,1,2,p_1.30.24_LL3f_mi,14
170,165,141,212,692,340,352,15,1,2,p_1.30.24_LL3f_mi,14
171,178,133,223,663,332,331,8,1,2,p_1.30.24_LL3f_mi,14
172,170,134,224,669,309,360,4,1,2,p_1.30.24_LL3f_mi,14
173,176,140,220,676,329,347,3,1,2,p_1.30.24_LL3f_mi,14
174,181,137,228,662,317,345,2,1,2,p_1.30.24_LL3f_mi,14
175,170,133,218,677,343,334,0,1,2,p_1.30.24_LL3f_mi,14
176,161,128,205,712,347,365,0,1,2,p_1.30.24_LL3f_mi,14
177,167,142,212,696,341,355,0,1,2,p_1.30.24_LL3f_mi,14
178,179,134,230,643,321,322,0,1,2,p_1.30.24_LL3f_mi,14
179,185,136,231,647,325,322,0,1,2,p_1.30.24_LL3f_mi,14
180,173,138,221,674,342,332,0,1,2,p_1.30.24_LL3f_mi,14
181,164,135,211,702,355,347,0,1,2,p_1.30.24_LL3f_mi,14
182,172,130,222,673,335,338,0,1,2,p_1.30.24_LL3f_mi,14
183,179,131,230,645,332,313,0,1,2,p_1.30.24_LL3f_mi,14
184,165,135,220,674,341,333,0,1,2,p_1.30.24_LL3f_mi,14
185,173,137,224,666,345,321,0,1,2,p_1.30.24_LL3f_mi,14
186,177,132,224,663,345,318,0,1,2,p_1.30.24_LL3f_mi,14
187,175,137,221,673,327,346,0,1,2,p_1.30.24_LL3f_mi,14
188,185,137,228,652,329,323,0,1,2,p_1.30.24_LL3f_mi,14
189,174,133,227,650,323,327,0,1,2,p_1.30.24_LL3f_mi,14
190,171,135,219,682,344,338,0,1,2,p_1.30.24_LL3f_mi,14
191,168,135,223,674,326,348,0,1,2,p_1.30.24_LL3f_mi,14
192,178,140,226,660,314,346,0,1,2,p_1.30.24_LL3f_mi,14
193,177,140,228,647,315,332,0,1,2,p_1.30.24_LL3f_mi,14
194,186,143,234,634,322,312,0,1,2,p_1.30.24_LL3f_mi,14
195,171,136,228,655,329,326,0,1,2,p_1.30.24_LL3f_mi,14
196,166,133,215,691,346,345,0,1,2,p_1.30.24_LL3f_mi,14
197,186,135,229,646,327,319,0,1,2,p_1.30.24_LL3f_mi,14
198,175,131,225,660,344,316,0,1,2,p_1.30.24_LL3f_mi,14
199,173,128,224,666,346,320,0,1,2,p_1.30.24_LL3f_mi,14
200,184,149,222,672,349,323,0,1,2,p_1.30.24_LL3f_mi,14
201,152,122,204,718,372,346,0,1,2,p_1.30.24_LL3f_mi,14
202,178,133,231,642,331,311,0,1,2,p_1.30.24_LL3f_mi,14
203,171,139,227,654,338,316,0,1,2,p_1.30.24_LL3f_mi,14
204,176,145,226,660,342,318,0,1,2,p_1.30.24_LL3f_mi,14
205,172,132,221,673,343,330,0,1,2,p_1.30.24_LL3f_mi,14
206,177,136,230,645,333,312,0,1,2,p_1.30.24_LL3f_mi,14
207,177,129,226,662,338,324,0,1,2,p_1.30.24_LL3f_mi,14
208,175,136,227,655,337,318,0,1,2,p_1.30.24_LL3f_mi,14
209,180,137,227,652,330,322,0,1,2,p_1.30.24_LL3f_mi,14
210,172,141,223,670,336,334,0,1,2,p_1.30.24_LL3f_mi,14
211,167,134,216,687,356,331,0,1,2,p_1.30.24_LL3f_mi,14
212,176,136,225,661,338,323,0,1,2,p_1.30.24_LL3f_mi,14
213,176,137,222,673,333,340,0,1,2,p_1.30.24_LL3f_mi,14
214,183,149,233,637,305,332,0,1,2,p_1.30.24_LL3f_mi,14
215,166,131,218,677,333,344,0,1,2,p_1.30.24_LL3f_mi,14
216,172,136,223,664,327,337,0,1,2,p_1.30.24_LL3f_mi,14
217,176,136,226,655,331,324,0,1,2,p_1.30.24_LL3f_mi,14
218,173,132,220,673,353,320,0,1,2,p_1.30.24_LL3f_mi,14
219,173,134,230,651,338,313,0,1,2,p_1.30.24_LL3f_mi,14
220,181,145,222,665,324,341,0,1,2,p_1.30.24_LL3f_mi,14
221,169,127,222,668,336,332,0,1,2,p_1.30.24_LL3f_mi,14
222,171,133,214,692,341,351,0,1,2,p_1.30.24_LL3f_mi,14
223,180,141,227,654,329,325,0,1,2,p_1.30.24_LL3f_mi,14
224,175,140,225,662,346,316,0,1,2,p_1.30.24_LL3f_mi,14
225,171,131,217,689,362,327,0,1,2,p_1.30.24_LL3f_mi,14
226,156,119,203,719,378,341,0,1,2,p_1.30.24_LL3f_mi,14
227,169,139,222,673,345,328,0,1,2,p_1.30.24_LL3f_mi,14
228,179,142,234,631,293,338,0,1,2,p_1.30.24_LL3f_mi,14
229,173,136,226,653,292,361,0,1,2,p_1.30.24_LL3f_mi,14
230,180,138,223,660,292,368,0,1,2,p_1.30.24_LL3f_mi,14
231,163,130,222,666,298,368,0,1,2,p_1.30.24_LL3f_mi,14
232,174,134,220,674,312,362,0,1,2,p_1.30.24_LL3f_mi,14
233,160,134,217,675,325,350,0,1,2,p_1.30.24_LL3f_mi,14
234,181,137,228,654,324,330,0,1,2,p_1.30.24_LL3f_mi,14
235,179,136,226,662,340,322,0,1,2,p_1.30.24_LL3f_mi,14
236,177,134,226,652,341,311,0,1,2,p_1.30.24_LL3f_mi,14
237,170,134,223,662,328,334,0,1,2,p_1.30.24_LL3f_mi,14
238,168,135,222,666,322,344,0,1,2,p_1.30.24_LL3f_mi,14
239,176,144,225,661,331,330,0,1,2,p_1.30.24_LL3f_mi,14
240,176,127,230,645,315,330,0,1,2,p_1.30.24_LL3f_mi,14
241,179,139,220,677,316,361,0,1,2,p_1.30.24_LL3f_mi,14
242,173,138,226,658,318,340,0,1,2,p_1.30.24_LL3f_mi,14
243,176,135,226,658,322,336,0,1,2,p_1.30.24_LL3f_mi,14
244,164,132,218,680,338,342,0,1,2,p_1.30.24_LL3f_mi,14
245,164,131,219,675,351,324,0,1,2,p_1.30.24_LL3f_mi,14
246,167,131,219,676,345,331,0,1,2,p_1.30.24_LL3f_mi,14
247,166,130,221,667,340,327,0,1,2,p_1.30.24_LL3f_mi,14
248,172,139,219,672,361,311,0,1,2,p_1.30.24_LL3f_mi,14
249,177,134,221,672,361,311,0,1,2,p_1.30.24_LL3f_mi,14
250,166,136,216,683,349,334,0,1,2,p_1.30.24_LL3f_mi,14
251,164,132,207,716,355,361,0,1,2,p_1.30.24_LL3f_mi,14
252,183,141,230,647,325,322,0,1,2,p_1.30.24_LL3f_mi,14
253,176,135,224,664,324,340,0,1,2,p_1.30.24_LL3f_mi,14
254,177,143,221,672,333,339,0,1,2,p_1.30.24_LL3f_mi,14
255,172,139,220,672,332,340,0,1,2,p_1.30.24_LL3f_mi,14
256,174,139,223,667,330,337,0,1,2,p_1.30.24_LL3f_mi,14
257,177,136,223,665,355,310,0,1,2,p_1.30.24_LL3f_mi,14
258,173,136,220,676,364,312,0,1,2,p_1.30.24_LL3f_mi,14
259,172,137,217,679,328,351,0,1,2,p_1.30.24_LL3f_mi,14
260,177,143,227,654,310,344,0,1,2,p_1.30.24_LL3f_mi,14
261,180,141,224,663,319,344,0,1,2,p_1.30.24_LL3f_mi,14
262,177,137,223,665,328,337,0,1,2,p_1.30.24_LL3f_mi,14
263,174,134,225,661,326,335,0,1,2,p_1.30.24_LL3f_mi,14
264,177,134,221,674,329,345,0,1,2,p_1.30.24_LL3f_mi,14
265,171,131,226,660,334,326,0,1,2,p_1.30.24_LL3f_mi,14
266,171,130,227,655,347,308,0,1,2,p_1.30.24_LL3f_mi,14
267,176,133,217,685,386,299,0,1,2,p_1.30.24_LL3f_mi,14
268,168,130,218,681,373,308,0,1,2,p_1.30.24_LL3f_mi,14
269,172,129,223,666,368,298,0,1,2,p_1.30.24_LL3f_mi,14
270,172,136,219,678,366,312,0,1,2,p_1.30.24_LL3f_mi,14
271,166,124,215,689,359,330,0,1,2,p_1.30.24_LL3f_mi,14
272,174,143,222,672,343,329,0,1,2,p_1.30.24_LL3f_mi,14
273,165,135,214,694,355,339,0,1,2,p_1.30.24_LL3f_mi,14
274,177,137,229,648,329,319,0,1,2,p_1.30.24_LL3f_mi,14
275,178,134,227,655,336,319,0,1,2,p_1.30.24_LL3f_mi,14
276,161,124,206,714,364,350,0,1,2,p_1.30.24_LL3f_mi,14
277,182,141,227,662,331,331,0,1,2,p_1.30.24_LL3f_mi,14
278,180,138,231,643,305,338,0,1,2,p_1.30.24_LL3f_mi,14
279,169,131,229,648,308,340,0,1,2,p_1.30.24_LL3f_mi,14
280,181,143,228,647,285,362,0,1,2,p_1.30.24_LL3f_mi,14
281,168,131,223,667,292,375,0,1,2,p_1.30.24_LL3f_mi,14
282,171,134,224,671,295,376,0,1,2,p_1.30.24_LL3f_mi,14
283,175,142,229,649,281,368,0,1,2,p_1.30.24_LL3f_mi,14
284,176,140,224,668,292,376,0,1,2,p_1.30.24_LL3f_mi,14
285,175,144,222,676,311,365,0,1,2,p_1.30.24_LL3f_mi,14
286,172,136,223,663,320,343,0,1,2,p_1.30.24_LL3f_mi,14
287,172,135,228,654,307,347,0,1,2,p_1.30.24_LL3f_mi,14
288,173,132,227,654,324,330,0,1,2,p_1.30.24_LL3f_mi,14
289,175,144,215,689,334,355,0,1,2,p_1.30.24_LL3f_mi,14
290,169,129,223,671,319,352,0,1,2,p_1.30.24_LL3f_mi,14
291,169,129,222,668,321,347,0,1,2,p_1.30.24_LL3f_mi,14
292,170,137,218,681,323,358,0,1,2,p_1.30.24_LL3f_mi,14
293,168,128,219,678,331,347,0,1,2,p_1.30.24_LL3f_mi,14
294,171,133,223,663,326,337,0,1,2,p_1.30.24_LL3f_mi,14
295,178,140,226,661,326,335,0,1,2,p_1.30.24_LL3f_mi,14
296,177,135,224,671,320,351,0,1,2,p_1.30.24_LL3f_mi,14
297,174,134,221,669,327,342,0,1,2,p_1.30.24_LL3f_mi,14
298,179,139,225,657,335,322,0,1,2,p_1.30.24_LL3f_mi,14
299,170,131,222,669,343,326,0,1,2,p_1.30.24_LL3f_mi,14
300,163,127,218,681,350,331,0,1,2,p_1.30.24_LL3f_mi,14
301,155,126,199,729,367,362,0,1,2,p_1.30.24_LL3f_mi,14
302,180,141,234,626,304,322,0,1,2,p_1.30.24_LL3f_mi,14
303,178,139,226,662,333,329,0,1,2,p_1.30.24_LL3f_mi,14
304,169,134,211,698,342,356,0,1,2,p_1.30.24_LL3f_mi,14
305,171,137,220,676,338,338,0,1,2,p_1.30.24_LL3f_mi,14
306,169,135,216,683,344,339,0,1,2,p_1.30.24_LL3f_mi,14
307,168,141,220,675,340,335,0,1,2,p_1.30.24_LL3f_mi,14
308,173,141,220,667,344,323,0,1,2,p_1.30.24_LL3f_mi,14
309,177,132,228,650,340,310,0,1,2,p_1.30.24_LL3f_mi,14
310,172,127,230,647,345,302,0,1,2,p_1.30.24_LL3f_mi,14
311,171,132,218,680,363,317,0,1,2,p_1.30.24_LL3f_mi,14
312,176,129,221,673,348,325,0,1,2,p_1.30.24_LL3f_mi,14
313,166,131,222,672,347,325,0,1,2,p_1.30.24_LL3f_mi,14
314,174,139,226,662,341,321,0,1,2,p_1.30.24_LL3f_mi,14
315,183,145,236,630,316,314,0,1,2,p_1.30.24_LL3f_mi,14
316,175,130,229,645,323,322,0,1,2,p_1.30.24_LL3f_mi,14
317,175,138,222,669,339,330,0,1,2,p_1.30.24_LL3f_mi,14
318,169,138,217,684,348,336,0,1,2,p_1.30.24_LL3f_mi,14
319,172,139,220,677,323,354,0,1,2,p_1.30.24_LL3f_mi,14
320,170,129,226,652,320,332,0,1,2,p_1.30.24_LL3f_mi,14
321,179,144,222,673,336,337,0,1,2,p_1.30.24_LL3f_mi,14
322,181,141,225,657,338,319,0,1,2,p_1.30.24_LL3f_mi,14
323,171,133,226,654,335,319,0,1,2,p_1.30.24_LL3f_mi,14
324,176,134,223,661,326,335,0,1,2,p_1.30.24_LL3f_mi,14
325,177,145,219,676,327,349,0,1,2,p_1.30.24_LL3f_mi,14
326,154,123,200,729,350,379,0,1,2,p_1.30.24_LL3f_mi,14
327,178,140,227,656,323,333,0,1,2,p_1.30.24_LL3f_mi,14
328,170,134,228,662,320,342,0,1,2,p_1.30.24_LL3f_mi,14
329,173,136,223,671,323,348,0,1,2,p_1.30.24_LL3f_mi,14
330,172,138,223,668,312,356,0,1,2,p_1.30.24_LL3f_mi,14
331,174,141,223,666,307,359,0,1,2,p_1.30.24_LL3f_mi,14
332,179,129,225,665,336,329,0,1,2,p_1.30.24_LL3f_mi,14
333,170,133,218,685,364,321,0,1,2,p_1.30.24_LL3f_mi,14
334,179,136,229,648,328,320,0,1,2,p_1.30.24_LL3f_mi,14
335,178,144,228,651,305,346,0,1,2,p_1.30.24_LL3f_mi,14
336,176,139,219,674,326,348,0,1,2,p_1.30.24_LL3f_mi,14
337,169,133,220,682,346,336,0,1,2,p_1.30.24_LL3f_mi,14
338,177,135,224,666,342,324,0,1,2,p_1.30.24_LL3f_mi,14
339,170,140,226,659,339,320,0,1,2,p_1.30.24_LL3f_mi,14
340,165,125,221,672,350,322,0,1,2,p_1.30.24_LL3f_mi,14
341,180,140,225,666,342,324,0,1,2,p_1.30.24_LL3f_mi,14
342,168,131,216,682,334,348,0,1,2,p_1.30.24_LL3f_mi,14
343,175,139,226,650,320,330,0,1,2,p_1.30.24_LL3f_mi,14
344,174,132,223,671,351,320,0,1,2,p_1.30.24_LL3f_mi,14
345,187,143,235,626,322,304,0,1,2,p_1.30.24_LL3f_mi,14
346,168,128,221,667,343,324,0,1,2,p_1.30.24_LL3f_mi,14
347,168,130,219,683,352,331,0,1,2,p_1.30.24_LL3f_mi,14
348,177,129,230,641,330,311,0,1,2,p_1.30.24_LL3f_mi,14
349,175,138,219,680,347,333,0,1,2,p_1.30.24_LL3f_mi,14
350,169,131,221,678,334,344,0,1,2,p_1.30.24_LL3f_mi,14
1,12,12,17,612,281,331,0,1,3,p_1.30.24_LL3f_mi,14
2,85,81,111,871,413,458,0,1,3,p_1.30.24_LL3f_mi,14
3,125,112,161,798,389,409,0,1,3,p_1.30.24_LL3f_mi,14
4,162,135,208,707,336,371,0,1,3,p_1.30.24_LL3f_mi,14
5,173,135,223,662,312,350,0,1,3,p_1.30.24_LL3f_mi,14
6,183,142,234,630,306,324,0,1,3,p_1.30.24_LL3f_mi,14
7,178,141,227,655,326,329,0,1,3,p_1.30.24_LL3f_mi,14
8,181,144,226,655,322,333,0,1,3,p_1.30.24_LL3f_mi,14
9,176,136,227,661,338,323,0,1,3,p_1.30.24_LL3f_mi,14
10,173,131,226,657,329,328,0,1,3,p_1.30.24_LL3f_mi,14
11,182,136,235,629,320,309,0,1,3,p_1.30.24_LL3f_mi,14
12,177,132,224,664,323,341,0,1,3,p_1.30.24_LL3f_mi,14
13,174,136,225,662,314,348,0,1,3,p_1.30.24_LL3f_mi,14
14,190,155,227,655,321,334,0,1,3,p_1.30.24_LL3f_mi,14
15,178,139,231,642,334,308,0,1,3,p_1.30.24_LL3f_mi,14
16,171,138,221,674,350,324,0,1,3,p_1.30.24_LL3f_mi,14
17,172,135,222,661,349,312,0,1,3,p_1.30.24_LL3f_mi,14
18,173,130,222,674,355,319,0,1,3,p_1.30.24_LL3f_mi,14
19,181,147,228,653,334,319,0,1,3,p_1.30.24_LL3f_mi,14
20,174,140,219,681,334,347,0,1,3,p_1.30.24_LL3f_mi,14
21,169,126,216,690,322,368,0,1,3,p_1.30.24_LL3f_mi,14
22,170,134,219,676,311,365,0,1,3,p_1.30.24_LL3f_mi,14
23,170,133,218,684,320,364,0,1,3,p_1.30.24_LL3f_mi,14
24,166,139,219,675,319,356,0,1,3,p_1.30.24_LL3f_mi,14
25,179,144,227,653,328,325,0,1,3,p_1.30.24_LL3f_mi,14
26,150,118,197,729,374,355,0,1,3,p_1.30.24_LL3f_mi,14
27,181,140,233,629,307,322,0,1,3,p_1.30.24_LL3f_mi,14
28,179,139,229,644,312,332,0,1,3,p_1.30.24_LL3f_mi,14
29,171,142,230,643,317,326,0,1,3,p_1.30.24_LL3f_mi,14
30,171,132,226,656,305,351,0,1,3,p_1.30.24_LL3f_mi,14
31,177,143,223,660,308,352,0,1,3,p_1.30.24_LL3f_mi,14
32,181,146,225,659,302,357,0,1,3,p_1.30.24_LL3f_mi,14
33,177,138,225,663,307,356,0,1,3,p_1.30.24_LL3f_mi,14
34,173,130,225,660,318,342,0,1,3,p_1.30.24_LL3f_mi,14
35,173,132,218,674,317,357,0,1,3,p_1.30.24_LL3f_mi,14
36,180,133,224,662,334,328,0,1,3,p_1.30.24_LL3f_mi,14
37,174,135,230,643,322,321,0,1,3,p_1.30.24_LL3f_mi,14
38,163,125,220,673,336,337,0,1,3,p_1.30.24_LL3f_mi,14
39,178,138,228,655,319,336,0,1,3,p_1.30.24_LL3f_mi,14
40,170,133,223,667,323,344,0,1,3,p_1.30.24_LL3f_mi,14
41,180,144,230,643,316,327,0,1,3,p_1.30.24_LL3f_mi,14
42,169,133,219,679,339,340,0,1,3,p_1.30.24_LL3f_mi,14
43,171,131,218,677,330,347,0,1,3,p_1.30.24_LL3f_mi,14
44,177,141,228,659,338,321,0,1,3,p_1.30.24_LL3f_mi,14
45,181,129,235,630,338,292,0,1,3,p_1.30.24_LL3f_mi,14
46,179,137,230,660,335,325,0,1,3,p_1.30.24_LL3f_mi,14
47,173,139,224,663,339,324,0,1,3,p_1.30.24_LL3f_mi,14
48,176,137,225,661,338,323,0,1,3,p_1.30.24_LL3f_mi,14
49,167,134,219,679,334,345,0,1,3,p_1.30.24_LL3f_mi,14
50,173,137,216,684,357,327,0,1,3,p_1.30.24_LL3f_mi,14
51,156,127,198,727,377,350,0,1,3,p_1.30.24_LL3f_mi,14
52,181,147,226,656,345,311,0,1,3,p_1.30.24_LL3f_mi,14
53,173,142,218,685,344,341,0,1,3,p_1.30.24_LL3f_mi,14
54,176,138,225,666,330,336,0,1,3,p_1.30.24_LL3f_mi,14
55,180,138,228,656,332,324,0,1,3,p_1.30.24_LL3f_mi,14
56,175,135,226,662,318,344,0,1,3,p_1.30.24_LL3f_mi,14
57,174,140,221,672,317,355,0,1,3,p_1.30.24_LL3f_mi,14
58,180,137,224,661,315,346,0,1,3,p_1.30.24_LL3f_mi,14
59,169,130,218,679,324,355,0,1,3,p_1.30.24_LL3f_mi,14
60,179,142,228,661,316,345,0,1,3,p_1.30.24_LL3f_mi,14
61,172,126,224,657,327,330,0,1,3,p_1.30.24_LL3f_mi,14
62,170,131,222,670,337,333,0,1,3,p_1.30.24_LL3f_mi,14
63,166,128,216,683,351,332,0,1,3,p_1.30.24_LL3f_mi,14
64,174,138,226,666,336,330,0,1,3,p_1.30.24_LL3f_mi,14
65,171,127,223,664,342,322,0,1,3,p_1.30.24_LL3f_mi,14
66,181,146,230,642,313,329,0,1,3,p_1.30.24_LL3f_mi,14
67,176,130,225,660,322,338,0,1,3,p_1.30.24_LL3f_mi,14
68,175,136,231,638,317,321,0,1,3,p_1.30.24_LL3f_mi,14
69,179,142,222,673,317,356,0,1,3,p_1.30.24_LL3f_mi,14
70,168,136,220,668,326,342,0,1,3,p_1.30.24_LL3f_mi,14
71,175,143,219,673,334,339,0,1,3,p_1.30.24_LL3f_mi,14
72,183,140,236,619,320,299,0,1,3,p_1.30.24_LL3f_mi,14
73,178,138,230,643,311,332,0,1,3,p_1.30.24_LL3f_mi,14
74,173,131,222,667,347,320,0,1,3,p_1.30.24_LL3f_mi,14
75,180,140,226,655,330,325,0,1,3,p_1.30.24_LL3f_mi,14
76,165,132,210,701,351,350,0,1,3,p_1.30.24_LL3f_mi,14
77,175,142,225,664,326,338,0,1,3,p_1.30.24_LL3f_mi,14
78,170,134,224,662,338,324,0,1,3,p_1.30.24_LL3f_mi,14
79,175,133,225,663,345,318,0,1,3,p_1.30.24_LL3f_mi,14
80,174,132,220,671,336,335,0,1,3,p_1.30.24_LL3f_mi,14
81,176,137,225,668,325,343,0,1,3,p_1.30.24_LL3f_mi,14
82,165,134,219,678,337,341,0,1,3,p_1.30.24_LL3f_mi,14
83,180,136,231,638,319,319,0,1,3,p_1.30.24_LL3f_mi,14
84,170,129,222,669,330,339,0,1,3,p_1.30.24_LL3f_mi,14
85,177,140,227,656,326,330,0,1,3,p_1.30.24_LL3f_mi,14
86,174,134,221,673,339,334,0,1,3,p_1.30.24_LL3f_mi,14
87,167,137,217,678,337,341,0,1,3,p_1.30.24_LL3f_mi,14
88,171,135,215,683,351,332,0,1,3,p_1.30.24_LL3f_mi,14
89,181,144,221,675,343,332,0,1,3,p_1.30.24_LL3f_mi,14
90,177,136,224,668,329,339,0,1,3,p_1.30.24_LL3f_mi,14
91,188,145,230,645,310,335,0,1,3,p_1.30.24_LL3f_mi,14
92,175,132,226,661,335,326,0,1,3,p_1.30.24_LL3f_mi,14
93,174,138,224,665,333,332,0,1,3,p_1.30.24_LL3f_mi,14
94,173,135,228,655,312,343,0,1,3,p_1.30.24_LL3f_mi,14
95,171,138,221,680,336,344,0,1,3,p_1.30.24_LL3f_mi,14
96,168,127,223,666,333,333,0,1,3,p_1.30.24_LL3f_mi,14
97,167,125,217,679,344,335,0,1,3,p_1.30.24_LL3f_mi,14
98,178,131,225,664,347,317,0,1,3,p_1.30.24_LL3f_mi,14
99,177,143,229,655,351,304,0,1,3,p_1.30.24_LL3f_mi,14
100,141,105,178,688,354,334,0,1,3,p_1.30.24_LL3f_mi,14
101,115,98,151,666,327,339,0,1,3,p_1.30.24_LL3f_mi,14
102,125,103,165,558,276,282,0,1,3,p_1.30.24_LL3f_mi,14
103,120,99,145,519,267,252,0,1,3,p_1.30.24_LL3f_mi,14
104,90,73,123,489,260,229,0,1,3,p_1.30.24_LL3f_mi,14
105,90,69,110,438,230,208,0,1,3,p_1.30.24_LL3f_mi,14
106,74,61,93,388,200,188,0,1,3,p_1.30.24_LL3f_mi,14
107,60,45,75,342,168,174,0,1,3,p_1.30.24_LL3f_mi,14
108,45,40,56,300,156,144,0,1,3,p_1.30.24_LL3f_mi,14
109,31,28,39,254,129,125,0,1,3,p_1.30.24_LL3f_mi,14
110,28,24,34,197,99,98,0,1,3,p_1.30.24_LL3f_mi,14
111,30,25,37,167,83,84,0,1,3,p_1.30.24_LL3f_mi,14
112,30,22,38,131,58,73,0,1,3,p_1.30.24_LL3f_mi,14
113,29,22,36,125,56,69,0,1,3,p_1.30.24_LL3f_mi,14
114,29,24,36,111,46,65,0,1,3,p_1.30.24_LL3f_mi,14
115,28,23,35,109,46,63,0,1,3,p_1.30.24_LL3f_mi,14
116,29,23,35,111,50,61,0,1,3,p_1.30.24_LL3f_mi,14
117,25,19,34,106,54,52,0,1,3,p_1.30.24_LL3f_mi,14
118,28,23,36,113,58,55,0,1,3,p_1.30.24_LL3f_mi,14
119,26,23,33,108,54,54,0,1,3,p_1.30.24_LL3f_mi,14
120,28,23,34,105,58,47,0,1,3,p_1.30.24_LL3f_mi,14
121,28,21,34,100,56,44,0,1,3,p_1.30.24_LL3f_mi,14
122,22,18,31,102,59,43,0,1,3,p_1.30.24_LL3f_mi,14
123,24,21,32,94,56,38,0,1,3,p_1.30.24_LL3f_mi,14
124,27,21,33,98,53,45,0,1,3,p_1.30.24_LL3f_mi,14
125,24,20,36,126,59,67,21,1,3,p_1.30.24_LL3f_mi,14
126,24,20,33,116,55,61,5,1,3,p_1.30.24_LL3f_mi,14
127,26,22,35,116,57,59,1,1,3,p_1.30.24_LL3f_mi,14
128,22,19,32,97,47,50,0,1,3,p_1.30.24_LL3f_mi,14
129,29,22,35,100,51,49,0,1,3,p_1.30.24_LL3f_mi,14
130,28,21,34,98,47,51,0,1,3,p_1.30.24_LL3f_mi,14
131,23,17,31,99,49,50,0,1,3,p_1.30.24_LL3f_mi,14
132,25,20,32,91,44,47,0,1,3,p_1.30.24_LL3f_mi,14
133,26,20,34,96,51,45,0,1,3,p_1.30.24_LL3f_mi,14
134,27,17,33,101,58,43,0,1,3,p_1.30.24_LL3f_mi,14
135,26,20,33,98,51,47,0,1,3,p_1.30.24_LL3f_mi,14
136,24,18,32,91,40,51,0,1,3,p_1.30.24_LL3f_mi,14
137,23,18,32,100,37,63,0,1,3,p_1.30.24_LL3f_mi,14
138,25,22,34,104,44,60,0,1,3,p_1.30.24_LL3f_mi,14
139,23,22,32,101,42,59,0,1,3,p_1.30.24_LL3f_mi,14
140,28,21,34,107,43,64,14,1,3,p_1.30.24_LL3f_mi,14
141,28,22,35,111,54,57,13,1,3,p_1.30.24_LL3f_mi,14
142,26,22,35,115,57,58,8,1,3,p_1.30.24_LL3f_mi,14
143,30,22,36,109,56,53,3,1,3,p_1.30.24_LL3f_mi,14
144,25,19,36,111,55,56,2,1,3,p_1.30.24_LL3f_mi,14
145,27,22,33,106,58,48,0,1,3,p_1.30.24_LL3f_mi,14
146,25,19,32,96,51,45,0,1,3,p_1.30.24_LL3f_mi,14
147,27,20,36,101,58,43,0,1,3,p_1.30.24_LL3f_mi,14
148,26,21,33,99,57,42,0,1,3,p_1.30.24_LL3f_mi,14
149,27,20,33,95,51,44,0,1,3,p_1.30.24_LL3f_mi,14
150,27,21,35,100,46,54,0,1,3,p_1.30.24_LL3f_mi,14
151,58,36,79,114,58,56,0,1,3,p_1.30.24_LL3f_mi,14
152,66,42,98,151,73,78,0,1,3,p_1.30.24_LL3f_mi,14
153,90,63,123,204,95,109,0,1,3,p_1.30.24_LL3f_mi,14
154,115,80,145,272,139,133,0,1,3,p_1.30.24_LL3f_mi,14
155,121,90,162,362,193,169,21,1,3,p_1.30.24_LL3f_mi,14
156,135,88,180,403,223,180,8,1,3,p_1.30.24_LL3f_mi,14
157,153,101,196,437,233,204,3,1,3,p_1.30.24_LL3f_mi,14
158,167,119,211,489,249,240,1,1,3,p_1.30.24_LL3f_mi,14
159,175,131,226,552,281,271,0,1,3,p_1.30.24_LL3f_mi,14
160,181,136,236,616,313,303,0,1,3,p_1.30.24_LL3f_mi,14
161,175,133,230,642,329,313,0,1,3,p_1.30.24_LL3f_mi,14
162,175,136,223,662,330,332,0,1,3,p_1.30.24_LL3f_mi,14
163,181,137,227,656,312,344,0,1,3,p_1.30.24_LL3f_mi,14
164,177,131,225,662,310,352,0,1,3,p_1.30.24_LL3f_mi,14
165,169,130,222,673,324,349,0,1,3,p_1.30.24_LL3f_mi,14
166,163,132,211,701,341,360,0,1,3,p_1.30.24_LL3f_mi,14
167,181,136,230,642,317,325,0,1,3,p_1.30.24_LL3f_mi,14
168,170,126,222,667,338,329,0,1,3,p_1.30.24_LL3f_mi,14
169,177,125,224,667,351,316,0,1,3,p_1.30.24_LL3f_mi,14
170,163,127,203,711,385,326,20,1,3,p_1.30.24_LL3f_mi,14
171,172,136,218,678,348,330,11,1,3,p_1.30.24_LL3f_mi,14
172,169,131,220,673,335,338,5,1,3,p_1.30.24_LL3f_mi,14
173,181,142,229,660,323,337,1,1,3,p_1.30.24_LL3f_mi,14
174,176,137,222,672,335,337,0,1,3,p_1.30.24_LL3f_mi,14
175,176,136,226,656,338,318,0,1,3,p_1.30.24_LL3f_mi,14
176,153,124,205,707,366,341,0,1,3,p_1.30.24_LL3f_mi,14
177,169,135,222,675,337,338,0,1,3,p_1.30.24_LL3f_mi,14
178,178,135,230,644,332,312,0,1,3,p_1.30.24_LL3f_mi,14
179,172,132,228,657,335,322,0,1,3,p_1.30.24_LL3f_mi,14
180,181,137,227,657,325,332,0,1,3,p_1.30.24_LL3f_mi,14
181,175,133,225,670,332,338,0,1,3,p_1.30.24_LL3f_mi,14
182,173,134,222,666,322,344,0,1,3,p_1.30.24_LL3f_mi,14
183,173,132,225,663,328,335,0,1,3,p_1.30.24_LL3f_mi,14
184,167,131,216,691,344,347,0,1,3,p_1.30.24_LL3f_mi,14
185,180,137,222,668,346,322,0,1,3,p_1.30.24_LL3f_mi,14
186,175,139,222,675,341,334,0,1,3,p_1.30.24_LL3f_mi,14
187,176,140,225,663,327,336,0,1,3,p_1.30.24_LL3f_mi,14
188,173,122,217,682,339,343,0,1,3,p_1.30.24_LL3f_mi,14
189,176,142,226,653,331,322,0,1,3,p_1.30.24_LL3f_mi,14
190,174,136,224,660,344,316,0,1,3,p_1.30.24_LL3f_mi,14
191,176,136,224,667,330,337,0,1,3,p_1.30.24_LL3f_mi,14
192,174,133,223,663,322,341,0,1,3,p_1.30.24_LL3f_mi,14
193,182,149,230,646,302,344,0,1,3,p_1.30.24_LL3f_mi,14
194,183,143,230,645,291,354,0,1,3,p_1.30.24_LL3f_mi,14
195,179,139,225,663,319,344,0,1,3,p_1.30.24_LL3f_mi,14
196,173,132,225,659,312,347,0,1,3,p_1.30.24_LL3f_mi,14
197,178,139,225,671,334,337,0,1,3,p_1.30.24_LL3f_mi,14
198,175,128,230,648,339,309,0,1,3,p_1.30.24_LL3f_mi,14
199,173,130,227,658,328,330,0,1,3,p_1.30.24_LL3f_mi,14
200,161,135,213,696,337,359,0,1,3,p_1.30.24_LL3f_mi,14
201,161,138,207,717,340,377,0,1,3,p_1.30.24_LL3f_mi,14
202,170,137,218,675,328,347,0,1,3,p_1.30.24_LL3f_mi,14
203,177,137,234,630,312,318,0,1,3,p_1.30.24_LL3f_mi,14
204,177,142,227,657,328,329,0,1,3,p_1.30.24_LL3f_mi,14
205,177,134,225,663,336,327,0,1,3,p_1.30.24_LL3f_mi,14
206,173,140,229,648,328,320,0,1,3,p_1.30.24_LL3f_mi,14
207,185,142,232,639,318,321,0,1,3,p_1.30.24_LL3f_mi,14
208,174,135,229,649,327,322,0,1,3,p_1.30.24_LL3f_mi,14
209,171,134,217,679,349,330,0,1,3,p_1.30.24_LL3f_mi,14
210,154,128,205,710,384,326,0,1,3,p_1.30.24_LL3f_mi,14
211,176,127,227,650,352,298,0,1,3,p_1.30.24_LL3f_mi,14
212,183,132,234,638,338,300,0,1,3,p_1.30.24_LL3f_mi,14
213,183,144,229,647,341,306,0,1,3,p_1.30.24_LL3f_mi,14
214,174,134,229,653,335,318,0,1,3,p_1.30.24_LL3f_mi,14
215,167,129,221,675,352,323,0,1,3,p_1.30.24_LL3f_mi,14
216,172,128,219,674,339,335,0,1,3,p_1.30.24_LL3f_mi,14
217,173,135,225,654,321,333,0,1,3,p_1.30.24_LL3f_mi,14
218,192,146,232,638,311,327,0,1,3,p_1.30.24_LL3f_mi,14
219,176,144,220,675,335,340,0,1,3,p_1.30.24_LL3f_mi,14
220,174,137,221,668,331,337,0,1,3,p_1.30.24_LL3f_mi,14
221,177,134,227,660,319,341,0,1,3,p_1.30.24_LL3f_mi,14
222,167,138,221,670,325,345,0,1,3,p_1.30.24_LL3f_mi,14
223,166,134,216,685,355,330,0,1,3,p_1.30.24_LL3f_mi,14
224,168,130,222,666,339,327,0,1,3,p_1.30.24_LL3f_mi,14
225,175,134,226,663,330,333,0,1,3,p_1.30.24_LL3f_mi,14
226,165,139,212,698,344,354,0,1,3,p_1.30.24_LL3f_mi,14
227,171,139,225,660,321,339,0,1,3,p_1.30.24_LL3f_mi,14
228,166,133,224,663,337,326,0,1,3,p_1.30.24_LL3f_mi,14
229,176,140,232,644,328,316,0,1,3,p_1.30.24_LL3f_mi,14
230,185,138,222,668,353,315,0,1,3,p_1.30.24_LL3f_mi,14
231,164,129,217,682,357,325,0,1,3,p_1.30.24_LL3f_mi,14
232,165,131,215,684,358,326,0,1,3,p_1.30.24_LL3f_mi,14
233,175,135,224,667,337,330,0,1,3,p_1.30.24_LL3f_mi,14
234,170,135,224,658,320,338,0,1,3,p_1.30.24_LL3f_mi,14
235,179,139,227,649,310,339,0,1,3,p_1.30.24_LL3f_mi,14
236,172,137,228,654,332,322,0,1,3,p_1.30.24_LL3f_mi,14
237,170,131,224,666,325,341,0,1,3,p_1.30.24_LL3f_mi,14
238,180,138,221,671,334,337,0,1,3,p_1.30.24_LL3f_mi,14
239,164,128,211,704,350,354,0,1,3,p_1.30.24_LL3f_mi,14
240,173,128,222,675,345,330,0,1,3,p_1.30.24_LL3f_mi,14
241,169,134,227,663,331,332,0,1,3,p_1.30.24_LL3f_mi,14
242,176,132,224,661,347,314,0,1,3,p_1.30.24_LL3f_mi,14
243,178,134,228,649,335,314,0,1,3,p_1.30.24_LL3f_mi,14
244,168,132,220,674,331,343,0,1,3,p_1.30.24_LL3f_mi,14
245,171,129,219,680,339,341,0,1,3,p_1.30.24_LL3f_mi,14
246,179,141,227,652,326,326,0,1,3,p_1.30.24_LL3f_mi,14
247,180,128,221,670,355,315,0,1,3,p_1.30.24_LL3f_mi,14
248,177,136,224,668,359,309,0,1,3,p_1.30.24_LL3f_mi,14
249,177,143,222,677,355,322,0,1,3,p_1.30.24_LL3f_mi,14
250,168,124,218,676,342,334,0,1,3,p_1.30.24_LL3f_mi,14
251,156,124,197,731,362,369,0,1,3,p_1.30.24_LL3f_mi,14
252,177,138,228,649,318,331,0,1,3,p_1.30.24_LL3f_mi,14
253,179,133,226,659,320,339,0,1,3,p_1.30.24_LL3f_mi,14
254,171,139,220,672,329,343,0,1,3,p_1.30.24_LL3f_mi,14
255,169,132,213,693,348,345,0,1,3,p_1.30.24_LL3f_mi,14
256,168,135,222,669,326,343,0,1,3,p_1.30.24_LL3f_mi,14
257,172,123,221,677,331,346,0,1,3,p_1.30.24_LL3f_mi,14
258,169,135,221,670,334,336,0,1,3,p_1.30.24_LL3f_mi,14
259,184,146,235,619,304,315,0,1,3,p_1.30.24_LL3f_mi,14
260,183,144,232,635,295,340,0,1,3,p_1.30.24_LL3f_mi,14
261,166,132,213,696,325,371,0,1,3,p_1.30.24_LL3f_mi,14
262,173,132,216,680,304,376,0,1,3,p_1.30.24_LL3f_mi,14
263,170,136,221,677,302,375,0,1,3,p_1.30.24_LL3f_mi,14
264,179,135,229,650,310,340,0,1,3,p_1.30.24_LL3f_mi,14
265,181,135,230,648,308,340,0,1,3,p_1.30.24_LL3f_mi,14
266,168,134,220,680,328,352,0,1,3,p_1.30.24_LL3f_mi,14
267,174,142,215,685,349,336,0,1,3,p_1.30.24_LL3f_mi,14
268,182,136,229,655,330,325,0,1,3,p_1.30.24_LL3f_mi,14
269,171,128,220,678,365,313,0,1,3,p_1.30.24_LL3f_mi,14
270,177,136,225,664,348,316,0,1,3,p_1.30.24_LL3f_mi,14
271,186,136,232,644,320,324,0,1,3,p_1.30.24_LL3f_mi,14
272,168,134,221,664,326,338,0,1,3,p_1.30.24_LL3f_mi,14
273,167,122,219,681,335,346,0,1,3,p_1.30.24_LL3f_mi,14
274,178,145,225,661,329,332,0,1,3,p_1.30.24_LL3f_mi,14
275,176,141,227,658,334,324,0,1,3,p_1.30.24_LL3f_mi,14
276,174,138,219,685,338,347,0,1,3,p_1.30.24_LL3f_mi,14
277,176,140,230,647,306,341,0,1,3,p_1.30.24_LL3f_mi,14
278,159,125,213,697,330,367,0,1,3,p_1.30.24_LL3f_mi,14
279,175,132,226,660,327,333,0,1,3,p_1.30.24_LL3f_mi,14
280,175,137,226,650,314,336,0,1,3,p_1.30.24_LL3f_mi,14
281,172,134,219,677,341,336,0,1,3,p_1.30.24_LL3f_mi,14
282,166,128,215,688,344,344,0,1,3,p_1.30.24_LL3f_mi,14
283,173,145,218,682,339,343,0,1,3,p_1.30.24_LL3f_mi,14
284,176,141,225,658,328,330,0,1,3,p_1.30.24_LL3f_mi,14
285,183,138,229,651,317,334,0,1,3,p_1.30.24_LL3f_mi,14
286,179,138,231,650,321,329,0,1,3,p_1.30.24_LL3f_mi,14
287,183,140,231,643,310,333,0,1,3,p_1.30.24_LL3f_mi,14
288,172,130,221,674,333,341,0,1,3,p_1.30.24_LL3f_mi,14
289,181,141,224,664,337,327,0,1,3,p_1.30.24_LL3f_mi,14
290,183,136,231,644,309,335,0,1,3,p_1.30.24_LL3f_mi,14
291,178,138,227,653,320,333,0,1,3,p_1.30.24_LL3f_mi,14
292,167,135,220,674,340,334,0,1,3,p_1.30.24_LL3f_mi,14
293,160,125,210,700,352,348,0,1,3,p_1.30.24_LL3f_mi,14
294,170,128,223,667,337,330,0,1,3,p_1.30.24_LL3f_mi,14
295,177,137,228,657,337,320,0,1,3,p_1.30.24_LL3f_mi,14
296,183,138,226,657,349,308,0,1,3,p_1.30.24_LL3f_mi,14
297,176,135,223,668,350,318,0,1,3,p_1.30.24_LL3f_mi,14
298,167,130,218,681,358,323,0,1,3,p_1.30.24_LL3f_mi,14
299,175,142,220,675,351,324,0,1,3,p_1.30.24_LL3f_mi,14
300,176,144,227,662,338,324,0,1,3,p_1.30.24_LL3f_mi,14
301,166,133,207,709,364,345,0,1,3,p_1.30.24_LL3f_mi,14
302,175,132,222,668,351,317,0,1,3,p_1.30.24_LL3f_mi,14
303,171,134,226,656,332,324,0,1,3,p_1.30.24_LL3f_mi,14
304,180,138,231,638,312,326,0,1,3,p_1.30.24_LL3f_mi,14
305,175,129,231,642,317,325,0,1,3,p_1.30.24_LL3f_mi,14
306,182,137,226,658,327,331,0,1,3,p_1.30.24_LL3f_mi,14
307,177,137,226,662,329,333,0,1,3,p_1.30.24_LL3f_mi,14
308,171,129,225,661,342,319,0,1,3,p_1.30.24_LL3f_mi,14
309,173,131,220,676,343,333,0,1,3,p_1.30.24_LL3f_mi,14
310,178,141,229,647,323,324,0,1,3,p_1.30.24_LL3f_mi,14
311,170,135,219,678,327,351,0,1,3,p_1.30.24_LL3f_mi,14
312,167,129,214,692,314,378,0,1,3,p_1.30.24_LL3f_mi,14
313,171,132,227,651,300,351,0,1,3,p_1.30.24_LL3f_mi,14
314,174,143,234,636,295,341,0,1,3,p_1.30.24_LL3f_mi,14
315,174,139,223,659,300,359,0,1,3,p_1.30.24_LL3f_mi,14
316,179,143,234,634,299,335,0,1,3,p_1.30.24_LL3f_mi,14
317,185,141,231,649,332,317,0,1,3,p_1.30.24_LL3f_mi,14
318,175,137,224,674,338,336,0,1,3,p_1.30.24_LL3f_mi,14
319,165,129,213,695,349,346,0,1,3,p_1.30.24_LL3f_mi,14
320,178,134,227,660,327,333,0,1,3,p_1.30.24_LL3f_mi,14
321,183,140,230,645,326,319,0,1,3,p_1.30.24_LL3f_mi,14
322,172,132,224,670,350,320,0,1,3,p_1.30.24_LL3f_mi,14
323,172,124,216,683,358,325,0,1,3,p_1.30.24_LL3f_mi,14
324,166,133,224,666,343,323,0,1,3,p_1.30.24_LL3f_mi,14
325,174,135,229,646,329,317,0,1,3,p_1.30.24_LL3f_mi,14
326,162,128,205,710,346,364,0,1,3,p_1.30.24_LL3f_mi,14
327,185,153,227,655,322,333,0,1,3,p_1.30.24_LL3f_mi,14
328,171,129,220,673,344,329,0,1,3,p_1.30.24_LL3f_mi,14
329,172,132,219,679,338,341,0,1,3,p_1.30.24_LL3f_mi,14
330,172,139,219,683,355,328,0,1,3,p_1.30.24_LL3f_mi,14
331,176,132,226,654,348,306,0,1,3,p_1.30.24_LL3f_mi,14
332,173,126,226,663,367,296,0,1,3,p_1.30.24_LL3f_mi,14
333,168,128,223,669,365,304,0,1,3,p_1.30.24_LL3f_mi,14
334,181,143,224,675,354,321,0,1,3,p_1.30.24_LL3f_mi,14
335,170,131,224,667,340,327,0,1,3,p_1.30.24_LL3f_mi,14
336,170,134,227,650,339,311,0,1,3,p_1.30.24_LL3f_mi,14
337,172,135,220,673,339,334,0,1,3,p_1.30.24_LL3f_mi,14
338,177,140,223,668,340,328,0,1,3,p_1.30.24_LL3f_mi,14
339,165,133,218,679,340,339,0,1,3,p_1.30.24_LL3f_mi,14
340,170,131,219,673,333,340,0,1,3,p_1.30.24_LL3f_mi,14
341,177,135,224,667,335,332,0,1,3,p_1.30.24_LL3f_mi,14
342,171,128,216,681,344,337,0,1,3,p_1.30.24_LL3f_mi,14
343,183,143,231,644,328,316,0,1,3,p_1.30.24_LL3f_mi,14
344,177,133,229,651,328,323,0,1,3,p_1.30.24_LL3f_mi,14
345,178,133,227,660,340,320,0,1,3,p_1.30.24_LL3f_mi,14
346,175,146,223,670,364,306,0,1,3,p_1.30.24_LL3f_mi,14
347,174,131,219,677,349,328,0,1,3,p_1.30.24_LL3f_mi,14
348,177,129,229,651,354,297,0,1,3,p_1.30.24_LL3f_mi,14
349,172,135,225,662,323,339,0,1,3,p_1.30.24_LL3f_mi,14
350,172,130,222,671,337,334,0,1,3,p_1.30.24_LL3f_mi,14
1,12,12,15,627,304,323,0,1,4,p_1.30.24_LL3f_mi,14
2,94,83,121,859,434,425,0,1,4,p_1.30.24_LL3f_mi,14
3,147,128,187,758,375,383,0,1,4,p_1.30.24_LL3f_mi,14
4,157,128,197,728,367,361,0,1,4,p_1.30.24_LL3f_mi,14
5,172,126,220,678,358,320,0,1,4,p_1.30.24_LL3f_mi,14
6,184,137,231,634,333,301,0,1,4,p_1.30.24_LL3f_mi,14
7,180,135,232,633,331,302,0,1,4,p_1.30.24_LL3f_mi,14
8,168,137,220,672,355,317,0,1,4,p_1.30.24_LL3f_mi,14
9,178,139,230,652,347,305,0,1,4,p_1.30.24_LL3f_mi,14
10,174,139,226,657,349,308,0,1,4,p_1.30.24_LL3f_mi,14
11,179,133,229,646,329,317,0,1,4,p_1.30.24_LL3f_mi,14
12,185,143,235,621,322,299,0,1,4,p_1.30.24_LL3f_mi,14
13,170,125,221,669,344,325,0,1,4,p_1.30.24_LL3f_mi,14
14,165,130,211,699,372,327,0,1,4,p_1.30.24_LL3f_mi,14
15,176,129,225,660,354,306,0,1,4,p_1.30.24_LL3f_mi,14
16,177,133,223,665,360,305,0,1,4,p_1.30.24_LL3f_mi,14
17,172,126,223,665,347,318,0,1,4,p_1.30.24_LL3f_mi,14
18,177,134,222,668,341,327,0,1,4,p_1.30.24_LL3f_mi,14
19,171,142,225,663,328,335,0,1,4,p_1.30.24_LL3f_mi,14
20,177,130,227,654,323,331,0,1,4,p_1.30.24_LL3f_mi,14
21,163,132,216,686,348,338,0,1,4,p_1.30.24_LL3f_mi,14
22,169,131,221,679,324,355,0,1,4,p_1.30.24_LL3f_mi,14
23,181,136,232,640,315,325,0,1,4,p_1.30.24_LL3f_mi,14
24,178,138,228,652,332,320,0,1,4,p_1.30.24_LL3f_mi,14
25,173,133,225,657,309,348,0,1,4,p_1.30.24_LL3f_mi,14
26,164,132,208,707,344,363,0,1,4,p_1.30.24_LL3f_mi,14
27,177,135,225,658,313,345,0,1,4,p_1.30.24_LL3f_mi,14
28,171,137,232,632,305,327,0,1,4,p_1.30.24_LL3f_mi,14
29,175,139,225,665,332,333,0,1,4,p_1.30.24_LL3f_mi,14
30,177,134,220,675,334,341,0,1,4,p_1.30.24_LL3f_mi,14
31,165,134,217,683,349,334,0,1,4,p_1.30.24_LL3f_mi,14
32,171,141,215,692,343,349,0,1,4,p_1.30.24_LL3f_mi,14
33,170,138,219,681,316,365,0,1,4,p_1.30.24_LL3f_mi,14
34,176,136,222,674,314,360,0,1,4,p_1.30.24_LL3f_mi,14
35,177,133,224,663,323,340,0,1,4,p_1.30.24_LL3f_mi,14
36,177,137,226,659,318,341,0,1,4,p_1.30.24_LL3f_mi,14
37,179,140,227,654,339,315,0,1,4,p_1.30.24_LL3f_mi,14
38,180,140,223,665,342,323,0,1,4,p_1.30.24_LL3f_mi,14
39,186,139,237,622,315,307,0,1,4,p_1.30.24_LL3f_mi,14
40,176,139,227,655,328,327,0,1,4,p_1.30.24_LL3f_mi,14
41,166,128,217,683,350,333,0,1,4,p_1.30.24_LL3f_mi,14
42,178,136,218,686,345,341,0,1,4,p_1.30.24_LL3f_mi,14
43,172,133,224,662,336,326,0,1,4,p_1.30.24_LL3f_mi,14
44,183,135,228,657,340,317,0,1,4,p_1.30.24_LL3f_mi,14
45,165,125,224,664,364,300,0,1,4,p_1.30.24_LL3f_mi,14
46,174,132,233,633,350,283,0,1,4,p_1.30.24_LL3f_mi,14
47,183,132,227,656,363,293,0,1,4,p_1.30.24_LL3f_mi,14
48,169,130,218,675,359,316,0,1,4,p_1.30.24_LL3f_mi,14
49,178,131,224,657,358,299,0,1,4,p_1.30.24_LL3f_mi,14
50,176,132,226,658,344,314,0,1,4,p_1.30.24_LL3f_mi,14
51,161,127,207,714,355,359,0,1,4,p_1.30.24_LL3f_mi,14
52,167,133,224,669,323,346,0,1,4,p_1.30.24_LL3f_mi,14
53,182,150,230,654,297,357,0,1,4,p_1.30.24_LL3f_mi,14
54,179,141,227,655,292,363,0,1,4,p_1.30.24_LL3f_mi,14
55,181,137,232,637,294,343,0,1,4,p_1.30.24_LL3f_mi,14
56,173,142,229,644,286,358,0,1,4,p_1.30.24_LL3f_mi,14
57,171,138,225,668,320,348,0,1,4,p_1.30.24_LL3f_mi,14
58,171,140,224,665,327,338,0,1,4,p_1.30.24_LL3f_mi,14
59,170,143,224,663,323,340,0,1,4,p_1.30.24_LL3f_mi,14
60,168,132,220,672,337,335,0,1,4,p_1.30.24_LL3f_mi,14
61,172,134,223,666,339,327,0,1,4,p_1.30.24_LL3f_mi,14
62,178,138,221,665,338,327,0,1,4,p_1.30.24_LL3f_mi,14
63,182,141,234,635,333,302,0,1,4,p_1.30.24_LL3f_mi,14
64,172,138,223,667,351,316,0,1,4,p_1.30.24_LL3f_mi,14
65,172,129,223,668,354,314,0,1,4,p_1.30.24_LL3f_mi,14
66,174,138,220,675,341,334,0,1,4,p_1.30.24_LL3f_mi,14
67,175,133,227,661,336,325,0,1,4,p_1.30.24_LL3f_mi,14
68,167,134,214,688,341,347,0,1,4,p_1.30.24_LL3f_mi,14
69,171,138,227,655,325,330,0,1,4,p_1.30.24_LL3f_mi,14
70,187,139,232,637,304,333,0,1,4,p_1.30.24_LL3f_mi,14
71,190,135,231,639,327,312,0,1,4,p_1.30.24_LL3f_mi,14
72,177,135,224,664,332,332,0,1,4,p_1.30.24_LL3f_mi,14
73,175,141,221,675,321,354,0,1,4,p_1.30.24_LL3f_mi,14
74,176,140,219,678,336,342,0,1,4,p_1.30.24_LL3f_mi,14
75,176,138,227,656,326,330,0,1,4,p_1.30.24_LL3f_mi,14
76,154,127,202,719,366,353,0,1,4,p_1.30.24_LL3f_mi,14
77,165,132,218,678,358,320,0,1,4,p_1.30.24_LL3f_mi,14
78,180,134,227,655,335,320,0,1,4,p_1.30.24_LL3f_mi,14
79,179,133,228,652,319,333,0,1,4,p_1.30.24_LL3f_mi,14
80,165,134,219,681,344,337,0,1,4,p_1.30.24_LL3f_mi,14
81,174,139,221,674,336,338,0,1,4,p_1.30.24_LL3f_mi,14
82,178,139,218,680,340,340,0,1,4,p_1.30.24_LL3f_mi,14
83,175,137,224,659,336,323,0,1,4,p_1.30.24_LL3f_mi,14
84,172,133,221,667,334,333,0,1,4,p_1.30.24_LL3f_mi,14
85,181,142,231,647,309,338,0,1,4,p_1.30.24_LL3f_mi,14
86,182,144,231,645,321,324,0,1,4,p_1.30.24_LL3f_mi,14
87,170,134,221,675,346,329,0,1,4,p_1.30.24_LL3f_mi,14
88,170,132,220,674,343,331,0,1,4,p_1.30.24_LL3f_mi,14
89,175,140,220,675,327,348,0,1,4,p_1.30.24_LL3f_mi,14
90,178,134,226,660,332,328,0,1,4,p_1.30.24_LL3f_mi,14
91,183,135,230,647,323,324,0,1,4,p_1.30.24_LL3f_mi,14
92,172,141,228,651,298,353,0,1,4,p_1.30.24_LL3f_mi,14
93,164,132,219,676,328,348,0,1,4,p_1.30.24_LL3f_mi,14
94,176,136,222,670,315,355,0,1,4,p_1.30.24_LL3f_mi,14
95,177,136,228,648,315,333,0,1,4,p_1.30.24_LL3f_mi,14
96,171,132,220,679,326,353,0,1,4,p_1.30.24_LL3f_mi,14
97,168,128,220,672,341,331,0,1,4,p_1.30.24_LL3f_mi,14
98,175,139,222,671,350,321,0,1,4,p_1.30.24_LL3f_mi,14
99,179,129,226,658,330,328,0,1,4,p_1.30.24_LL3f_mi,14
100,151,127,194,653,335,318,0,1,4,p_1.30.24_LL3f_mi,14
101,109,96,138,690,344,346,0,1,4,p_1.30.24_LL3f_mi,14
102,124,101,153,585,283,302,0,1,4,p_1.30.24_LL3f_mi,14
103,111,93,143,528,271,257,0,1,4,p_1.30.24_LL3f_mi,14
104,107,86,132,467,226,241,0,1,4,p_1.30.24_LL3f_mi,14
105,91,78,110,430,213,217,0,1,4,p_1.30.24_LL3f_mi,14
106,73,63,92,389,201,188,0,1,4,p_1.30.24_LL3f_mi,14
107,63,54,81,332,167,165,0,1,4,p_1.30.24_LL3f_mi,14
108,45,41,59,298,145,153,0,1,4,p_1.30.24_LL3f_mi,14
109,33,28,38,257,117,140,0,1,4,p_1.30.24_LL3f_mi,14
110,25,24,33,203,88,115,0,1,4,p_1.30.24_LL3f_mi,14
111,30,24,38,166,73,93,0,1,4,p_1.30.24_LL3f_mi,14
112,30,24,37,149,70,79,0,1,4,p_1.30.24_LL3f_mi,14
113,28,23,35,116,51,65,0,1,4,p_1.30.24_LL3f_mi,14
114,25,23,35,110,52,58,0,1,4,p_1.30.24_LL3f_mi,14
115,30,22,36,115,60,55,0,1,4,p_1.30.24_LL3f_mi,14
116,25,18,35,109,63,46,0,1,4,p_1.30.24_LL3f_mi,14
117,25,16,31,103,58,45,0,1,4,p_1.30.24_LL3f_mi,14
118,25,17,33,99,62,37,0,1,4,p_1.30.24_LL3f_mi,14
119,26,19,32,93,54,39,0,1,4,p_1.30.24_LL3f_mi,14
120,24,17,33,100,51,49,0,1,4,p_1.30.24_LL3f_mi,14
121,24,19,35,106,50,56,0,1,4,p_1.30.24_LL3f_mi,14
122,28,22,34,92,46,46,0,1,4,p_1.30.24_LL3f_mi,14
123,25,21,32,99,49,50,0,1,4,p_1.30.24_LL3f_mi,14
124,25,19,32,92,47,45,0,1,4,p_1.30.24_LL3f_mi,14
125,24,16,35,104,64,40,19,1,4,p_1.30.24_LL3f_mi,14
126,26,20,34,102,51,51,7,1,4,p_1.30.24_LL3f_mi,14
127,27,22,35,103,45,58,4,1,4,p_1.30.24_LL3f_mi,14
128,25,21,34,106,50,56,2,1,4,p_1.30.24_LL3f_mi,14
129,28,23,36,114,56,58,2,1,4,p_1.30.24_LL3f_mi,14
130,29,22,34,100,57,43,0,1,4,p_1.30.24_LL3f_mi,14
131,24,21,32,96,54,42,0,1,4,p_1.30.24_LL3f_mi,14
132,23,19,32,95,49,46,0,1,4,p_1.30.24_LL3f_mi,14
133,26,20,33,94,46,48,0,1,4,p_1.30.24_LL3f_mi,14
134,24,20,30,91,47,44,0,1,4,p_1.30.24_LL3f_mi,14
135,28,21,34,97,53,44,0,1,4,p_1.30.24_LL3f_mi,14
136,26,19,34,99,53,46,0,1,4,p_1.30.24_LL3f_mi,14
137,26,20,36,112,55,57,0,1,4,p_1.30.24_LL3f_mi,14
138,26,18,35,118,62,56,0,1,4,p_1.30.24_LL3f_mi,14
139,25,18,31,107,53,54,0,1,4,p_1.30.24_LL3f_mi,14
140,30,25,37,121,61,60,14,1,4,p_1.30.24_LL3f_mi,14
141,28,20,34,118,57,61,9,1,4,p_1.30.24_LL3f_mi,14
142,29,22,36,112,52,60,9,1,4,p_1.30.24_LL3f_mi,14
143,29,22,36,109,53,56,5,1,4,p_1.30.24_LL3f_mi,14
144,29,24,35,119,59,60,2,1,4,p_1.30.24_LL3f_mi,14
145,30,25,35,110,55,55,0,1,4,p_1.30.24_LL3f_mi,14
146,26,18,34,112,55,57,0,1,4,p_1.30.24_LL3f_mi,14
147,27,20,35,106,58,48,0,1,4,p_1.30.24_LL3f_mi,14
148,28,21,34,111,59,52,0,1,4,p_1.30.24_LL3f_mi,14
149,26,20,35,105,49,56,0,1,4,p_1.30.24_LL3f_mi,14
150,25,21,33,91,45,46,0,1,4,p_1.30.24_LL3f_mi,14
151,54,32,76,105,55,50,0,1,4,p_1.30.24_LL3f_mi,14
152,72,45,98,147,83,64,0,1,4,p_1.30.24_LL3f_mi,14
153,90,53,120,193,105,88,0,1,4,p_1.30.24_LL3f_mi,14
154,113,80,142,252,142,110,0,1,4,p_1.30.24_LL3f_mi,14
155,124,87,159,356,189,167,16,1,4,p_1.30.24_LL3f_mi,14
156,136,102,178,405,206,199,12,1,4,p_1.30.24_LL3f_mi,14
157,148,107,191,467,236,231,5,1,4,p_1.30.24_LL3f_mi,14
158,165,118,210,503,253,250,5,1,4,p_1.30.24_LL3f_mi,14
159,168,125,225,555,280,275,0,1,4,p_1.30.24_LL3f_mi,14
160,194,143,245,586,291,295,0,1,4,p_1.30.24_LL3f_mi,14
161,178,135,233,626,315,311,0,1,4,p_1.30.24_LL3f_mi,14
162,179,135,221,671,344,327,0,1,4,p_1.30.24_LL3f_mi,14
163,171,132,216,687,354,333,0,1,4,p_1.30.24_LL3f_mi,14
164,176,135,223,667,329,338,0,1,4,p_1.30.24_LL3f_mi,14
165,180,135,232,633,318,315,0,1,4,p_1.30.24_LL3f_mi,14
166,174,129,226,658,314,344,0,1,4,p_1.30.24_LL3f_mi,14
167,170,134,226,651,312,339,0,1,4,p_1.30.24_LL3f_mi,14
168,183,142,232,641,316,325,0,1,4,p_1.30.24_LL3f_mi,14
169,169,134,221,668,344,324,0,1,4,p_1.30.24_LL3f_mi,14
170,171,136,211,692,370,322,16,1,4,p_1.30.24_LL3f_mi,14
171,163,126,223,674,352,322,11,1,4,p_1.30.24_LL3f_mi,14
172,178,139,226,654,343,311,8,1,4,p_1.30.24_LL3f_mi,14
173,175,135,228,651,329,322,3,1,4,p_1.30.24_LL3f_mi,14
174,185,139,230,648,327,321,1,1,4,p_1.30.24_LL3f_mi,14
175,175,138,228,654,324,330,0,1,4,p_1.30.24_LL3f_mi,14
176,156,126,202,719,362,357,0,1,4,p_1.30.24_LL3f_mi,14
177,162,128,203,719,352,367,0,1,4,p_1.30.24_LL3f_mi,14
178,170,137,224,659,327,332,0,1,4,p_1.30.24_LL3f_mi,14
179,188,140,232,640,323,317,0,1,4,p_1.30.24_LL3f_mi,14
180,179,141,225,661,326,335,0,1,4,p_1.30.24_LL3f_mi,14
181,170,132,223,664,327,337,0,1,4,p_1.30.24_LL3f_mi,14
182,181,133,230,646,331,315,0,1,4,p_1.30.24_LL3f_mi,14
183,183,136,229,650,332,318,0,1,4,p_1.30.24_LL3f_mi,14
184,173,126,225,663,338,325,0,1,4,p_1.30.24_LL3f_mi,14
185,171,130,218,684,352,332,0,1,4,p_1.30.24_LL3f_mi,14
186,169,137,227,654,337,317,0,1,4,p_1.30.24_LL3f_mi,14
187,175,128,223,665,329,336,0,1,4,p_1.30.24_LL3f_mi,14
188,168,129,220,677,333,344,0,1,4,p_1.30.24_LL3f_mi,14
189,174,131,225,663,336,327,0,1,4,p_1.30.24_LL3f_mi,14
190,166,139,219,678,325,353,0,1,4,p_1.30.24_LL3f_mi,14
191,169,138,221,669,327,342,0,1,4,p_1.30.24_LL3f_mi,14
192,178,136,223,670,336,334,0,1,4,p_1.30.24_LL3f_mi,14
193,173,129,226,663,365,298,0,1,4,p_1.30.24_LL3f_mi,14
194,180,139,235,630,333,297,0,1,4,p_1.30.24_LL3f_mi,14
195,180,134,233,641,323,318,0,1,4,p_1.30.24_LL3f_mi,14
196,172,139,223,666,317,349,0,1,4,p_1.30.24_LL3f_mi,14
197,159,132,214,686,334,352,0,1,4,p_1.30.24_LL3f_mi,14
198,173,136,226,663,320,343,0,1,4,p_1.30.24_LL3f_mi,14
199,181,135,225,668,310,358,0,1,4,p_1.30.24_LL3f_mi,14
200,171,136,223,668,312,356,0,1,4,p_1.30.24_LL3f_mi,14
201,158,130,208,708,323,385,0,1,4,p_1.30.24_LL3f_mi,14
202,184,146,232,642,312,330,0,1,4,p_1.30.24_LL3f_mi,14
203,178,133,228,652,315,337,0,1,4,p_1.30.24_LL3f_mi,14
204,177,143,220,671,333,338,0,1,4,p_1.30.24_LL3f_mi,14
205,174,136,221,675,338,337,0,1,4,p_1.30.24_LL3f_mi,14
206,178,142,226,668,335,333,0,1,4,p_1.30.24_LL3f_mi,14
207,175,131,226,661,321,340,0,1,4,p_1.30.24_LL3f_mi,14
208,174,135,226,651,325,326,0,1,4,p_1.30.24_LL3f_mi,14
209,173,137,224,662,313,349,0,1,4,p_1.30.24_LL3f_mi,14
210,173,144,224,661,308,353,0,1,4,p_1.30.24_LL3f_mi,14
211,167,135,221,676,317,359,0,1,4,p_1.30.24_LL3f_mi,14
212,171,136,220,675,326,349,0,1,4,p_1.30.24_LL3f_mi,14
213,183,133,232,640,313,327,0,1,4,p_1.30.24_LL3f_mi,14
214,173,128,217,688,340,348,0,1,4,p_1.30.24_LL3f_mi,14
215,169,133,223,671,326,345,0,1,4,p_1.30.24_LL3f_mi,14
216,168,131,215,693,326,367,0,1,4,p_1.30.24_LL3f_mi,14
217,174,148,228,649,303,346,0,1,4,p_1.30.24_LL3f_mi,14
218,172,133,226,658,312,346,0,1,4,p_1.30.24_LL3f_mi,14
219,175,138,224,665,303,362,0,1,4,p_1.30.24_LL3f_mi,14
220,163,133,221,673,319,354,0,1,4,p_1.30.24_LL3f_mi,14
221,171,140,222,674,310,364,0,1,4,p_1.30.24_LL3f_mi,14
222,172,135,223,675,306,369,0,1,4,p_1.30.24_LL3f_mi,14
223,165,130,220,682,321,361,0,1,4,p_1.30.24_LL3f_mi,14
224,174,141,222,667,309,358,0,1,4,p_1.30.24_LL3f_mi,14
225,175,147,227,657,296,361,0,1,4,p_1.30.24_LL3f_mi,14
226,170,130,216,684,311,373,0,1,4,p_1.30.24_LL3f_mi,14
227,170,140,224,668,310,358,0,1,4,p_1.30.24_LL3f_mi,14
228,178,138,231,638,309,329,0,1,4,p_1.30.24_LL3f_mi,14
229,174,137,223,673,320,353,0,1,4,p_1.30.24_LL3f_mi,14
230,172,135,216,690,332,358,0,1,4,p_1.30.24_LL3f_mi,14
231,174,133,222,670,317,353,0,1,4,p_1.30.24_LL3f_mi,14
232,175,137,222,665,317,348,0,1,4,p_1.30.24_LL3f_mi,14
233,171,137,223,666,302,364,0,1,4,p_1.30.24_LL3f_mi,14
234,183,144,227,655,315,340,0,1,4,p_1.30.24_LL3f_mi,14
235,174,139,223,669,325,344,0,1,4,p_1.30.24_LL3f_mi,14
236,180,138,234,630,318,312,0,1,4,p_1.30.24_LL3f_mi,14
237,175,137,226,659,341,318,0,1,4,p_1.30.24_LL3f_mi,14
238,173,135,222,663,328,335,0,1,4,p_1.30.24_LL3f_mi,14
239,179,144,229,646,316,330,0,1,4,p_1.30.24_LL3f_mi,14
240,177,136,226,655,333,322,0,1,4,p_1.30.24_LL3f_mi,14
241,172,135,221,675,332,343,0,1,4,p_1.30.24_LL3f_mi,14
242,168,134,217,681,335,346,0,1,4,p_1.30.24_LL3f_mi,14
243,173,136,226,662,335,327,0,1,4,p_1.30.24_LL3f_mi,14
244,178,139,223,666,345,321,0,1,4,p_1.30.24_LL3f_mi,14
245,160,121,220,672,331,341,0,1,4,p_1.30.24_LL3f_mi,14
246,170,134,221,671,319,352,0,1,4,p_1.30.24_LL3f_mi,14
247,164,130,223,668,322,346,0,1,4,p_1.30.24_LL3f_mi,14
248,170,127,221,672,330,342,0,1,4,p_1.30.24_LL3f_mi,14
249,174,141,230,650,300,350,0,1,4,p_1.30.24_LL3f_mi,14
250,173,131,225,661,301,360,0,1,4,p_1.30.24_LL3f_mi,14
251,165,130,207,711,353,358,0,1,4,p_1.30.24_LL3f_mi,14
252,164,133,219,682,335,347,0,1,4,p_1.30.24_LL3f_mi,14
253,171,134,226,670,326,344,0,1,4,p_1.30.24_LL3f_mi,14
254,181,142,231,644,311,333,0,1,4,p_1.30.24_LL3f_mi,14
255,181,148,225,662,334,328,0,1,4,p_1.30.24_LL3f_mi,14
256,173,130,226,662,328,334,0,1,4,p_1.30.24_LL3f_mi,14
257,175,132,228,658,322,336,0,1,4,p_1.30.24_LL3f_mi,14
258,179,142,223,670,331,339,0,1,4,p_1.30.24_LL3f_mi,14
259,175,127,224,665,336,329,0,1,4,p_1.30.24_LL3f_mi,14
260,175,134,223,666,344,322,0,1,4,p_1.30.24_LL3f_mi,14
261,175,133,216,684,332,352,0,1,4,p_1.30.24_LL3f_mi,14
262,172,142,222,666,326,340,0,1,4,p_1.30.24_LL3f_mi,14
263,173,134,225,668,329,339,0,1,4,p_1.30.24_LL3f_mi,14
264,175,135,222,675,330,345,0,1,4,p_1.30.24_LL3f_mi,14
265,177,136,225,663,345,318,0,1,4,p_1.30.24_LL3f_mi,14
266,167,131,227,651,340,311,0,1,4,p_1.30.24_LL3f_mi,14
267,171,134,225,660,347,313,0,1,4,p_1.30.24_LL3f_mi,14
268,182,139,228,650,338,312,0,1,4,p_1.30.24_LL3f_mi,14
269,178,139,227,654,334,320,0,1,4,p_1.30.24_LL3f_mi,14
270,184,141,232,644,322,322,0,1,4,p_1.30.24_LL3f_mi,14
271,173,143,219,688,343,345,0,1,4,p_1.30.24_LL3f_mi,14
272,173,133,219,677,325,352,0,1,4,p_1.30.24_LL3f_mi,14
273,172,133,220,674,320,354,0,1,4,p_1.30.24_LL3f_mi,14
274,179,138,228,655,335,320,0,1,4,p_1.30.24_LL3f_mi,14
275,183,136,233,628,316,312,0,1,4,p_1.30.24_LL3f_mi,14
276,167,130,211,700,357,343,0,1,4,p_1.30.24_LL3f_mi,14
277,174,139,226,657,333,324,0,1,4,p_1.30.24_LL3f_mi,14
278,164,125,215,686,351,335,0,1,4,p_1.30.24_LL3f_mi,14
279,173,123,221,670,350,320,0,1,4,p_1.30.24_LL3f_mi,14
280,177,133,224,665,350,315,0,1,4,p_1.30.24_LL3f_mi,14
281,174,136,222,672,346,326,0,1,4,p_1.30.24_LL3f_mi,14
282,172,133,218,675,347,328,0,1,4,p_1.30.24_LL3f_mi,14
283,172,125,225,659,324,335,0,1,4,p_1.30.24_LL3f_mi,14
284,169,136,222,676,324,352,0,1,4,p_1.30.24_LL3f_mi,14
285,182,146,231,650,305,345,0,1,4,p_1.30.24_LL3f_mi,14
286,180,142,226,654,310,344,0,1,4,p_1.30.24_LL3f_mi,14
287,171,132,221,677,322,355,0,1,4,p_1.30.24_LL3f_mi,14
288,168,137,219,679,321,358,0,1,4,p_1.30.24_LL3f_mi,14
289,177,139,224,663,322,341,0,1,4,p_1.30.24_LL3f_mi,14
290,177,140,225,668,296,372,0,1,4,p_1.30.24_LL3f_mi,14
291,179,143,225,664,296,368,0,1,4,p_1.30.24_LL3f_mi,14
292,173,139,224,665,306,359,0,1,4,p_1.30.24_LL3f_mi,14
293,171,133,225,665,307,358,0,1,4,p_1.30.24_LL3f_mi,14
294,175,140,228,652,318,334,0,1,4,p_1.30.24_LL3f_mi,14
295,174,143,224,665,335,330,0,1,4,p_1.30.24_LL3f_mi,14
296,180,144,229,651,333,318,0,1,4,p_1.30.24_LL3f_mi,14
297,179,143,225,664,335,329,0,1,4,p_1.30.24_LL3f_mi,14
298,174,127,225,662,353,309,0,1,4,p_1.30.24_LL3f_mi,14
299,177,134,225,657,337,320,0,1,4,p_1.30.24_LL3f_mi,14
300,172,138,225,659,327,332,0,1,4,p_1.30.24_LL3f_mi,14
301,163,122,207,718,358,360,0,1,4,p_1.30.24_LL3f_mi,14
302,175,130,228,656,345,311,0,1,4,p_1.30.24_LL3f_mi,14
303,177,131,230,650,339,311,0,1,4,p_1.30.24_LL3f_mi,14
304,162,123,213,691,366,325,0,1,4,p_1.30.24_LL3f_mi,14
305,179,131,228,659,350,309,0,1,4,p_1.30.24_LL3f_mi,14
306,174,140,219,675,347,328,0,1,4,p_1.30.24_LL3f_mi,14
307,164,136,222,674,342,332,0,1,4,p_1.30.24_LL3f_mi,14
308,171,129,227,654,335,319,0,1,4,p_1.30.24_LL3f_mi,14
309,169,135,223,667,331,336,0,1,4,p_1.30.24_LL3f_mi,14
310,181,141,227,653,317,336,0,1,4,p_1.30.24_LL3f_mi,14
311,175,144,223,674,320,354,0,1,4,p_1.30.24_LL3f_mi,14
312,174,150,225,655,312,343,0,1,4,p_1.30.24_LL3f_mi,14
313,180,141,224,663,305,358,0,1,4,p_1.30.24_LL3f_mi,14
314,165,129,221,665,308,357,0,1,4,p_1.30.24_LL3f_mi,14
315,170,129,223,666,314,352,0,1,4,p_1.30.24_LL3f_mi,14
316,181,133,230,648,320,328,0,1,4,p_1.30.24_LL3f_mi,14
317,175,142,223,675,333,342,0,1,4,p_1.30.24_LL3f_mi,14
318,172,124,227,652,327,325,0,1,4,p_1.30.24_LL3f_mi,14
319,179,140,226,650,323,327,0,1,4,p_1.30.24_LL3f_mi,14
320,170,139,225,662,341,321,0,1,4,p_1.30.24_LL3f_mi,14
321,173,137,216,685,360,325,0,1,4,p_1.30.24_LL3f_mi,14
322,174,132,226,651,329,322,0,1,4,p_1.30.24_LL3f_mi,14
323,168,132,228,658,326,332,0,1,4,p_1.30.24_LL3f_mi,14
324,173,142,220,681,334,347,0,1,4,p_1.30.24_LL3f_mi,14
325,173,142,224,663,325,338,0,1,4,p_1.30.24_LL3f_mi,14
326,168,135,213,700,346,354,0,1,4,p_1.30.24_LL3f_mi,14
327,174,132,227,653,325,328,0,1,4,p_1.30.24_LL3f_mi,14
328,178,132,225,656,329,327,0,1,4,p_1.30.24_LL3f_mi,14
329,170,133,226,657,343,314,0,1,4,p_1.30.24_LL3f_mi,14
330,173,129,221,668,349,319,0,1,4,p_1.30.24_LL3f_mi,14
331,175,134,227,654,338,316,0,1,4,p_1.30.24_LL3f_mi,14
332,175,137,228,653,319,334,0,1,4,p_1.30.24_LL3f_mi,14
333,168,144,219,674,336,338,0,1,4,p_1.30.24_LL3f_mi,14
334,181,130,225,665,337,328,0,1,4,p_1.30.24_LL3f_mi,14
335,175,126,223,666,341,325,0,1,4,p_1.30.24_LL3f_mi,14
336,171,137,215,691,336,355,0,1,4,p_1.30.24_LL3f_mi,14
337,170,139,221,690,337,353,0,1,4,p_1.30.24_LL3f_mi,14
338,178,135,229,646,314,332,0,1,4,p_1.30.24_LL3f_mi,14
339,168,133,226,655,312,343,0,1,4,p_1.30.24_LL3f_mi,14
340,173,137,223,662,331,331,0,1,4,p_1.30.24_LL3f_mi,14
341,174,144,226,663,342,321,0,1,4,p_1.30.24_LL3f_mi,14
342,174,138,224,663,322,341,0,1,4,p_1.30.24_LL3f_mi,14
343,168,132,221,671,333,338,0,1,4,p_1.30.24_LL3f_mi,14
344,176,137,230,639,331,308,0,1,4,p_1.30.24_LL3f_mi,14
345,170,141,221,663,324,339,0,1,4,p_1.30.24_LL3f_mi,14
346,177,132,220,679,343,336,0,1,4,p_1.30.24_LL3f_mi,14
347,174,126,220,673,348,325,0,1,4,p_1.30.24_LL3f_mi,14
348,178,138,224,667,341,326,0,1,4,p_1.30.24_LL3f_mi,14
349,168,131,219,677,345,332,0,1,4,p_1.30.24_LL3f_mi,14
350,179,134,228,650,340,310,0,1,4,p_1.30.24_LL3f_mi,14
1,7,7,10,621,302,319,0,1,5,p_1.30.24_LL3f_mi,14
2,100,87,125,853,432,421,0,1,5,p_1.30.24_LL3f_mi,14
3,138,115,180,766,382,384,0,1,5,p_1.30.24_LL3f_mi,14
4,160,132,205,713,359,354,0,1,5,p_1.30.24_LL3f_mi,14
5,174,135,227,652,322,330,0,1,5,p_1.30.24_LL3f_mi,14
6,185,143,231,644,297,347,0,1,5,p_1.30.24_LL3f_mi,14
7,180,151,222,666,290,376,0,1,5,p_1.30.24_LL3f_mi,14
8,173,137,220,670,296,374,0,1,5,p_1.30.24_LL3f_mi,14
9,174,141,224,661,296,365,0,1,5,p_1.30.24_LL3f_mi,14
10,172,128,224,659,306,353,0,1,5,p_1.30.24_LL3f_mi,14
11,174,145,223,667,308,359,0,1,5,p_1.30.24_LL3f_mi,14
12,179,142,228,653,311,342,0,1,5,p_1.30.24_LL3f_mi,14
13,167,136,216,684,345,339,0,1,5,p_1.30.24_LL3f_mi,14
14,175,138,224,665,342,323,0,1,5,p_1.30.24_LL3f_mi,14
15,179,129,228,654,330,324,0,1,5,p_1.30.24_LL3f_mi,14
16,165,133,217,689,343,346,0,1,5,p_1.30.24_LL3f_mi,14
17,179,126,225,661,339,322,0,1,5,p_1.30.24_LL3f_mi,14
18,183,143,234,637,309,328,0,1,5,p_1.30.24_LL3f_mi,14
19,175,140,228,659,331,328,0,1,5,p_1.30.24_LL3f_mi,14
20,167,139,216,688,346,342,0,1,5,p_1.30.24_LL3f_mi,14
21,180,144,223,669,343,326,0,1,5,p_1.30.24_LL3f_mi,14
22,172,137,221,676,342,334,0,1,5,p_1.30.24_LL3f_mi,14
23,180,140,225,662,344,318,0,1,5,p_1.30.24_LL3f_mi,14
24,177,125,232,648,340,308,0,1,5,p_1.30.24_LL3f_mi,14
25,170,118,222,666,349,317,0,1,5,p_1.30.24_LL3f_mi,14
26,155,125,202,720,354,366,0,1,5,p_1.30.24_LL3f_mi,14
27,169,139,219,678,326,352,0,1,5,p_1.30.24_LL3f_mi,14
28,173,132,227,652,317,335,0,1,5,p_1.30.24_LL3f_mi,14
29,173,135,224,669,326,343,0,1,5,p_1.30.24_LL3f_mi,14
30,176,133,219,684,364,320,0,1,5,p_1.30.24_LL3f_mi,14
31,171,125,230,634,340,294,0,1,5,p_1.30.24_LL3f_mi,14
32,179,136,227,656,334,322,0,1,5,p_1.30.24_LL3f_mi,14
33,178,140,220,677,337,340,0,1,5,p_1.30.24_LL3f_mi,14
34,174,138,221,674,326,348,0,1,5,p_1.30.24_LL3f_mi,14
35,166,138,218,687,314,373,0,1,5,p_1.30.24_LL3f_mi,14
36,178,136,230,650,305,345,0,1,5,p_1.30.24_LL3f_mi,14
37,181,142,226,666,317,349,0,1,5,p_1.30.24_LL3f_mi,14
38,166,133,222,671,341,330,0,1,5,p_1.30.24_LL3f_mi,14
39,178,133,224,665,336,329,0,1,5,p_1.30.24_LL3f_mi,14
40,176,138,224,662,336,326,0,1,5,p_1.30.24_LL3f_mi,14
41,181,139,227,656,330,326,0,1,5,p_1.30.24_LL3f_mi,14
42,175,132,225,666,342,324,0,1,5,p_1.30.24_LL3f_mi,14
43,176,135,228,656,331,325,0,1,5,p_1.30.24_LL3f_mi,14
44,179,139,226,661,323,338,0,1,5,p_1.30.24_LL3f_mi,14
45,179,135,230,648,329,319,0,1,5,p_1.30.24_LL3f_mi,14
46,166,133,220,671,341,330,0,1,5,p_1.30.24_LL3f_mi,14
47,173,125,229,644,322,322,0,1,5,p_1.30.24_LL3f_mi,14
48,176,135,221,669,342,327,0,1,5,p_1.30.24_LL3f_mi,14
49,185,136,230,645,320,325,0,1,5,p_1.30.24_LL3f_mi,14
50,181,134,226,654,340,314,0,1,5,p_1.30.24_LL3f_mi,14
51,171,140,213,694,364,330,0,1,5,p_1.30.24_LL3f_mi,14
52,170,125,228,645,344,301,0,1,5,p_1.30.24_LL3f_mi,14
53,172,135,223,667,349,318,0,1,5,p_1.30.24_LL3f_mi,14
54,167,129,219,678,354,324,0,1,5,p_1.30.24_LL3f_mi,14
55,179,132,224,658,344,314,0,1,5,p_1.30.24_LL3f_mi,14
56,177,133,220,684,359,325,0,1,5,p_1.30.24_LL3f_mi,14
57,167,131,221,669,361,308,0,1,5,p_1.30.24_LL3f_mi,14
58,175,134,225,662,358,304,0,1,5,p_1.30.24_LL3f_mi,14
59,170,129,228,653,347,306,0,1,5,p_1.30.24_LL3f_mi,14
60,171,133,225,666,348,318,0,1,5,p_1.30.24_LL3f_mi,14
61,175,130,222,672,346,326,0,1,5,p_1.30.24_LL3f_mi,14
62,180,133,234,636,336,300,0,1,5,p_1.30.24_LL3f_mi,14
63,176,130,220,667,357,310,0,1,5,p_1.30.24_LL3f_mi,14
64,182,136,232,637,334,303,0,1,5,p_1.30.24_LL3f_mi,14
65,169,135,221,672,325,347,0,1,5,p_1.30.24_LL3f_mi,14
66,180,143,222,673,335,338,0,1,5,p_1.30.24_LL3f_mi,14
67,166,137,216,683,337,346,0,1,5,p_1.30.24_LL3f_mi,14
68,176,139,224,661,327,334,0,1,5,p_1.30.24_LL3f_mi,14
69,178,137,226,660,331,329,0,1,5,p_1.30.24_LL3f_mi,14
70,169,134,218,686,353,333,0,1,5,p_1.30.24_LL3f_mi,14
71,178,134,221,668,354,314,0,1,5,p_1.30.24_LL3f_mi,14
72,174,134,224,664,356,308,0,1,5,p_1.30.24_LL3f_mi,14
73,178,132,226,659,347,312,0,1,5,p_1.30.24_LL3f_mi,14
74,170,128,217,683,351,332,0,1,5,p_1.30.24_LL3f_mi,14
75,167,128,221,667,337,330,0,1,5,p_1.30.24_LL3f_mi,14
76,157,123,204,718,362,356,0,1,5,p_1.30.24_LL3f_mi,14
77,173,132,223,664,316,348,0,1,5,p_1.30.24_LL3f_mi,14
78,181,143,233,635,311,324,0,1,5,p_1.30.24_LL3f_mi,14
79,177,136,222,673,336,337,0,1,5,p_1.30.24_LL3f_mi,14
80,179,133,230,652,328,324,0,1,5,p_1.30.24_LL3f_mi,14
81,181,139,220,675,325,350,0,1,5,p_1.30.24_LL3f_mi,14
82,160,127,208,703,343,360,0,1,5,p_1.30.24_LL3f_mi,14
83,176,140,225,658,309,349,0,1,5,p_1.30.24_LL3f_mi,14
84,174,139,220,676,314,362,0,1,5,p_1.30.24_LL3f_mi,14
85,176,132,223,668,311,357,0,1,5,p_1.30.24_LL3f_mi,14
86,172,139,222,671,324,347,0,1,5,p_1.30.24_LL3f_mi,14
87,182,137,222,672,342,330,0,1,5,p_1.30.24_LL3f_mi,14
88,177,134,223,671,345,326,0,1,5,p_1.30.24_LL3f_mi,14
89,173,136,224,663,344,319,0,1,5,p_1.30.24_LL3f_mi,14
90,184,140,232,638,318,320,0,1,5,p_1.30.24_LL3f_mi,14
91,171,129,225,661,322,339,0,1,5,p_1.30.24_LL3f_mi,14
92,179,145,224,665,333,332,0,1,5,p_1.30.24_LL3f_mi,14
93,165,134,220,676,343,333,0,1,5,p_1.30.24_LL3f_mi,14
94,178,138,223,670,325,345,0,1,5,p_1.30.24_LL3f_mi,14
95,173,138,220,676,319,357,0,1,5,p_1.30.24_LL3f_mi,14
96,174,135,224,666,322,344,0,1,5,p_1.30.24_LL3f_mi,14
97,183,146,233,643,307,336,0,1,5,p_1.30.24_LL3f_mi,14
98,176,145,222,670,309,361,0,1,5,p_1.30.24_LL3f_mi,14
99,169,138,221,671,324,347,0,1,5,p_1.30.24_LL3f_mi,14
100,149,117,188,672,327,345,0,1,5,p_1.30.24_LL3f_mi,14
101,112,93,142,684,335,349,0,1,5,p_1.30.24_LL3f_mi,14
102,123,105,157,575,284,291,0,1,5,p_1.30.24_LL3f_mi,14
103,114,91,145,519,256,263,0,1,5,p_1.30.24_LL3f_mi,14
104,88,70,111,509,255,254,0,1,5,p_1.30.24_LL3f_mi,14
105,81,69,103,447,229,218,0,1,5,p_1.30.24_LL3f_mi,14
106,75,61,97,382,193,189,0,1,5,p_1.30.24_LL3f_mi,14
107,57,49,73,350,184,166,0,1,5,p_1.30.24_LL3f_mi,14
108,44,37,55,300,159,141,0,1,5,p_1.30.24_LL3f_mi,14
109,32,29,40,250,131,119,0,1,5,p_1.30.24_LL3f_mi,14
110,27,20,35,204,109,95,0,1,5,p_1.30.24_LL3f_mi,14
111,28,23,38,166,85,81,0,1,5,p_1.30.24_LL3f_mi,14
112,28,24,37,150,73,77,0,1,5,p_1.30.24_LL3f_mi,14
113,28,23,37,121,62,59,0,1,5,p_1.30.24_LL3f_mi,14
114,29,23,36,119,65,54,0,1,5,p_1.30.24_LL3f_mi,14
115,27,20,34,113,56,57,0,1,5,p_1.30.24_LL3f_mi,14
116,27,19,36,120,57,63,0,1,5,p_1.30.24_LL3f_mi,14
117,26,19,34,114,57,57,0,1,5,p_1.30.24_LL3f_mi,14
118,25,19,36,116,57,59,0,1,5,p_1.30.24_LL3f_mi,14
119,27,23,33,106,47,59,0,1,5,p_1.30.24_LL3f_mi,14
120,31,24,36,107,52,55,0,1,5,p_1.30.24_LL3f_mi,14
121,27,22,35,111,59,52,0,1,5,p_1.30.24_LL3f_mi,14
122,28,23,35,110,58,52,0,1,5,p_1.30.24_LL3f_mi,14
123,27,25,36,111,60,51,0,1,5,p_1.30.24_LL3f_mi,14
124,27,21,33,96,53,43,0,1,5,p_1.30.24_LL3f_mi,14
125,26,17,38,120,69,51,23,1,5,p_1.30.24_LL3f_mi,14
126,25,19,35,125,69,56,13,1,5,p_1.30.24_LL3f_mi,14
127,23,17,33,108,62,46,5,1,5,p_1.30.24_LL3f_mi,14
128,31,23,36,108,55,53,0,1,5,p_1.30.24_LL3f_mi,14
129,31,21,37,112,56,56,0,1,5,p_1.30.24_LL3f_mi,14
130,31,24,36,117,58,59,0,1,5,p_1.30.24_LL3f_mi,14
131,25,19,35,108,53,55,0,1,5,p_1.30.24_LL3f_mi,14
132,25,20,33,100,58,42,0,1,5,p_1.30.24_LL3f_mi,14
133,25,20,31,98,55,43,0,1,5,p_1.30.24_LL3f_mi,14
134,26,16,31,91,50,41,0,1,5,p_1.30.24_LL3f_mi,14
135,26,20,34,90,54,36,0,1,5,p_1.30.24_LL3f_mi,14
136,24,20,33,94,52,42,0,1,5,p_1.30.24_LL3f_mi,14
137,23,21,33,92,46,46,0,1,5,p_1.30.24_LL3f_mi,14
138,26,20,33,102,54,48,0,1,5,p_1.30.24_LL3f_mi,14
139,22,17,33,92,47,45,0,1,5,p_1.30.24_LL3f_mi,14
140,26,17,34,109,50,59,11,1,5,p_1.30.24_LL3f_mi,14
141,29,22,36,111,55,56,8,1,5,p_1.30.24_LL3f_mi,14
142,25,18,34,113,60,53,4,1,5,p_1.30.24_LL3f_mi,14
143,24,21,33,107,48,59,1,1,5,p_1.30.24_LL3f_mi,14
144,29,23,34,106,47,59,0,1,5,p_1.30.24_LL3f_mi,14
145,28,22,34,98,48,50,0,1,5,p_1.30.24_LL3f_mi,14
146,26,22,34,101,43,58,0,1,5,p_1.30.24_LL3f_mi,14
147,27,21,32,97,46,51,0,1,5,p_1.30.24_LL3f_mi,14
148,24,18,33,96,47,49,0,1,5,p_1.30.24_LL3f_mi,14
149,23,15,29,83,43,40,0,1,5,p_1.30.24_LL3f_mi,14
150,24,20,30,81,44,37,0,1,5,p_1.30.24_LL3f_mi,14
151,48,29,71,93,52,41,0,1,5,p_1.30.24_LL3f_mi,14
152,72,43,94,135,73,62,0,1,5,p_1.30.24_LL3f_mi,14
153,87,55,117,184,102,82,0,1,5,p_1.30.24_LL3f_mi,14
154,101,61,140,237,127,110,0,1,5,p_1.30.24_LL3f_mi,14
155,124,90,163,340,187,153,18,1,5,p_1.30.24_LL3f_mi,14
156,139,110,179,393,190,203,12,1,5,p_1.30.24_LL3f_mi,14
157,151,114,191,471,224,247,9,1,5,p_1.30.24_LL3f_mi,14
158,169,119,212,496,238,258,1,1,5,p_1.30.24_LL3f_mi,14
159,179,136,221,559,274,285,2,1,5,p_1.30.24_LL3f_mi,14
160,192,145,243,587,291,296,0,1,5,p_1.30.24_LL3f_mi,14
161,174,130,233,635,314,321,0,1,5,p_1.30.24_LL3f_mi,14
162,172,131,221,669,321,348,0,1,5,p_1.30.24_LL3f_mi,14
163,178,136,225,665,325,340,0,1,5,p_1.30.24_LL3f_mi,14
164,164,132,216,689,344,345,0,1,5,p_1.30.24_LL3f_mi,14
165,179,140,227,655,331,324,0,1,5,p_1.30.24_LL3f_mi,14
166,174,137,229,650,331,319,0,1,5,p_1.30.24_LL3f_mi,14
167,179,132,232,640,332,308,0,1,5,p_1.30.24_LL3f_mi,14
168,170,127,220,681,350,331,0,1,5,p_1.30.24_LL3f_mi,14
169,180,133,226,659,330,329,0,1,5,p_1.30.24_LL3f_mi,14
170,158,124,213,689,372,317,19,1,5,p_1.30.24_LL3f_mi,14
171,174,138,227,658,347,311,12,1,5,p_1.30.24_LL3f_mi,14
172,178,135,224,666,360,306,5,1,5,p_1.30.24_LL3f_mi,14
173,169,131,222,670,355,315,3,1,5,p_1.30.24_LL3f_mi,14
174,164,127,211,699,371,328,0,1,5,p_1.30.24_LL3f_mi,14
175,171,131,221,672,368,304,0,1,5,p_1.30.24_LL3f_mi,14
176,172,130,216,685,362,323,0,1,5,p_1.30.24_LL3f_mi,14
177,169,140,220,674,335,339,0,1,5,p_1.30.24_LL3f_mi,14
178,179,138,232,641,310,331,0,1,5,p_1.30.24_LL3f_mi,14
179,174,148,225,658,329,329,0,1,5,p_1.30.24_LL3f_mi,14
180,183,146,230,642,318,324,0,1,5,p_1.30.24_LL3f_mi,14
181,173,139,227,665,318,347,0,1,5,p_1.30.24_LL3f_mi,14
182,174,139,215,687,343,344,0,1,5,p_1.30.24_LL3f_mi,14
183,172,134,219,675,335,340,0,1,5,p_1.30.24_LL3f_mi,14
184,173,132,224,663,331,332,0,1,5,p_1.30.24_LL3f_mi,14
185,171,135,224,662,315,347,0,1,5,p_1.30.24_LL3f_mi,14
186,180,134,226,663,332,331,0,1,5,p_1.30.24_LL3f_mi,14
187,173,139,219,679,328,351,0,1,5,p_1.30.24_LL3f_mi,14
188,165,134,222,668,335,333,0,1,5,p_1.30.24_LL3f_mi,14
189,168,132,220,671,334,337,0,1,5,p_1.30.24_LL3f_mi,14
190,174,143,227,659,327,332,0,1,5,p_1.30.24_LL3f_mi,14
191,175,140,224,661,329,332,0,1,5,p_1.30.24_LL3f_mi,14
192,169,128,221,665,335,330,0,1,5,p_1.30.24_LL3f_mi,14
193,172,124,223,671,335,336,0,1,5,p_1.30.24_LL3f_mi,14
194,171,140,221,679,345,334,0,1,5,p_1.30.24_LL3f_mi,14
195,169,139,220,674,337,337,0,1,5,p_1.30.24_LL3f_mi,14
196,181,140,229,654,345,309,0,1,5,p_1.30.24_LL3f_mi,14
197,177,136,232,634,329,305,0,1,5,p_1.30.24_LL3f_mi,14
198,177,134,226,662,346,316,0,1,5,p_1.30.24_LL3f_mi,14
199,177,131,222,665,341,324,0,1,5,p_1.30.24_LL3f_mi,14
200,173,139,219,681,335,346,0,1,5,p_1.30.24_LL3f_mi,14
201,157,127,205,718,346,372,0,1,5,p_1.30.24_LL3f_mi,14
202,178,138,228,657,316,341,0,1,5,p_1.30.24_LL3f_mi,14
203,179,137,225,658,328,330,0,1,5,p_1.30.24_LL3f_mi,14
204,177,134,227,651,325,326,0,1,5,p_1.30.24_LL3f_mi,14
205,175,131,224,668,335,333,0,1,5,p_1.30.24_LL3f_mi,14
206,180,133,228,651,337,314,0,1,5,p_1.30.24_LL3f_mi,14
207,178,144,225,668,341,327,0,1,5,p_1.30.24_LL3f_mi,14
208,181,139,227,657,324,333,0,1,5,p_1.30.24_LL3f_mi,14
209,175,146,220,671,319,352,0,1,5,p_1.30.24_LL3f_mi,14
210,176,142,221,672,326,346,0,1,5,p_1.30.24_LL3f_mi,14
211,175,141,222,665,326,339,0,1,5,p_1.30.24_LL3f_mi,14
212,178,146,225,664,321,343,0,1,5,p_1.30.24_LL3f_mi,14
213,178,136,229,649,311,338,0,1,5,p_1.30.24_LL3f_mi,14
214,175,137,227,661,313,348,0,1,5,p_1.30.24_LL3f_mi,14
215,165,132,217,681,336,345,0,1,5,p_1.30.24_LL3f_mi,14
216,182,136,230,641,310,331,0,1,5,p_1.30.24_LL3f_mi,14
217,187,135,233,634,306,328,0,1,5,p_1.30.24_LL3f_mi,14
218,182,145,230,646,306,340,0,1,5,p_1.30.24_LL3f_mi,14
219,164,129,214,691,320,371,0,1,5,p_1.30.24_LL3f_mi,14
220,172,136,223,665,312,353,0,1,5,p_1.30.24_LL3f_mi,14
221,181,137,229,646,277,369,0,1,5,p_1.30.24_LL3f_mi,14
222,177,142,224,664,309,355,0,1,5,p_1.30.24_LL3f_mi,14
223,171,141,223,668,314,354,0,1,5,p_1.30.24_LL3f_mi,14
224,172,140,220,677,324,353,0,1,5,p_1.30.24_LL3f_mi,14
225,180,135,233,643,308,335,0,1,5,p_1.30.24_LL3f_mi,14
226,163,131,208,710,342,368,0,1,5,p_1.30.24_LL3f_mi,14
227,170,131,218,679,338,341,0,1,5,p_1.30.24_LL3f_mi,14
228,177,135,225,663,341,322,0,1,5,p_1.30.24_LL3f_mi,14
229,178,137,227,653,320,333,0,1,5,p_1.30.24_LL3f_mi,14
230,174,140,221,673,335,338,0,1,5,p_1.30.24_LL3f_mi,14
231,174,141,223,670,333,337,0,1,5,p_1.30.24_LL3f_mi,14
232,178,140,222,668,333,335,0,1,5,p_1.30.24_LL3f_mi,14
233,179,126,228,652,333,319,0,1,5,p_1.30.24_LL3f_mi,14
234,176,135,227,655,340,315,0,1,5,p_1.30.24_LL3f_mi,14
235,181,136,227,657,344,313,0,1,5,p_1.30.24_LL3f_mi,14
236,181,137,230,650,329,321,0,1,5,p_1.30.24_LL3f_mi,14
237,178,139,222,671,356,315,0,1,5,p_1.30.24_LL3f_mi,14
238,167,129,219,682,335,347,0,1,5,p_1.30.24_LL3f_mi,14
239,177,144,224,660,328,332,0,1,5,p_1.30.24_LL3f_mi,14
240,169,134,222,669,329,340,0,1,5,p_1.30.24_LL3f_mi,14
241,175,137,221,670,328,342,0,1,5,p_1.30.24_LL3f_mi,14
242,177,133,223,669,326,343,0,1,5,p_1.30.24_LL3f_mi,14
243,171,145,217,687,328,359,0,1,5,p_1.30.24_LL3f_mi,14
244,171,134,214,691,324,367,0,1,5,p_1.30.24_LL3f_mi,14
245,164,134,213,692,317,375,0,1,5,p_1.30.24_LL3f_mi,14
246,178,143,230,650,295,355,0,1,5,p_1.30.24_LL3f_mi,14
247,172,139,223,665,307,358,0,1,5,p_1.30.24_LL3f_mi,14
248,171,136,220,673,305,368,0,1,5,p_1.30.24_LL3f_mi,14
249,172,142,225,660,320,340,0,1,5,p_1.30.24_LL3f_mi,14
250,178,144,223,666,313,353,0,1,5,p_1.30.24_LL3f_mi,14
251,168,140,213,711,349,362,0,1,5,p_1.30.24_LL3f_mi,14
252,173,122,221,677,341,336,0,1,5,p_1.30.24_LL3f_mi,14
253,180,142,229,651,323,328,0,1,5,p_1.30.24_LL3f_mi,14
254,173,135,221,672,324,348,0,1,5,p_1.30.24_LL3f_mi,14
255,179,137,228,655,326,329,0,1,5,p_1.30.24_LL3f_mi,14
256,178,127,229,650,343,307,0,1,5,p_1.30.24_LL3f_mi,14
257,181,134,226,666,376,290,0,1,5,p_1.30.24_LL3f_mi,14
258,160,121,218,680,368,312,0,1,5,p_1.30.24_LL3f_mi,14
259,183,136,231,640,330,310,0,1,5,p_1.30.24_LL3f_mi,14
260,171,127,220,667,357,310,0,1,5,p_1.30.24_LL3f_mi,14
261,177,128,223,665,361,304,0,1,5,p_1.30.24_LL3f_mi,14
262,171,143,225,660,342,318,0,1,5,p_1.30.24_LL3f_mi,14
263,182,144,227,656,323,333,0,1,5,p_1.30.24_LL3f_mi,14
264,179,144,226,661,331,330,0,1,5,p_1.30.24_LL3f_mi,14
265,174,136,219,674,335,339,0,1,5,p_1.30.24_LL3f_mi,14
266,173,135,222,667,332,335,0,1,5,p_1.30.24_LL3f_mi,14
267,178,142,223,661,325,336,0,1,5,p_1.30.24_LL3f_mi,14
268,181,139,228,656,319,337,0,1,5,p_1.30.24_LL3f_mi,14
269,174,145,216,685,318,367,0,1,5,p_1.30.24_LL3f_mi,14
270,182,146,221,667,317,350,0,1,5,p_1.30.24_LL3f_mi,14
271,172,141,222,669,330,339,0,1,5,p_1.30.24_LL3f_mi,14
272,184,144,233,625,340,285,0,1,5,p_1.30.24_LL3f_mi,14
273,170,132,220,675,361,314,0,1,5,p_1.30.24_LL3f_mi,14
274,168,141,223,666,349,317,0,1,5,p_1.30.24_LL3f_mi,14
275,166,130,217,685,355,330,0,1,5,p_1.30.24_LL3f_mi,14
276,157,130,202,720,355,365,0,1,5,p_1.30.24_LL3f_mi,14
277,171,139,223,666,340,326,0,1,5,p_1.30.24_LL3f_mi,14
278,170,138,221,674,335,339,0,1,5,p_1.30.24_LL3f_mi,14
279,175,137,223,667,340,327,0,1,5,p_1.30.24_LL3f_mi,14
280,179,139,225,658,335,323,0,1,5,p_1.30.24_LL3f_mi,14
281,182,142,228,656,324,332,0,1,5,p_1.30.24_LL3f_mi,14
282,163,132,217,685,338,347,0,1,5,p_1.30.24_LL3f_mi,14
283,182,143,227,660,322,338,0,1,5,p_1.30.24_LL3f_mi,14
284,176,139,224,659,323,336,0,1,5,p_1.30.24_LL3f_mi,14
285,173,134,219,680,356,324,0,1,5,p_1.30.24_LL3f_mi,14
286,171,130,224,668,353,315,0,1,5,p_1.30.24_LL3f_mi,14
287,178,133,222,673,344,329,0,1,5,p_1.30.24_LL3f_mi,14
288,172,138,218,688,356,332,0,1,5,p_1.30.24_LL3f_mi,14
289,173,137,212,700,358,342,0,1,5,p_1.30.24_LL3f_mi,14
290,184,141,226,663,330,333,0,1,5,p_1.30.24_LL3f_mi,14
291,171,135,228,657,330,327,0,1,5,p_1.30.24_LL3f_mi,14
292,172,136,223,664,316,348,0,1,5,p_1.30.24_LL3f_mi,14
293,178,142,225,663,326,337,0,1,5,p_1.30.24_LL3f_mi,14
294,169,129,221,674,333,341,0,1,5,p_1.30.24_LL3f_mi,14
295,172,139,218,677,336,341,0,1,5,p_1.30.24_LL3f_mi,14
296,165,132,220,682,348,334,0,1,5,p_1.30.24_LL3f_mi,14
297,168,129,218,693,349,344,0,1,5,p_1.30.24_LL3f_mi,14
298,181,138,233,633,313,320,0,1,5,p_1.30.24_LL3f_mi,14
299,188,141,233,636,318,318,0,1,5,p_1.30.24_LL3f_mi,14
300,175,143,222,666,324,342,0,1,5,p_1.30.24_LL3f_mi,14
301,166,139,206,711,346,365,0,1,5,p_1.30.24_LL3f_mi,14
302,165,136,217,683,334,349,0,1,5,p_1.30.24_LL3f_mi,14
303,184,146,228,657,311,346,0,1,5,p_1.30.24_LL3f_mi,14
304,174,134,225,663,325,338,0,1,5,p_1.30.24_LL3f_mi,14
305,179,143,229,655,322,333,0,1,5,p_1.30.24_LL3f_mi,14
306,185,148,228,651,330,321,0,1,5,p_1.30.24_LL3f_mi,14
307,168,135,220,680,353,327,0,1,5,p_1.30.24_LL3f_mi,14
308,173,137,222,674,321,353,0,1,5,p_1.30.24_LL3f_mi,14
309,181,140,223,665,328,337,0,1,5,p_1.30.24_LL3f_mi,14
310,174,132,221,671,337,334,0,1,5,p_1.30.24_LL3f_mi,14
311,175,134,228,659,341,318,0,1,5,p_1.30.24_LL3f_mi,14
312,174,128,217,681,340,341,0,1,5,p_1.30.24_LL3f_mi,14
313,174,138,222,671,337,334,0,1,5,p_1.30.24_LL3f_mi,14
314,170,135,224,667,326,341,0,1,5,p_1.30.24_LL3f_mi,14
315,173,142,215,689,333,356,0,1,5,p_1.30.24_LL3f_mi,14
316,174,138,223,674,345,329,0,1,5,p_1.30.24_LL3f_mi,14
317,177,138,221,670,356,314,0,1,5,p_1.30.24_LL3f_mi,14
318,175,129,228,648,351,297,0,1,5,p_1.30.24_LL3f_mi,14
319,168,134,220,680,362,318,0,1,5,p_1.30.24_LL3f_mi,14
320,170,136,220,672,339,333,0,1,5,p_1.30.24_LL3f_mi,14
321,179,141,228,654,324,330,0,1,5,p_1.30.24_LL3f_mi,14
322,168,128,220,675,345,330,0,1,5,p_1.30.24_LL3f_mi,14
323,176,145,224,661,346,315,0,1,5,p_1.30.24_LL3f_mi,14
324,172,135,223,670,356,314,0,1,5,p_1.30.24_LL3f_mi,14
325,169,131,224,661,356,305,0,1,5,p_1.30.24_LL3f_mi,14
326,156,123,205,712,367,345,0,1,5,p_1.30.24_LL3f_mi,14
327,176,137,220,677,345,332,0,1,5,p_1.30.24_LL3f_mi,14
328,160,123,216,679,326,353,0,1,5,p_1.30.24_LL3f_mi,14
329,181,134,228,648,302,346,0,1,5,p_1.30.24_LL3f_mi,14
330,177,143,220,669,320,349,0,1,5,p_1.30.24_LL3f_mi,14
331,180,134,224,670,326,344,0,1,5,p_1.30.24_LL3f_mi,14
332,178,136,226,659,313,346,0,1,5,p_1.30.24_LL3f_mi,14
333,180,142,226,663,307,356,0,1,5,p_1.30.24_LL3f_mi,14
334,173,140,224,662,312,350,0,1,5,p_1.30.24_LL3f_mi,14
335,169,135,215,693,343,350,0,1,5,p_1.30.24_LL3f_mi,14
336,166,133,221,666,322,344,0,1,5,p_1.30.24_LL3f_mi,14
337,169,139,221,679,327,352,0,1,5,p_1.30.24_LL3f_mi,14
338,177,138,228,645,322,323,0,1,5,p_1.30.24_LL3f_mi,14
339,169,127,224,661,327,334,0,1,5,p_1.30.24_LL3f_mi,14
340,171,133,222,678,321,357,0,1,5,p_1.30.24_LL3f_mi,14
341,179,145,229,644,303,341,0,1,5,p_1.30.24_LL3f_mi,14
342,172,130,224,661,300,361,0,1,5,p_1.30.24_LL3f_mi,14
343,186,151,229,651,298,353,0,1,5,p_1.30.24_LL3f_mi,14
344,173,134,227,650,314,336,0,1,5,p_1.30.24_LL3f_mi,14
345,178,135,231,639,315,324,0,1,5,p_1.30.24_LL3f_mi,14
346,178,141,227,648,328,320,0,1,5,p_1.30.24_LL3f_mi,14
347,169,133,218,682,331,351,0,1,5,p_1.30.24_LL3f_mi,14
348,171,135,223,673,331,342,0,1,5,p_1.30.24_LL3f_mi,14
349,170,138,227,652,337,315,0,1,5,p_1.30.24_LL3f_mi,14
350,179,136,228,649,336,313,0,1,5,p_1.30.24_LL3f_mi,14
1,14,14,19,653,331,322,0,1,1,p_1.30.24_LL3f_mi,15
2,92,84,123,855,438,417,0,1,1,p_1.30.24_LL3f_mi,15
3,143,121,176,774,396,378,0,1,1,p_1.30.24_LL3f_mi,15
4,166,134,212,695,337,358,0,1,1,p_1.30.24_LL3f_mi,15
5,173,135,225,657,313,344,0,1,1,p_1.30.24_LL3f_mi,15
6,180,130,229,640,302,338,0,1,1,p_1.30.24_LL3f_mi,15
7,188,143,230,651,313,338,0,1,1,p_1.30.24_LL3f_mi,15
8,171,138,220,683,336,347,0,1,1,p_1.30.24_LL3f_mi,15
9,167,138,216,688,329,359,0,1,1,p_1.30.24_LL3f_mi,15
10,166,136,222,673,328,345,0,1,1,p_1.30.24_LL3f_mi,15
11,175,141,221,677,345,332,0,1,1,p_1.30.24_LL3f_mi,15
12,175,130,224,662,337,325,0,1,1,p_1.30.24_LL3f_mi,15
13,175,130,224,669,339,330,0,1,1,p_1.30.24_LL3f_mi,15
14,173,138,221,669,335,334,0,1,1,p_1.30.24_LL3f_mi,15
15,177,150,221,671,311,360,0,1,1,p_1.30.24_LL3f_mi,15
16,181,142,232,640,313,327,0,1,1,p_1.30.24_LL3f_mi,15
17,173,137,223,667,324,343,0,1,1,p_1.30.24_LL3f_mi,15
18,172,134,219,683,342,341,0,1,1,p_1.30.24_LL3f_mi,15
19,169,137,218,681,346,335,0,1,1,p_1.30.24_LL3f_mi,15
20,186,132,229,656,335,321,0,1,1,p_1.30.24_LL3f_mi,15
21,176,139,221,674,325,349,0,1,1,p_1.30.24_LL3f_mi,15
22,178,135,224,665,335,330,0,1,1,p_1.30.24_LL3f_mi,15
23,181,133,233,637,308,329,0,1,1,p_1.30.24_LL3f_mi,15
24,180,141,231,643,297,346,0,1,1,p_1.30.24_LL3f_mi,15
25,183,145,229,648,303,345,0,1,1,p_1.30.24_LL3f_mi,15
26,167,137,209,713,345,368,0,1,1,p_1.30.24_LL3f_mi,15
27,178,130,231,646,322,324,0,1,1,p_1.30.24_LL3f_mi,15
28,184,136,228,648,326,322,0,1,1,p_1.30.24_LL3f_mi,15
29,170,143,223,669,328,341,0,1,1,p_1.30.24_LL3f_mi,15
30,173,141,218,685,354,331,0,1,1,p_1.30.24_LL3f_mi,15
31,177,133,227,656,330,326,0,1,1,p_1.30.24_LL3f_mi,15
32,178,143,229,647,333,314,0,1,1,p_1.30.24_LL3f_mi,15
33,178,137,226,660,323,337,0,1,1,p_1.30.24_LL3f_mi,15
34,170,132,219,678,348,330,0,1,1,p_1.30.24_LL3f_mi,15
35,168,128,218,681,352,329,0,1,1,p_1.30.24_LL3f_mi,15
36,186,131,226,659,352,307,0,1,1,p_1.30.24_LL3f_mi,15
37,187,145,230,663,367,296,0,1,1,p_1.30.24_LL3f_mi,15
38,173,134,226,658,343,315,0,1,1,p_1.30.24_LL3f_mi,15
39,177,133,224,664,337,327,0,1,1,p_1.30.24_LL3f_mi,15
40,173,126,224,659,322,337,0,1,1,p_1.30.24_LL3f_mi,15
41,167,125,221,673,331,342,0,1,1,p_1.30.24_LL3f_mi,15
42,172,135,222,674,330,344,0,1,1,p_1.30.24_LL3f_mi,15
43,170,139,220,672,338,334,0,1,1,p_1.30.24_LL3f_mi,15
44,170,131,217,680,345,335,0,1,1,p_1.30.24_LL3f_mi,15
45,166,129,227,657,325,332,0,1,1,p_1.30.24_LL3f_mi,15
46,173,136,227,657,317,340,0,1,1,p_1.30.24_LL3f_mi,15
47,170,133,222,673,325,348,0,1,1,p_1.30.24_LL3f_mi,15
48,173,129,228,646,321,325,0,1,1,p_1.30.24_LL3f_mi,15
49,175,143,225,659,303,356,0,1,1,p_1.30.24_LL3f_mi,15
50,175,135,228,656,319,337,0,1,1,p_1.30.24_LL3f_mi,15
51,149,122,206,713,354,359,0,1,1,p_1.30.24_LL3f_mi,15
52,169,136,218,681,335,346,0,1,1,p_1.30.24_LL3f_mi,15
53,180,143,230,645,308,337,0,1,1,p_1.30.24_LL3f_mi,15
54,184,145,230,649,312,337,0,1,1,p_1.30.24_LL3f_mi,15
55,164,135,216,685,346,339,0,1,1,p_1.30.24_LL3f_mi,15
56,174,138,221,669,348,321,0,1,1,p_1.30.24_LL3f_mi,15
57,168,126,215,689,344,345,0,1,1,p_1.30.24_LL3f_mi,15
58,177,139,231,644,314,330,0,1,1,p_1.30.24_LL3f_mi,15
59,176,134,232,638,315,323,0,1,1,p_1.30.24_LL3f_mi,15
60,163,130,215,686,342,344,0,1,1,p_1.30.24_LL3f_mi,15
61,168,135,220,680,325,355,0,1,1,p_1.30.24_LL3f_mi,15
62,167,141,219,676,326,350,0,1,1,p_1.30.24_LL3f_mi,15
63,179,151,222,672,328,344,0,1,1,p_1.30.24_LL3f_mi,15
64,183,139,233,638,323,315,0,1,1,p_1.30.24_LL3f_mi,15
65,179,136,229,649,326,323,0,1,1,p_1.30.24_LL3f_mi,15
66,173,126,220,674,350,324,0,1,1,p_1.30.24_LL3f_mi,15
67,169,128,223,663,352,311,0,1,1,p_1.30.24_LL3f_mi,15
68,176,130,228,655,326,329,0,1,1,p_1.30.24_LL3f_mi,15
69,171,136,220,677,331,346,0,1,1,p_1.30.24_LL3f_mi,15
70,170,147,220,677,306,371,0,1,1,p_1.30.24_LL3f_mi,15
71,174,135,224,664,307,357,0,1,1,p_1.30.24_LL3f_mi,15
72,166,137,212,695,340,355,0,1,1,p_1.30.24_LL3f_mi,15
73,178,139,223,665,330,335,0,1,1,p_1.30.24_LL3f_mi,15
74,168,131,224,665,337,328,0,1,1,p_1.30.24_LL3f_mi,15
75,174,138,221,668,323,345,0,1,1,p_1.30.24_LL3f_mi,15
76,164,137,209,707,350,357,0,1,1,p_1.30.24_LL3f_mi,15
77,176,138,224,655,318,337,0,1,1,p_1.30.24_LL3f_mi,15
78,181,140,232,644,303,341,0,1,1,p_1.30.24_LL3f_mi,15
79,174,139,220,679,328,351,0,1,1,p_1.30.24_LL3f_mi,15
80,184,146,235,630,307,323,0,1,1,p_1.30.24_LL3f_mi,15
81,178,146,229,644,298,346,0,1,1,p_1.30.24_LL3f_mi,15
82,168,127,219,681,334,347,0,1,1,p_1.30.24_LL3f_mi,15
83,178,139,222,673,335,338,0,1,1,p_1.30.24_LL3f_mi,15
84,173,134,222,665,321,344,0,1,1,p_1.30.24_LL3f_mi,15
85,176,134,224,661,321,340,0,1,1,p_1.30.24_LL3f_mi,15
86,166,141,217,681,326,355,0,1,1,p_1.30.24_LL3f_mi,15
87,181,138,230,646,320,326,0,1,1,p_1.30.24_LL3f_mi,15
88,185,144,227,655,328,327,0,1,1,p_1.30.24_LL3f_mi,15
89,171,126,226,666,333,333,0,1,1,p_1.30.24_LL3f_mi,15
90,165,139,220,676,316,360,0,1,1,p_1.30.24_LL3f_mi,15
91,178,146,227,656,294,362,0,1,1,p_1.30.24_LL3f_mi,15
92,182,149,224,659,287,372,0,1,1,p_1.30.24_LL3f_mi,15
93,176,138,227,655,294,361,0,1,1,p_1.30.24_LL3f_mi,15
94,169,127,220,676,314,362,0,1,1,p_1.30.24_LL3f_mi,15
95,174,142,223,671,319,352,0,1,1,p_1.30.24_LL3f_mi,15
96,178,145,228,652,313,339,0,1,1,p_1.30.24_LL3f_mi,15
97,180,143,225,663,316,347,0,1,1,p_1.30.24_LL3f_mi,15
98,166,132,225,664,308,356,0,1,1,p_1.30.24_LL3f_mi,15
99,170,132,224,665,302,363,0,1,1,p_1.30.24_LL3f_mi,15
100,146,118,197,648,306,342,0,1,1,p_1.30.24_LL3f_mi,15
101,106,93,145,684,330,354,0,1,1,p_1.30.24_LL3f_mi,15
102,119,94,156,578,292,286,0,1,1,p_1.30.24_LL3f_mi,15
103,106,83,139,533,278,255,0,1,1,p_1.30.24_LL3f_mi,15
104,99,80,123,486,252,234,0,1,1,p_1.30.24_LL3f_mi,15
105,87,71,113,427,216,211,0,1,1,p_1.30.24_LL3f_mi,15
106,70,59,90,400,192,208,0,1,1,p_1.30.24_LL3f_mi,15
107,60,51,71,352,168,184,0,1,1,p_1.30.24_LL3f_mi,15
108,50,42,60,300,146,154,0,1,1,p_1.30.24_LL3f_mi,15
109,45,35,57,226,113,113,0,1,1,p_1.30.24_LL3f_mi,15
110,22,20,30,204,101,103,0,1,1,p_1.30.24_LL3f_mi,15
111,28,22,38,156,81,75,0,1,1,p_1.30.24_LL3f_mi,15
112,29,23,35,134,65,69,0,1,1,p_1.30.24_LL3f_mi,15
113,33,26,37,127,59,68,0,1,1,p_1.30.24_LL3f_mi,15
114,28,21,36,120,57,63,0,1,1,p_1.30.24_LL3f_mi,15
115,29,24,35,110,55,55,0,1,1,p_1.30.24_LL3f_mi,15
116,28,24,34,105,53,52,0,1,1,p_1.30.24_LL3f_mi,15
117,27,24,35,102,48,54,0,1,1,p_1.30.24_LL3f_mi,15
118,26,19,34,103,47,56,0,1,1,p_1.30.24_LL3f_mi,15
119,26,18,33,101,53,48,0,1,1,p_1.30.24_LL3f_mi,15
120,26,21,33,102,46,56,0,1,1,p_1.30.24_LL3f_mi,15
121,30,24,36,96,42,54,0,1,1,p_1.30.24_LL3f_mi,15
122,24,17,30,93,38,55,0,1,1,p_1.30.24_LL3f_mi,15
123,23,20,31,87,34,53,0,1,1,p_1.30.24_LL3f_mi,15
124,25,19,33,88,35,53,0,1,1,p_1.30.24_LL3f_mi,15
125,25,22,34,101,41,60,14,1,1,p_1.30.24_LL3f_mi,15
126,27,23,34,107,50,57,9,1,1,p_1.30.24_LL3f_mi,15
127,23,21,32,98,49,49,5,1,1,p_1.30.24_LL3f_mi,15
128,27,21,34,99,47,52,1,1,1,p_1.30.24_LL3f_mi,15
129,27,19,33,106,54,52,0,1,1,p_1.30.24_LL3f_mi,15
130,27,22,34,105,53,52,1,1,1,p_1.30.24_LL3f_mi,15
131,29,21,36,111,57,54,0,1,1,p_1.30.24_LL3f_mi,15
132,26,25,34,113,50,63,0,1,1,p_1.30.24_LL3f_mi,15
133,27,19,33,104,52,52,0,1,1,p_1.30.24_LL3f_mi,15
134,27,21,33,104,52,52,0,1,1,p_1.30.24_LL3f_mi,15
135,26,21,32,103,54,49,0,1,1,p_1.30.24_LL3f_mi,15
136,24,17,33,102,52,50,0,1,1,p_1.30.24_LL3f_mi,15
137,24,20,32,94,50,44,0,1,1,p_1.30.24_LL3f_mi,15
138,25,18,32,93,45,48,0,1,1,p_1.30.24_LL3f_mi,15
139,24,19,31,94,46,48,0,1,1,p_1.30.24_LL3f_mi,15
140,24,22,36,120,56,64,21,1,1,p_1.30.24_LL3f_mi,15
141,26,22,36,110,50,60,14,1,1,p_1.30.24_LL3f_mi,15
142,27,20,34,104,42,62,3,1,1,p_1.30.24_LL3f_mi,15
143,27,23,32,105,45,60,2,1,1,p_1.30.24_LL3f_mi,15
144,26,22,34,97,47,50,0,1,1,p_1.30.24_LL3f_mi,15
145,24,16,32,97,49,48,0,1,1,p_1.30.24_LL3f_mi,15
146,26,21,33,105,50,55,0,1,1,p_1.30.24_LL3f_mi,15
147,28,17,34,103,47,56,0,1,1,p_1.30.24_LL3f_mi,15
148,25,20,32,96,41,55,0,1,1,p_1.30.24_LL3f_mi,15
149,26,19,32,99,48,51,0,1,1,p_1.30.24_LL3f_mi,15
150,24,21,30,92,51,41,0,1,1,p_1.30.24_LL3f_mi,15
151,47,27,70,95,54,41,0,1,1,p_1.30.24_LL3f_mi,15
152,67,40,90,127,71,56,0,1,1,p_1.30.24_LL3f_mi,15
153,82,51,114,171,94,77,0,1,1,p_1.30.24_LL3f_mi,15
154,109,77,140,237,121,116,0,1,1,p_1.30.24_LL3f_mi,15
155,126,82,162,321,153,168,16,1,1,p_1.30.24_LL3f_mi,15
156,141,105,178,393,189,204,8,1,1,p_1.30.24_LL3f_mi,15
157,149,110,193,450,222,228,7,1,1,p_1.30.24_LL3f_mi,15
158,166,123,211,498,241,257,4,1,1,p_1.30.24_LL3f_mi,15
159,174,126,225,538,262,276,2,1,1,p_1.30.24_LL3f_mi,15
160,191,143,244,590,290,300,0,1,1,p_1.30.24_LL3f_mi,15
161,172,141,220,672,346,326,0,1,1,p_1.30.24_LL3f_mi,15
162,174,133,222,676,339,337,0,1,1,p_1.30.24_LL3f_mi,15
163,166,131,217,686,339,347,0,1,1,p_1.30.24_LL3f_mi,15
164,172,134,227,664,320,344,0,1,1,p_1.30.24_LL3f_mi,15
165,173,136,221,676,345,331,0,1,1,p_1.30.24_LL3f_mi,15
166,169,128,215,692,357,335,0,1,1,p_1.30.24_LL3f_mi,15
167,164,125,225,659,348,311,0,1,1,p_1.30.24_LL3f_mi,15
168,183,137,235,631,307,324,0,1,1,p_1.30.24_LL3f_mi,15
169,181,132,230,649,334,315,0,1,1,p_1.30.24_LL3f_mi,15
170,158,126,209,703,355,348,19,1,1,p_1.30.24_LL3f_mi,15
171,175,128,226,658,340,318,8,1,1,p_1.30.24_LL3f_mi,15
172,172,132,226,656,323,333,5,1,1,p_1.30.24_LL3f_mi,15
173,171,134,214,688,346,342,3,1,1,p_1.30.24_LL3f_mi,15
174,180,139,224,658,329,329,1,1,1,p_1.30.24_LL3f_mi,15
175,179,139,234,640,304,336,1,1,1,p_1.30.24_LL3f_mi,15
176,155,128,202,722,355,367,0,1,1,p_1.30.24_LL3f_mi,15
177,175,134,219,679,334,345,0,1,1,p_1.30.24_LL3f_mi,15
178,176,134,219,682,353,329,0,1,1,p_1.30.24_LL3f_mi,15
179,167,139,212,696,351,345,0,1,1,p_1.30.24_LL3f_mi,15
180,181,137,222,669,321,348,0,1,1,p_1.30.24_LL3f_mi,15
181,179,140,226,657,305,352,0,1,1,p_1.30.24_LL3f_mi,15
182,185,137,226,662,308,354,0,1,1,p_1.30.24_LL3f_mi,15
183,172,137,226,655,306,349,0,1,1,p_1.30.24_LL3f_mi,15
184,179,136,229,645,299,346,0,1,1,p_1.30.24_LL3f_mi,15
185,179,141,225,654,320,334,0,1,1,p_1.30.24_LL3f_mi,15
186,175,139,226,657,324,333,0,1,1,p_1.30.24_LL3f_mi,15
187,172,140,221,672,314,358,0,1,1,p_1.30.24_LL3f_mi,15
188,168,127,222,665,311,354,0,1,1,p_1.30.24_LL3f_mi,15
189,174,137,224,668,318,350,0,1,1,p_1.30.24_LL3f_mi,15
190,163,136,218,684,325,359,0,1,1,p_1.30.24_LL3f_mi,15
191,173,142,226,657,317,340,0,1,1,p_1.30.24_LL3f_mi,15
192,162,123,219,678,329,349,0,1,1,p_1.30.24_LL3f_mi,15
193,168,136,219,677,318,359,0,1,1,p_1.30.24_LL3f_mi,15
194,168,137,222,669,335,334,0,1,1,p_1.30.24_LL3f_mi,15
195,174,129,224,665,337,328,0,1,1,p_1.30.24_LL3f_mi,15
196,179,129,235,634,305,329,0,1,1,p_1.30.24_LL3f_mi,15
197,190,147,227,656,314,342,0,1,1,p_1.30.24_LL3f_mi,15
198,175,134,222,668,348,320,0,1,1,p_1.30.24_LL3f_mi,15
199,165,133,215,689,346,343,0,1,1,p_1.30.24_LL3f_mi,15
200,167,129,222,669,331,338,0,1,1,p_1.30.24_LL3f_mi,15
201,159,131,210,702,345,357,0,1,1,p_1.30.24_LL3f_mi,15
202,179,135,224,664,323,341,0,1,1,p_1.30.24_LL3f_mi,15
203,175,135,226,661,321,340,0,1,1,p_1.30.24_LL3f_mi,15
204,171,139,221,674,326,348,0,1,1,p_1.30.24_LL3f_mi,15
205,177,139,230,648,316,332,0,1,1,p_1.30.24_LL3f_mi,15
206,165,123,219,673,331,342,0,1,1,p_1.30.24_LL3f_mi,15
207,170,134,224,664,322,342,0,1,1,p_1.30.24_LL3f_mi,15
208,178,140,225,657,320,337,0,1,1,p_1.30.24_LL3f_mi,15
209,177,133,224,663,332,331,0,1,1,p_1.30.24_LL3f_mi,15
210,171,141,219,672,335,337,0,1,1,p_1.30.24_LL3f_mi,15
211,165,127,217,682,333,349,0,1,1,p_1.30.24_LL3f_mi,15
212,174,137,221,679,329,350,0,1,1,p_1.30.24_LL3f_mi,15
213,172,139,220,671,325,346,0,1,1,p_1.30.24_LL3f_mi,15
214,172,129,218,674,338,336,0,1,1,p_1.30.24_LL3f_mi,15
215,180,139,221,672,332,340,0,1,1,p_1.30.24_LL3f_mi,15
216,173,137,224,663,318,345,0,1,1,p_1.30.24_LL3f_mi,15
217,173,135,226,655,305,350,0,1,1,p_1.30.24_LL3f_mi,15
218,172,135,228,651,292,359,0,1,1,p_1.30.24_LL3f_mi,15
219,174,139,223,666,308,358,0,1,1,p_1.30.24_LL3f_mi,15
220,172,129,224,672,328,344,0,1,1,p_1.30.24_LL3f_mi,15
221,173,138,223,665,312,353,0,1,1,p_1.30.24_LL3f_mi,15
222,175,137,220,671,322,349,0,1,1,p_1.30.24_LL3f_mi,15
223,186,147,231,644,316,328,0,1,1,p_1.30.24_LL3f_mi,15
224,180,135,229,651,319,332,0,1,1,p_1.30.24_LL3f_mi,15
225,163,128,218,684,318,366,0,1,1,p_1.30.24_LL3f_mi,15
226,161,132,204,716,333,383,0,1,1,p_1.30.24_LL3f_mi,15
227,179,139,224,664,317,347,0,1,1,p_1.30.24_LL3f_mi,15
228,188,139,231,646,321,325,0,1,1,p_1.30.24_LL3f_mi,15
229,170,140,221,672,334,338,0,1,1,p_1.30.24_LL3f_mi,15
230,184,147,228,653,315,338,0,1,1,p_1.30.24_LL3f_mi,15
231,179,144,224,663,337,326,0,1,1,p_1.30.24_LL3f_mi,15
232,175,137,217,687,357,330,0,1,1,p_1.30.24_LL3f_mi,15
233,181,141,226,650,344,306,0,1,1,p_1.30.24_LL3f_mi,15
234,171,137,226,661,327,334,0,1,1,p_1.30.24_LL3f_mi,15
235,179,134,227,661,334,327,0,1,1,p_1.30.24_LL3f_mi,15
236,170,132,221,670,344,326,0,1,1,p_1.30.24_LL3f_mi,15
237,170,129,225,660,333,327,0,1,1,p_1.30.24_LL3f_mi,15
238,173,138,225,662,334,328,0,1,1,p_1.30.24_LL3f_mi,15
239,183,147,225,658,332,326,0,1,1,p_1.30.24_LL3f_mi,15
240,170,135,222,675,338,337,0,1,1,p_1.30.24_LL3f_mi,15
241,176,142,223,667,330,337,0,1,1,p_1.30.24_LL3f_mi,15
242,169,135,223,665,316,349,0,1,1,p_1.30.24_LL3f_mi,15
243,175,140,223,668,305,363,0,1,1,p_1.30.24_LL3f_mi,15
244,170,131,223,659,329,330,0,1,1,p_1.30.24_LL3f_mi,15
245,175,140,226,662,354,308,0,1,1,p_1.30.24_LL3f_mi,15
246,170,132,218,683,364,319,0,1,1,p_1.30.24_LL3f_mi,15
247,176,138,223,670,346,324,0,1,1,p_1.30.24_LL3f_mi,15
248,167,134,216,685,363,322,0,1,1,p_1.30.24_LL3f_mi,15
249,171,134,226,656,333,323,0,1,1,p_1.30.24_LL3f_mi,15
250,176,139,226,666,314,352,0,1,1,p_1.30.24_LL3f_mi,15
251,166,135,212,701,312,389,0,1,1,p_1.30.24_LL3f_mi,15
252,173,141,222,673,302,371,0,1,1,p_1.30.24_LL3f_mi,15
253,173,139,224,657,307,350,0,1,1,p_1.30.24_LL3f_mi,15
254,170,134,226,654,305,349,0,1,1,p_1.30.24_LL3f_mi,15
255,177,143,228,654,309,345,0,1,1,p_1.30.24_LL3f_mi,15
256,175,140,220,677,315,362,0,1,1,p_1.30.24_LL3f_mi,15
257,187,143,231,647,318,329,0,1,1,p_1.30.24_LL3f_mi,15
258,174,135,224,662,309,353,0,1,1,p_1.30.24_LL3f_mi,15
259,169,134,216,687,322,365,0,1,1,p_1.30.24_LL3f_mi,15
260,180,131,230,649,314,335,0,1,1,p_1.30.24_LL3f_mi,15
261,173,134,227,655,315,340,0,1,1,p_1.30.24_LL3f_mi,15
262,166,128,219,680,332,348,0,1,1,p_1.30.24_LL3f_mi,15
263,178,140,230,645,309,336,0,1,1,p_1.30.24_LL3f_mi,15
264,176,145,229,648,317,331,0,1,1,p_1.30.24_LL3f_mi,15
265,171,133,227,656,337,319,0,1,1,p_1.30.24_LL3f_mi,15
266,167,124,220,675,325,350,0,1,1,p_1.30.24_LL3f_mi,15
267,173,132,223,667,326,341,0,1,1,p_1.30.24_LL3f_mi,15
268,175,143,224,662,312,350,0,1,1,p_1.30.24_LL3f_mi,15
269,166,137,219,677,316,361,0,1,1,p_1.30.24_LL3f_mi,15
270,176,130,226,661,313,348,0,1,1,p_1.30.24_LL3f_mi,15
271,176,132,221,676,312,364,0,1,1,p_1.30.24_LL3f_mi,15
272,179,139,227,653,309,344,0,1,1,p_1.30.24_LL3f_mi,15
273,181,137,224,663,330,333,0,1,1,p_1.30.24_LL3f_mi,15
274,171,132,218,678,337,341,0,1,1,p_1.30.24_LL3f_mi,15
275,179,136,226,659,324,335,0,1,1,p_1.30.24_LL3f_mi,15
276,157,128,204,712,361,351,0,1,1,p_1.30.24_LL3f_mi,15
277,166,134,217,677,321,356,0,1,1,p_1.30.24_LL3f_mi,15
278,182,150,226,657,314,343,0,1,1,p_1.30.24_LL3f_mi,15
279,169,134,223,661,325,336,0,1,1,p_1.30.24_LL3f_mi,15
280,175,132,227,657,338,319,0,1,1,p_1.30.24_LL3f_mi,15
281,181,137,228,646,335,311,0,1,1,p_1.30.24_LL3f_mi,15
282,171,141,222,671,336,335,0,1,1,p_1.30.24_LL3f_mi,15
283,177,144,230,648,300,348,0,1,1,p_1.30.24_LL3f_mi,15
284,175,134,224,658,302,356,0,1,1,p_1.30.24_LL3f_mi,15
285,169,145,223,658,311,347,0,1,1,p_1.30.24_LL3f_mi,15
286,163,138,217,681,324,357,0,1,1,p_1.30.24_LL3f_mi,15
287,177,145,232,639,316,323,0,1,1,p_1.30.24_LL3f_mi,15
288,174,125,228,654,339,315,0,1,1,p_1.30.24_LL3f_mi,15
289,177,146,226,666,321,345,0,1,1,p_1.30.24_LL3f_mi,15
290,179,140,227,664,318,346,0,1,1,p_1.30.24_LL3f_mi,15
291,167,131,213,696,319,377,0,1,1,p_1.30.24_LL3f_mi,15
292,173,129,226,656,316,340,0,1,1,p_1.30.24_LL3f_mi,15
293,181,141,226,663,320,343,0,1,1,p_1.30.24_LL3f_mi,15
294,171,133,228,649,328,321,0,1,1,p_1.30.24_LL3f_mi,15
295,170,136,230,636,322,314,0,1,1,p_1.30.24_LL3f_mi,15
296,186,140,230,646,338,308,0,1,1,p_1.30.24_LL3f_mi,15
297,178,131,227,650,332,318,0,1,1,p_1.30.24_LL3f_mi,15
298,179,140,228,652,333,319,0,1,1,p_1.30.24_LL3f_mi,15
299,167,131,220,676,342,334,0,1,1,p_1.30.24_LL3f_mi,15
300,176,138,224,659,342,317,0,1,1,p_1.30.24_LL3f_mi,15
301,153,116,205,711,365,346,0,1,1,p_1.30.24_LL3f_mi,15
302,178,138,226,657,330,327,0,1,1,p_1.30.24_LL3f_mi,15
303,173,136,227,651,316,335,0,1,1,p_1.30.24_LL3f_mi,15
304,178,143,231,651,329,322,0,1,1,p_1.30.24_LL3f_mi,15
305,181,151,231,637,290,347,0,1,1,p_1.30.24_LL3f_mi,15
306,173,143,228,655,288,367,0,1,1,p_1.30.24_LL3f_mi,15
307,176,136,223,671,298,373,0,1,1,p_1.30.24_LL3f_mi,15
308,172,136,224,658,303,355,0,1,1,p_1.30.24_LL3f_mi,15
309,170,134,219,674,304,370,0,1,1,p_1.30.24_LL3f_mi,15
310,175,132,229,650,291,359,0,1,1,p_1.30.24_LL3f_mi,15
311,183,144,230,650,302,348,0,1,1,p_1.30.24_LL3f_mi,15
312,176,145,223,665,320,345,0,1,1,p_1.30.24_LL3f_mi,15
313,181,139,229,644,327,317,0,1,1,p_1.30.24_LL3f_mi,15
314,177,132,227,655,331,324,0,1,1,p_1.30.24_LL3f_mi,15
315,172,131,225,661,348,313,0,1,1,p_1.30.24_LL3f_mi,15
316,174,136,228,656,345,311,0,1,1,p_1.30.24_LL3f_mi,15
317,179,136,230,645,332,313,0,1,1,p_1.30.24_LL3f_mi,15
318,162,131,215,688,348,340,0,1,1,p_1.30.24_LL3f_mi,15
319,171,138,230,641,309,332,0,1,1,p_1.30.24_LL3f_mi,15
320,174,138,229,647,310,337,0,1,1,p_1.30.24_LL3f_mi,15
321,174,150,220,676,314,362,0,1,1,p_1.30.24_LL3f_mi,15
322,177,135,225,662,315,347,0,1,1,p_1.30.24_LL3f_mi,15
323,180,143,225,661,334,327,0,1,1,p_1.30.24_LL3f_mi,15
324,173,136,218,677,344,333,0,1,1,p_1.30.24_LL3f_mi,15
325,172,130,220,675,337,338,0,1,1,p_1.30.24_LL3f_mi,15
326,156,129,200,722,358,364,0,1,1,p_1.30.24_LL3f_mi,15
327,187,143,229,651,317,334,0,1,1,p_1.30.24_LL3f_mi,15
328,173,137,227,652,321,331,0,1,1,p_1.30.24_LL3f_mi,15
329,175,142,223,664,339,325,0,1,1,p_1.30.24_LL3f_mi,15
330,163,128,214,697,365,332,0,1,1,p_1.30.24_LL3f_mi,15
331,177,141,230,642,321,321,0,1,1,p_1.30.24_LL3f_mi,15
332,179,135,226,661,330,331,0,1,1,p_1.30.24_LL3f_mi,15
333,172,136,222,670,317,353,0,1,1,p_1.30.24_LL3f_mi,15
334,175,140,219,676,316,360,0,1,1,p_1.30.24_LL3f_mi,15
335,175,142,219,679,328,351,0,1,1,p_1.30.24_LL3f_mi,15
336,177,137,229,644,305,339,0,1,1,p_1.30.24_LL3f_mi,15
337,166,140,224,657,326,331,0,1,1,p_1.30.24_LL3f_mi,15
338,174,137,223,667,333,334,0,1,1,p_1.30.24_LL3f_mi,15
339,169,127,223,664,334,330,0,1,1,p_1.30.24_LL3f_mi,15
340,178,143,227,647,311,336,0,1,1,p_1.30.24_LL3f_mi,15
341,173,136,224,666,332,334,0,1,1,p_1.30.24_LL3f_mi,15
342,169,131,224,663,329,334,0,1,1,p_1.30.24_LL3f_mi,15
343,175,132,222,665,346,319,0,1,1,p_1.30.24_LL3f_mi,15
344,172,132,224,658,332,326,0,1,1,p_1.30.24_LL3f_mi,15
345,180,131,230,650,320,330,0,1,1,p_1.30.24_LL3f_mi,15
346,173,126,222,672,317,355,0,1,1,p_1.30.24_LL3f_mi,15
347,171,135,224,662,313,349,0,1,1,p_1.30.24_LL3f_mi,15
348,179,138,228,648,313,335,0,1,1,p_1.30.24_LL3f_mi,15
349,182,140,232,635,307,328,0,1,1,p_1.30.24_LL3f_mi,15
350,174,131,225,659,325,334,0,1,1,p_1.30.24_LL3f_mi,15
1,8,7,11,632,329,303,0,1,2,p_1.30.24_LL3f_mi,15
2,106,93,137,839,428,411,0,1,2,p_1.30.24_LL3f_mi,15
3,140,118,177,774,397,377,0,1,2,p_1.30.24_LL3f_mi,15
4,151,118,199,726,373,353,0,1,2,p_1.30.24_LL3f_mi,15
5,178,145,224,658,328,330,0,1,2,p_1.30.24_LL3f_mi,15
6,179,132,233,639,314,325,0,1,2,p_1.30.24_LL3f_mi,15
7,174,132,223,663,326,337,0,1,2,p_1.30.24_LL3f_mi,15
8,177,136,227,653,321,332,0,1,2,p_1.30.24_LL3f_mi,15
9,164,123,215,686,334,352,0,1,2,p_1.30.24_LL3f_mi,15
10,180,139,227,657,317,340,0,1,2,p_1.30.24_LL3f_mi,15
11,170,133,218,677,338,339,0,1,2,p_1.30.24_LL3f_mi,15
12,177,132,225,653,332,321,0,1,2,p_1.30.24_LL3f_mi,15
13,179,139,232,635,330,305,0,1,2,p_1.30.24_LL3f_mi,15
14,188,147,233,635,336,299,0,1,2,p_1.30.24_LL3f_mi,15
15,178,133,232,647,340,307,0,1,2,p_1.30.24_LL3f_mi,15
16,177,138,222,670,340,330,0,1,2,p_1.30.24_LL3f_mi,15
17,173,131,227,660,334,326,0,1,2,p_1.30.24_LL3f_mi,15
18,173,138,229,653,315,338,0,1,2,p_1.30.24_LL3f_mi,15
19,176,141,218,677,327,350,0,1,2,p_1.30.24_LL3f_mi,15
20,172,128,222,673,330,343,0,1,2,p_1.30.24_LL3f_mi,15
21,171,136,227,649,326,323,0,1,2,p_1.30.24_LL3f_mi,15
22,175,136,219,679,359,320,0,1,2,p_1.30.24_LL3f_mi,15
23,178,129,229,652,338,314,0,1,2,p_1.30.24_LL3f_mi,15
24,179,132,229,652,331,321,0,1,2,p_1.30.24_LL3f_mi,15
25,174,135,221,679,346,333,0,1,2,p_1.30.24_LL3f_mi,15
26,150,121,196,735,394,341,0,1,2,p_1.30.24_LL3f_mi,15
27,170,129,216,684,365,319,0,1,2,p_1.30.24_LL3f_mi,15
28,176,141,223,668,345,323,0,1,2,p_1.30.24_LL3f_mi,15
29,173,131,219,676,344,332,0,1,2,p_1.30.24_LL3f_mi,15
30,170,136,223,668,325,343,0,1,2,p_1.30.24_LL3f_mi,15
31,181,131,230,642,314,328,0,1,2,p_1.30.24_LL3f_mi,15
32,175,135,220,674,327,347,0,1,2,p_1.30.24_LL3f_mi,15
33,177,134,225,664,338,326,0,1,2,p_1.30.24_LL3f_mi,15
34,176,143,224,670,338,332,0,1,2,p_1.30.24_LL3f_mi,15
35,168,139,217,685,338,347,0,1,2,p_1.30.24_LL3f_mi,15
36,175,127,219,678,339,339,0,1,2,p_1.30.24_LL3f_mi,15
37,170,130,219,672,342,330,0,1,2,p_1.30.24_LL3f_mi,15
38,168,140,222,673,323,350,0,1,2,p_1.30.24_LL3f_mi,15
39,167,137,217,682,320,362,0,1,2,p_1.30.24_LL3f_mi,15
40,181,144,224,661,308,353,0,1,2,p_1.30.24_LL3f_mi,15
41,168,130,215,688,323,365,0,1,2,p_1.30.24_LL3f_mi,15
42,164,131,215,686,347,339,0,1,2,p_1.30.24_LL3f_mi,15
43,175,139,224,667,339,328,0,1,2,p_1.30.24_LL3f_mi,15
44,175,128,232,636,324,312,0,1,2,p_1.30.24_LL3f_mi,15
45,177,139,231,645,308,337,0,1,2,p_1.30.24_LL3f_mi,15
46,175,137,223,670,338,332,0,1,2,p_1.30.24_LL3f_mi,15
47,168,128,221,672,327,345,0,1,2,p_1.30.24_LL3f_mi,15
48,173,134,219,674,327,347,0,1,2,p_1.30.24_LL3f_mi,15
49,171,138,218,680,351,329,0,1,2,p_1.30.24_LL3f_mi,15
50,178,141,224,663,347,316,0,1,2,p_1.30.24_LL3f_mi,15
51,172,134,220,678,356,322,0,1,2,p_1.30.24_LL3f_mi,15
52,178,134,229,653,332,321,0,1,2,p_1.30.24_LL3f_mi,15
53,166,139,222,663,337,326,0,1,2,p_1.30.24_LL3f_mi,15
54,165,125,221,671,338,333,0,1,2,p_1.30.24_LL3f_mi,15
55,173,135,223,669,350,319,0,1,2,p_1.30.24_LL3f_mi,15
56,175,143,221,680,340,340,0,1,2,p_1.30.24_LL3f_mi,15
57,174,138,226,652,325,327,0,1,2,p_1.30.24_LL3f_mi,15
58,174,133,219,674,331,343,0,1,2,p_1.30.24_LL3f_mi,15
59,163,127,219,677,338,339,0,1,2,p_1.30.24_LL3f_mi,15
60,171,144,223,666,333,333,0,1,2,p_1.30.24_LL3f_mi,15
61,175,138,227,655,322,333,0,1,2,p_1.30.24_LL3f_mi,15
62,170,130,221,666,335,331,0,1,2,p_1.30.24_LL3f_mi,15
63,182,144,231,638,310,328,0,1,2,p_1.30.24_LL3f_mi,15
64,171,138,224,664,339,325,0,1,2,p_1.30.24_LL3f_mi,15
65,170,128,221,676,348,328,0,1,2,p_1.30.24_LL3f_mi,15
66,167,131,212,692,359,333,0,1,2,p_1.30.24_LL3f_mi,15
67,166,134,215,686,357,329,0,1,2,p_1.30.24_LL3f_mi,15
68,177,145,226,657,329,328,0,1,2,p_1.30.24_LL3f_mi,15
69,173,138,225,667,327,340,0,1,2,p_1.30.24_LL3f_mi,15
70,178,139,221,676,331,345,0,1,2,p_1.30.24_LL3f_mi,15
71,178,134,222,667,321,346,0,1,2,p_1.30.24_LL3f_mi,15
72,181,136,229,653,323,330,0,1,2,p_1.30.24_LL3f_mi,15
73,180,138,233,633,318,315,0,1,2,p_1.30.24_LL3f_mi,15
74,179,138,220,675,349,326,0,1,2,p_1.30.24_LL3f_mi,15
75,182,137,231,649,328,321,0,1,2,p_1.30.24_LL3f_mi,15
76,162,123,209,709,356,353,0,1,2,p_1.30.24_LL3f_mi,15
77,175,137,222,671,330,341,0,1,2,p_1.30.24_LL3f_mi,15
78,171,131,227,654,329,325,0,1,2,p_1.30.24_LL3f_mi,15
79,176,140,223,668,322,346,0,1,2,p_1.30.24_LL3f_mi,15
80,172,143,223,659,313,346,0,1,2,p_1.30.24_LL3f_mi,15
81,168,134,227,653,318,335,0,1,2,p_1.30.24_LL3f_mi,15
82,174,137,221,672,333,339,0,1,2,p_1.30.24_LL3f_mi,15
83,173,140,220,679,328,351,0,1,2,p_1.30.24_LL3f_mi,15
84,179,136,223,669,319,350,0,1,2,p_1.30.24_LL3f_mi,15
85,175,150,223,663,310,353,0,1,2,p_1.30.24_LL3f_mi,15
86,166,133,216,681,310,371,0,1,2,p_1.30.24_LL3f_mi,15
87,166,133,221,671,320,351,0,1,2,p_1.30.24_LL3f_mi,15
88,173,147,222,666,328,338,0,1,2,p_1.30.24_LL3f_mi,15
89,172,136,226,657,322,335,0,1,2,p_1.30.24_LL3f_mi,15
90,178,142,224,665,336,329,0,1,2,p_1.30.24_LL3f_mi,15
91,179,133,227,656,324,332,0,1,2,p_1.30.24_LL3f_mi,15
92,178,139,221,671,327,344,0,1,2,p_1.30.24_LL3f_mi,15
93,181,135,226,660,321,339,0,1,2,p_1.30.24_LL3f_mi,15
94,176,140,221,672,326,346,0,1,2,p_1.30.24_LL3f_mi,15
95,165,128,222,669,312,357,0,1,2,p_1.30.24_LL3f_mi,15
96,179,142,228,648,307,341,0,1,2,p_1.30.24_LL3f_mi,15
97,180,144,231,646,295,351,0,1,2,p_1.30.24_LL3f_mi,15
98,169,134,224,659,315,344,0,1,2,p_1.30.24_LL3f_mi,15
99,179,138,230,642,311,331,0,1,2,p_1.30.24_LL3f_mi,15
100,145,118,182,683,333,350,0,1,2,p_1.30.24_LL3f_mi,15
101,111,104,150,671,318,353,0,1,2,p_1.30.24_LL3f_mi,15
102,113,94,141,608,289,319,0,1,2,p_1.30.24_LL3f_mi,15
103,106,90,145,523,256,267,0,1,2,p_1.30.24_LL3f_mi,15
104,97,79,121,495,249,246,0,1,2,p_1.30.24_LL3f_mi,15
105,77,64,102,452,226,226,0,1,2,p_1.30.24_LL3f_mi,15
106,71,54,93,386,201,185,0,1,2,p_1.30.24_LL3f_mi,15
107,57,49,68,356,184,172,0,1,2,p_1.30.24_LL3f_mi,15
108,52,46,66,284,148,136,0,1,2,p_1.30.24_LL3f_mi,15
109,28,25,38,253,126,127,0,1,2,p_1.30.24_LL3f_mi,15
110,22,20,29,220,104,116,0,1,2,p_1.30.24_LL3f_mi,15
111,30,26,37,171,86,85,0,1,2,p_1.30.24_LL3f_mi,15
112,29,25,37,133,69,64,0,1,2,p_1.30.24_LL3f_mi,15
113,31,25,36,122,65,57,0,1,2,p_1.30.24_LL3f_mi,15
114,26,21,35,111,50,61,0,1,2,p_1.30.24_LL3f_mi,15
115,29,22,34,108,53,55,0,1,2,p_1.30.24_LL3f_mi,15
116,26,19,36,108,51,57,0,1,2,p_1.30.24_LL3f_mi,15
117,30,23,34,115,53,62,0,1,2,p_1.30.24_LL3f_mi,15
118,28,22,36,113,58,55,0,1,2,p_1.30.24_LL3f_mi,15
119,26,21,35,108,53,55,0,1,2,p_1.30.24_LL3f_mi,15
120,26,25,34,105,49,56,0,1,2,p_1.30.24_LL3f_mi,15
121,28,26,34,111,54,57,0,1,2,p_1.30.24_LL3f_mi,15
122,30,22,35,110,50,60,0,1,2,p_1.30.24_LL3f_mi,15
123,26,19,32,107,52,55,0,1,2,p_1.30.24_LL3f_mi,15
124,26,19,34,102,46,56,0,1,2,p_1.30.24_LL3f_mi,15
125,25,18,36,124,57,67,17,1,2,p_1.30.24_LL3f_mi,15
126,28,19,36,116,59,57,8,1,2,p_1.30.24_LL3f_mi,15
127,28,21,37,109,59,50,5,1,2,p_1.30.24_LL3f_mi,15
128,25,17,34,113,55,58,2,1,2,p_1.30.24_LL3f_mi,15
129,27,21,34,106,54,52,0,1,2,p_1.30.24_LL3f_mi,15
130,28,21,34,105,52,53,0,1,2,p_1.30.24_LL3f_mi,15
131,26,17,33,104,54,50,0,1,2,p_1.30.24_LL3f_mi,15
132,23,21,31,93,45,48,0,1,2,p_1.30.24_LL3f_mi,15
133,26,20,33,99,47,52,0,1,2,p_1.30.24_LL3f_mi,15
134,25,19,34,102,55,47,0,1,2,p_1.30.24_LL3f_mi,15
135,26,19,34,100,51,49,0,1,2,p_1.30.24_LL3f_mi,15
136,28,24,36,107,51,56,0,1,2,p_1.30.24_LL3f_mi,15
137,24,21,33,102,44,58,0,1,2,p_1.30.24_LL3f_mi,15
138,23,19,31,94,46,48,0,1,2,p_1.30.24_LL3f_mi,15
139,27,19,34,104,55,49,0,1,2,p_1.30.24_LL3f_mi,15
140,30,24,36,124,68,56,19,1,2,p_1.30.24_LL3f_mi,15
141,26,21,36,117,60,57,12,1,2,p_1.30.24_LL3f_mi,15
142,26,21,35,109,52,57,6,1,2,p_1.30.24_LL3f_mi,15
143,29,20,34,106,56,50,3,1,2,p_1.30.24_LL3f_mi,15
144,27,22,33,101,59,42,1,1,2,p_1.30.24_LL3f_mi,15
145,27,24,35,104,52,52,0,1,2,p_1.30.24_LL3f_mi,15
146,28,21,34,102,55,47,0,1,2,p_1.30.24_LL3f_mi,15
147,30,25,36,110,53,57,0,1,2,p_1.30.24_LL3f_mi,15
148,25,20,33,95,46,49,0,1,2,p_1.30.24_LL3f_mi,15
149,28,24,34,97,52,45,0,1,2,p_1.30.24_LL3f_mi,15
150,27,22,33,105,43,62,0,1,2,p_1.30.24_LL3f_mi,15
151,43,29,70,109,45,64,0,1,2,p_1.30.24_LL3f_mi,15
152,58,40,88,149,62,87,0,1,2,p_1.30.24_LL3f_mi,15
153,87,56,123,198,91,107,0,1,2,p_1.30.24_LL3f_mi,15
154,110,79,142,269,132,137,0,1,2,p_1.30.24_LL3f_mi,15
155,131,93,159,364,179,185,13,1,2,p_1.30.24_LL3f_mi,15
156,131,102,175,406,187,219,14,1,2,p_1.30.24_LL3f_mi,15
157,154,113,193,441,194,247,5,1,2,p_1.30.24_LL3f_mi,15
158,159,120,211,491,222,269,1,1,2,p_1.30.24_LL3f_mi,15
159,177,128,226,543,244,299,0,1,2,p_1.30.24_LL3f_mi,15
160,184,145,242,587,275,312,0,1,2,p_1.30.24_LL3f_mi,15
161,185,146,230,645,314,331,0,1,2,p_1.30.24_LL3f_mi,15
162,171,129,222,665,355,310,0,1,2,p_1.30.24_LL3f_mi,15
163,164,125,221,674,363,311,0,1,2,p_1.30.24_LL3f_mi,15
164,174,136,227,653,357,296,0,1,2,p_1.30.24_LL3f_mi,15
165,175,129,223,669,332,337,0,1,2,p_1.30.24_LL3f_mi,15
166,173,129,223,666,340,326,0,1,2,p_1.30.24_LL3f_mi,15
167,171,131,219,680,338,342,0,1,2,p_1.30.24_LL3f_mi,15
168,170,133,224,664,319,345,0,1,2,p_1.30.24_LL3f_mi,15
169,168,134,220,679,334,345,0,1,2,p_1.30.24_LL3f_mi,15
170,160,123,211,699,341,358,20,1,2,p_1.30.24_LL3f_mi,15
171,168,142,222,667,334,333,7,1,2,p_1.30.24_LL3f_mi,15
172,167,126,221,671,322,349,3,1,2,p_1.30.24_LL3f_mi,15
173,173,135,224,665,323,342,2,1,2,p_1.30.24_LL3f_mi,15
174,175,139,224,669,326,343,0,1,2,p_1.30.24_LL3f_mi,15
175,167,138,220,668,306,362,0,1,2,p_1.30.24_LL3f_mi,15
176,163,137,204,718,330,388,0,1,2,p_1.30.24_LL3f_mi,15
177,176,137,222,668,315,353,0,1,2,p_1.30.24_LL3f_mi,15
178,177,144,229,652,296,356,0,1,2,p_1.30.24_LL3f_mi,15
179,178,143,228,654,303,351,0,1,2,p_1.30.24_LL3f_mi,15
180,177,132,225,659,317,342,0,1,2,p_1.30.24_LL3f_mi,15
181,183,149,226,652,310,342,0,1,2,p_1.30.24_LL3f_mi,15
182,170,141,220,679,329,350,0,1,2,p_1.30.24_LL3f_mi,15
183,165,137,216,680,327,353,0,1,2,p_1.30.24_LL3f_mi,15
184,172,142,221,671,314,357,0,1,2,p_1.30.24_LL3f_mi,15
185,171,137,223,664,310,354,0,1,2,p_1.30.24_LL3f_mi,15
186,175,133,224,662,303,359,0,1,2,p_1.30.24_LL3f_mi,15
187,179,142,227,657,306,351,0,1,2,p_1.30.24_LL3f_mi,15
188,175,140,224,673,327,346,0,1,2,p_1.30.24_LL3f_mi,15
189,170,136,217,681,341,340,0,1,2,p_1.30.24_LL3f_mi,15
190,179,137,228,654,316,338,0,1,2,p_1.30.24_LL3f_mi,15
191,171,138,225,663,324,339,0,1,2,p_1.30.24_LL3f_mi,15
192,164,123,216,688,343,345,0,1,2,p_1.30.24_LL3f_mi,15
193,162,132,207,706,363,343,0,1,2,p_1.30.24_LL3f_mi,15
194,173,134,227,664,337,327,0,1,2,p_1.30.24_LL3f_mi,15
195,176,143,228,651,326,325,0,1,2,p_1.30.24_LL3f_mi,15
196,175,137,219,674,334,340,0,1,2,p_1.30.24_LL3f_mi,15
197,170,136,222,672,326,346,0,1,2,p_1.30.24_LL3f_mi,15
198,174,136,225,660,329,331,0,1,2,p_1.30.24_LL3f_mi,15
199,185,140,232,643,321,322,0,1,2,p_1.30.24_LL3f_mi,15
200,175,139,222,665,330,335,0,1,2,p_1.30.24_LL3f_mi,15
201,167,135,205,710,363,347,0,1,2,p_1.30.24_LL3f_mi,15
202,171,132,217,686,350,336,0,1,2,p_1.30.24_LL3f_mi,15
203,187,153,232,638,326,312,0,1,2,p_1.30.24_LL3f_mi,15
204,183,137,233,641,341,300,0,1,2,p_1.30.24_LL3f_mi,15
205,173,137,224,670,361,309,0,1,2,p_1.30.24_LL3f_mi,15
206,175,131,219,678,365,313,0,1,2,p_1.30.24_LL3f_mi,15
207,174,131,227,658,341,317,0,1,2,p_1.30.24_LL3f_mi,15
208,176,132,229,644,334,310,0,1,2,p_1.30.24_LL3f_mi,15
209,170,126,221,668,349,319,0,1,2,p_1.30.24_LL3f_mi,15
210,174,123,226,659,342,317,0,1,2,p_1.30.24_LL3f_mi,15
211,171,131,224,660,347,313,0,1,2,p_1.30.24_LL3f_mi,15
212,181,136,226,662,328,334,0,1,2,p_1.30.24_LL3f_mi,15
213,168,137,222,673,330,343,0,1,2,p_1.30.24_LL3f_mi,15
214,164,131,217,683,322,361,0,1,2,p_1.30.24_LL3f_mi,15
215,166,136,220,676,320,356,0,1,2,p_1.30.24_LL3f_mi,15
216,185,145,227,658,320,338,0,1,2,p_1.30.24_LL3f_mi,15
217,176,141,223,672,346,326,0,1,2,p_1.30.24_LL3f_mi,15
218,179,137,227,655,336,319,0,1,2,p_1.30.24_LL3f_mi,15
219,174,130,224,664,326,338,0,1,2,p_1.30.24_LL3f_mi,15
220,173,140,225,658,323,335,0,1,2,p_1.30.24_LL3f_mi,15
221,170,132,218,678,326,352,0,1,2,p_1.30.24_LL3f_mi,15
222,178,137,226,653,328,325,0,1,2,p_1.30.24_LL3f_mi,15
223,168,133,220,680,333,347,0,1,2,p_1.30.24_LL3f_mi,15
224,175,137,225,654,332,322,0,1,2,p_1.30.24_LL3f_mi,15
225,174,135,221,668,331,337,0,1,2,p_1.30.24_LL3f_mi,15
226,166,132,207,709,342,367,0,1,2,p_1.30.24_LL3f_mi,15
227,177,137,228,653,322,331,0,1,2,p_1.30.24_LL3f_mi,15
228,169,131,224,665,344,321,0,1,2,p_1.30.24_LL3f_mi,15
229,181,138,227,652,338,314,0,1,2,p_1.30.24_LL3f_mi,15
230,183,140,228,653,350,303,0,1,2,p_1.30.24_LL3f_mi,15
231,170,131,225,665,344,321,0,1,2,p_1.30.24_LL3f_mi,15
232,171,133,217,684,343,341,0,1,2,p_1.30.24_LL3f_mi,15
233,171,142,214,693,352,341,0,1,2,p_1.30.24_LL3f_mi,15
234,173,133,225,664,356,308,0,1,2,p_1.30.24_LL3f_mi,15
235,180,140,235,633,332,301,0,1,2,p_1.30.24_LL3f_mi,15
236,173,131,224,664,336,328,0,1,2,p_1.30.24_LL3f_mi,15
237,167,136,218,685,342,343,0,1,2,p_1.30.24_LL3f_mi,15
238,169,139,222,668,340,328,0,1,2,p_1.30.24_LL3f_mi,15
239,167,130,217,687,339,348,0,1,2,p_1.30.24_LL3f_mi,15
240,174,139,228,649,325,324,0,1,2,p_1.30.24_LL3f_mi,15
241,182,137,228,648,323,325,0,1,2,p_1.30.24_LL3f_mi,15
242,171,127,215,685,349,336,0,1,2,p_1.30.24_LL3f_mi,15
243,164,132,210,703,351,352,0,1,2,p_1.30.24_LL3f_mi,15
244,178,141,226,659,328,331,0,1,2,p_1.30.24_LL3f_mi,15
245,175,140,233,631,289,342,0,1,2,p_1.30.24_LL3f_mi,15
246,175,137,222,671,308,363,0,1,2,p_1.30.24_LL3f_mi,15
247,174,138,229,645,309,336,0,1,2,p_1.30.24_LL3f_mi,15
248,180,141,226,666,319,347,0,1,2,p_1.30.24_LL3f_mi,15
249,171,136,221,675,332,343,0,1,2,p_1.30.24_LL3f_mi,15
250,171,133,221,668,327,341,0,1,2,p_1.30.24_LL3f_mi,15
251,155,120,207,711,349,362,0,1,2,p_1.30.24_LL3f_mi,15
252,182,142,231,646,316,330,0,1,2,p_1.30.24_LL3f_mi,15
253,177,139,226,660,319,341,0,1,2,p_1.30.24_LL3f_mi,15
254,172,130,225,657,326,331,0,1,2,p_1.30.24_LL3f_mi,15
255,180,134,228,658,317,341,0,1,2,p_1.30.24_LL3f_mi,15
256,171,136,218,679,320,359,0,1,2,p_1.30.24_LL3f_mi,15
257,170,134,218,677,326,351,0,1,2,p_1.30.24_LL3f_mi,15
258,175,137,225,654,313,341,0,1,2,p_1.30.24_LL3f_mi,15
259,174,134,228,647,301,346,0,1,2,p_1.30.24_LL3f_mi,15
260,176,137,225,653,313,340,0,1,2,p_1.30.24_LL3f_mi,15
261,183,136,228,650,328,322,0,1,2,p_1.30.24_LL3f_mi,15
262,170,132,225,663,339,324,0,1,2,p_1.30.24_LL3f_mi,15
263,171,137,224,666,341,325,0,1,2,p_1.30.24_LL3f_mi,15
264,168,126,217,684,351,333,0,1,2,p_1.30.24_LL3f_mi,15
265,177,141,227,659,316,343,0,1,2,p_1.30.24_LL3f_mi,15
266,170,140,225,662,317,345,0,1,2,p_1.30.24_LL3f_mi,15
267,170,134,223,668,330,338,0,1,2,p_1.30.24_LL3f_mi,15
268,174,136,217,690,353,337,0,1,2,p_1.30.24_LL3f_mi,15
269,162,124,218,681,346,335,0,1,2,p_1.30.24_LL3f_mi,15
270,176,134,227,659,347,312,0,1,2,p_1.30.24_LL3f_mi,15
271,167,123,218,681,349,332,0,1,2,p_1.30.24_LL3f_mi,15
272,175,141,224,666,344,322,0,1,2,p_1.30.24_LL3f_mi,15
273,167,135,223,662,342,320,0,1,2,p_1.30.24_LL3f_mi,15
274,169,133,220,671,343,328,0,1,2,p_1.30.24_LL3f_mi,15
275,171,145,220,682,341,341,0,1,2,p_1.30.24_LL3f_mi,15
276,158,121,205,716,364,352,0,1,2,p_1.30.24_LL3f_mi,15
277,183,149,229,652,339,313,0,1,2,p_1.30.24_LL3f_mi,15
278,185,133,230,651,331,320,0,1,2,p_1.30.24_LL3f_mi,15
279,179,138,224,661,343,318,0,1,2,p_1.30.24_LL3f_mi,15
280,176,135,224,667,333,334,0,1,2,p_1.30.24_LL3f_mi,15
281,174,134,220,675,335,340,0,1,2,p_1.30.24_LL3f_mi,15
282,172,131,224,662,328,334,0,1,2,p_1.30.24_LL3f_mi,15
283,172,132,224,668,331,337,0,1,2,p_1.30.24_LL3f_mi,15
284,180,140,229,648,317,331,0,1,2,p_1.30.24_LL3f_mi,15
285,172,139,227,657,321,336,0,1,2,p_1.30.24_LL3f_mi,15
286,165,124,223,665,341,324,0,1,2,p_1.30.24_LL3f_mi,15
287,172,127,220,677,354,323,0,1,2,p_1.30.24_LL3f_mi,15
288,167,136,215,684,344,340,0,1,2,p_1.30.24_LL3f_mi,15
289,176,141,218,687,356,331,0,1,2,p_1.30.24_LL3f_mi,15
290,170,131,226,653,334,319,0,1,2,p_1.30.24_LL3f_mi,15
291,180,140,234,622,318,304,0,1,2,p_1.30.24_LL3f_mi,15
292,171,134,227,660,320,340,0,1,2,p_1.30.24_LL3f_mi,15
293,175,148,226,653,328,325,0,1,2,p_1.30.24_LL3f_mi,15
294,178,133,225,658,341,317,0,1,2,p_1.30.24_LL3f_mi,15
295,169,132,219,677,336,341,0,1,2,p_1.30.24_LL3f_mi,15
296,170,130,218,682,330,352,0,1,2,p_1.30.24_LL3f_mi,15
297,174,132,227,655,320,335,0,1,2,p_1.30.24_LL3f_mi,15
298,182,139,235,628,312,316,0,1,2,p_1.30.24_LL3f_mi,15
299,175,135,218,676,328,348,0,1,2,p_1.30.24_LL3f_mi,15
300,170,135,221,673,324,349,0,1,2,p_1.30.24_LL3f_mi,15
301,165,121,207,716,336,380,0,1,2,p_1.30.24_LL3f_mi,15
302,172,138,227,654,302,352,0,1,2,p_1.30.24_LL3f_mi,15
303,175,142,225,662,316,346,0,1,2,p_1.30.24_LL3f_mi,15
304,173,136,218,683,329,354,0,1,2,p_1.30.24_LL3f_mi,15
305,181,146,229,647,312,335,0,1,2,p_1.30.24_LL3f_mi,15
306,178,132,228,650,317,333,0,1,2,p_1.30.24_LL3f_mi,15
307,157,123,221,670,332,338,0,1,2,p_1.30.24_LL3f_mi,15
308,174,137,226,658,329,329,0,1,2,p_1.30.24_LL3f_mi,15
309,166,135,213,695,360,335,0,1,2,p_1.30.24_LL3f_mi,15
310,178,127,229,650,351,299,0,1,2,p_1.30.24_LL3f_mi,15
311,177,133,225,659,358,301,0,1,2,p_1.30.24_LL3f_mi,15
312,173,133,224,663,349,314,0,1,2,p_1.30.24_LL3f_mi,15
313,181,139,222,666,340,326,0,1,2,p_1.30.24_LL3f_mi,15
314,169,131,213,692,344,348,0,1,2,p_1.30.24_LL3f_mi,15
315,178,144,226,660,321,339,0,1,2,p_1.30.24_LL3f_mi,15
316,171,131,216,683,344,339,0,1,2,p_1.30.24_LL3f_mi,15
317,180,140,229,648,321,327,0,1,2,p_1.30.24_LL3f_mi,15
318,173,136,227,655,321,334,0,1,2,p_1.30.24_LL3f_mi,15
319,171,136,213,692,343,349,0,1,2,p_1.30.24_LL3f_mi,15
320,177,136,226,654,329,325,0,1,2,p_1.30.24_LL3f_mi,15
321,176,136,226,654,339,315,0,1,2,p_1.30.24_LL3f_mi,15
322,179,138,220,674,348,326,0,1,2,p_1.30.24_LL3f_mi,15
323,181,145,226,655,338,317,0,1,2,p_1.30.24_LL3f_mi,15
324,183,135,231,641,339,302,0,1,2,p_1.30.24_LL3f_mi,15
325,176,137,221,672,339,333,0,1,2,p_1.30.24_LL3f_mi,15
326,153,126,201,722,371,351,0,1,2,p_1.30.24_LL3f_mi,15
327,183,139,228,649,325,324,0,1,2,p_1.30.24_LL3f_mi,15
328,186,136,232,645,322,323,0,1,2,p_1.30.24_LL3f_mi,15
329,178,135,228,652,326,326,0,1,2,p_1.30.24_LL3f_mi,15
330,178,141,228,654,327,327,0,1,2,p_1.30.24_LL3f_mi,15
331,181,139,224,662,332,330,0,1,2,p_1.30.24_LL3f_mi,15
332,178,139,226,659,327,332,0,1,2,p_1.30.24_LL3f_mi,15
333,168,134,226,663,333,330,0,1,2,p_1.30.24_LL3f_mi,15
334,185,140,230,641,312,329,0,1,2,p_1.30.24_LL3f_mi,15
335,182,137,229,649,323,326,0,1,2,p_1.30.24_LL3f_mi,15
336,171,134,217,681,339,342,0,1,2,p_1.30.24_LL3f_mi,15
337,163,126,217,685,324,361,0,1,2,p_1.30.24_LL3f_mi,15
338,175,135,224,670,331,339,0,1,2,p_1.30.24_LL3f_mi,15
339,167,142,220,674,330,344,0,1,2,p_1.30.24_LL3f_mi,15
340,174,131,225,667,328,339,0,1,2,p_1.30.24_LL3f_mi,15
341,178,138,223,664,329,335,0,1,2,p_1.30.24_LL3f_mi,15
342,169,131,222,665,322,343,0,1,2,p_1.30.24_LL3f_mi,15
343,175,138,225,661,322,339,0,1,2,p_1.30.24_LL3f_mi,15
344,181,138,229,650,329,321,0,1,2,p_1.30.24_LL3f_mi,15
345,176,141,223,667,340,327,0,1,2,p_1.30.24_LL3f_mi,15
346,163,128,215,685,332,353,0,1,2,p_1.30.24_LL3f_mi,15
347,177,141,223,668,326,342,0,1,2,p_1.30.24_LL3f_mi,15
348,184,146,232,639,305,334,0,1,2,p_1.30.24_LL3f_mi,15
349,175,133,228,653,324,329,0,1,2,p_1.30.24_LL3f_mi,15
350,172,136,220,677,336,341,0,1,2,p_1.30.24_LL3f_mi,15
1,6,6,8,630,308,322,0,1,3,p_1.30.24_LL3f_mi,15
2,96,86,125,854,415,439,0,1,3,p_1.30.24_LL3f_mi,15
3,125,101,161,799,389,410,0,1,3,p_1.30.24_LL3f_mi,15
4,160,131,205,713,350,363,0,1,3,p_1.30.24_LL3f_mi,15
5,178,140,229,646,326,320,0,1,3,p_1.30.24_LL3f_mi,15
6,184,130,233,640,339,301,0,1,3,p_1.30.24_LL3f_mi,15
7,166,132,219,677,351,326,0,1,3,p_1.30.24_LL3f_mi,15
8,170,131,220,677,342,335,0,1,3,p_1.30.24_LL3f_mi,15
9,170,133,215,693,345,348,0,1,3,p_1.30.24_LL3f_mi,15
10,173,138,223,674,328,346,0,1,3,p_1.30.24_LL3f_mi,15
11,171,128,226,662,314,348,0,1,3,p_1.30.24_LL3f_mi,15
12,178,139,230,651,300,351,0,1,3,p_1.30.24_LL3f_mi,15
13,172,140,220,678,303,375,0,1,3,p_1.30.24_LL3f_mi,15
14,178,137,223,665,289,376,0,1,3,p_1.30.24_LL3f_mi,15
15,170,137,216,685,316,369,0,1,3,p_1.30.24_LL3f_mi,15
16,178,136,233,634,292,342,0,1,3,p_1.30.24_LL3f_mi,15
17,174,140,227,658,332,326,0,1,3,p_1.30.24_LL3f_mi,15
18,177,134,219,683,337,346,0,1,3,p_1.30.24_LL3f_mi,15
19,181,139,227,659,314,345,0,1,3,p_1.30.24_LL3f_mi,15
20,161,124,219,677,327,350,0,1,3,p_1.30.24_LL3f_mi,15
21,170,132,219,677,316,361,0,1,3,p_1.30.24_LL3f_mi,15
22,171,141,222,672,319,353,0,1,3,p_1.30.24_LL3f_mi,15
23,167,134,221,670,320,350,0,1,3,p_1.30.24_LL3f_mi,15
24,168,135,215,689,321,368,0,1,3,p_1.30.24_LL3f_mi,15
25,176,124,223,666,333,333,0,1,3,p_1.30.24_LL3f_mi,15
26,152,125,197,735,382,353,0,1,3,p_1.30.24_LL3f_mi,15
27,185,132,225,665,359,306,0,1,3,p_1.30.24_LL3f_mi,15
28,180,129,227,657,353,304,0,1,3,p_1.30.24_LL3f_mi,15
29,178,137,227,652,360,292,0,1,3,p_1.30.24_LL3f_mi,15
30,180,139,232,642,342,300,0,1,3,p_1.30.24_LL3f_mi,15
31,172,130,229,656,354,302,0,1,3,p_1.30.24_LL3f_mi,15
32,179,142,231,640,338,302,0,1,3,p_1.30.24_LL3f_mi,15
33,174,144,228,659,345,314,0,1,3,p_1.30.24_LL3f_mi,15
34,171,136,225,661,336,325,0,1,3,p_1.30.24_LL3f_mi,15
35,171,138,223,663,330,333,0,1,3,p_1.30.24_LL3f_mi,15
36,157,131,208,707,346,361,0,1,3,p_1.30.24_LL3f_mi,15
37,182,141,228,659,328,331,0,1,3,p_1.30.24_LL3f_mi,15
38,179,134,229,656,325,331,0,1,3,p_1.30.24_LL3f_mi,15
39,174,131,229,647,316,331,0,1,3,p_1.30.24_LL3f_mi,15
40,165,132,216,684,329,355,0,1,3,p_1.30.24_LL3f_mi,15
41,176,137,225,658,322,336,0,1,3,p_1.30.24_LL3f_mi,15
42,179,140,227,656,310,346,0,1,3,p_1.30.24_LL3f_mi,15
43,176,139,225,666,313,353,0,1,3,p_1.30.24_LL3f_mi,15
44,167,130,225,661,334,327,0,1,3,p_1.30.24_LL3f_mi,15
45,169,132,219,674,347,327,0,1,3,p_1.30.24_LL3f_mi,15
46,178,144,222,675,334,341,0,1,3,p_1.30.24_LL3f_mi,15
47,171,132,220,682,329,353,0,1,3,p_1.30.24_LL3f_mi,15
48,172,138,220,679,350,329,0,1,3,p_1.30.24_LL3f_mi,15
49,174,141,222,671,346,325,0,1,3,p_1.30.24_LL3f_mi,15
50,171,136,218,684,343,341,0,1,3,p_1.30.24_LL3f_mi,15
51,158,124,204,711,352,359,0,1,3,p_1.30.24_LL3f_mi,15
52,181,130,233,632,307,325,0,1,3,p_1.30.24_LL3f_mi,15
53,171,138,222,680,343,337,0,1,3,p_1.30.24_LL3f_mi,15
54,170,138,223,664,337,327,0,1,3,p_1.30.24_LL3f_mi,15
55,166,126,216,688,344,344,0,1,3,p_1.30.24_LL3f_mi,15
56,165,142,221,672,334,338,0,1,3,p_1.30.24_LL3f_mi,15
57,169,132,219,682,351,331,0,1,3,p_1.30.24_LL3f_mi,15
58,171,139,219,679,346,333,0,1,3,p_1.30.24_LL3f_mi,15
59,162,132,208,705,356,349,0,1,3,p_1.30.24_LL3f_mi,15
60,172,139,218,680,353,327,0,1,3,p_1.30.24_LL3f_mi,15
61,174,132,228,644,330,314,0,1,3,p_1.30.24_LL3f_mi,15
62,174,132,224,664,336,328,0,1,3,p_1.30.24_LL3f_mi,15
63,186,142,228,657,333,324,0,1,3,p_1.30.24_LL3f_mi,15
64,176,136,221,675,347,328,0,1,3,p_1.30.24_LL3f_mi,15
65,177,135,225,658,333,325,0,1,3,p_1.30.24_LL3f_mi,15
66,178,131,226,661,331,330,0,1,3,p_1.30.24_LL3f_mi,15
67,177,138,229,648,315,333,0,1,3,p_1.30.24_LL3f_mi,15
68,174,140,227,653,324,329,0,1,3,p_1.30.24_LL3f_mi,15
69,168,133,213,691,348,343,0,1,3,p_1.30.24_LL3f_mi,15
70,169,142,220,675,344,331,0,1,3,p_1.30.24_LL3f_mi,15
71,175,138,225,667,335,332,0,1,3,p_1.30.24_LL3f_mi,15
72,179,139,225,661,344,317,0,1,3,p_1.30.24_LL3f_mi,15
73,170,126,219,680,357,323,0,1,3,p_1.30.24_LL3f_mi,15
74,176,135,226,656,347,309,0,1,3,p_1.30.24_LL3f_mi,15
75,174,142,225,660,340,320,0,1,3,p_1.30.24_LL3f_mi,15
76,161,131,203,720,366,354,0,1,3,p_1.30.24_LL3f_mi,15
77,170,138,219,679,330,349,0,1,3,p_1.30.24_LL3f_mi,15
78,172,131,228,650,305,345,0,1,3,p_1.30.24_LL3f_mi,15
79,177,148,222,672,307,365,0,1,3,p_1.30.24_LL3f_mi,15
80,177,145,228,661,307,354,0,1,3,p_1.30.24_LL3f_mi,15
81,171,135,222,671,308,363,0,1,3,p_1.30.24_LL3f_mi,15
82,169,138,227,656,311,345,0,1,3,p_1.30.24_LL3f_mi,15
83,171,132,225,661,315,346,0,1,3,p_1.30.24_LL3f_mi,15
84,172,145,225,670,337,333,0,1,3,p_1.30.24_LL3f_mi,15
85,183,135,225,663,337,326,0,1,3,p_1.30.24_LL3f_mi,15
86,193,148,233,636,316,320,0,1,3,p_1.30.24_LL3f_mi,15
87,176,138,226,651,329,322,0,1,3,p_1.30.24_LL3f_mi,15
88,180,129,229,649,333,316,0,1,3,p_1.30.24_LL3f_mi,15
89,175,138,228,657,319,338,0,1,3,p_1.30.24_LL3f_mi,15
90,175,133,221,666,343,323,0,1,3,p_1.30.24_LL3f_mi,15
91,175,131,221,672,341,331,0,1,3,p_1.30.24_LL3f_mi,15
92,160,124,213,698,348,350,0,1,3,p_1.30.24_LL3f_mi,15
93,181,136,230,643,315,328,0,1,3,p_1.30.24_LL3f_mi,15
94,166,129,223,664,322,342,0,1,3,p_1.30.24_LL3f_mi,15
95,173,134,220,678,335,343,0,1,3,p_1.30.24_LL3f_mi,15
96,172,147,220,681,335,346,0,1,3,p_1.30.24_LL3f_mi,15
97,173,144,223,668,320,348,0,1,3,p_1.30.24_LL3f_mi,15
98,175,138,216,690,334,356,0,1,3,p_1.30.24_LL3f_mi,15
99,178,140,221,670,340,330,0,1,3,p_1.30.24_LL3f_mi,15
100,146,120,191,661,334,327,0,1,3,p_1.30.24_LL3f_mi,15
101,122,96,149,671,343,328,0,1,3,p_1.30.24_LL3f_mi,15
102,113,91,153,587,307,280,0,1,3,p_1.30.24_LL3f_mi,15
103,104,90,144,517,262,255,0,1,3,p_1.30.24_LL3f_mi,15
104,110,83,137,460,236,224,0,1,3,p_1.30.24_LL3f_mi,15
105,94,84,115,427,214,213,0,1,3,p_1.30.24_LL3f_mi,15
106,72,58,86,396,198,198,0,1,3,p_1.30.24_LL3f_mi,15
107,57,50,74,346,161,185,0,1,3,p_1.30.24_LL3f_mi,15
108,51,43,68,279,127,152,0,1,3,p_1.30.24_LL3f_mi,15
109,21,18,28,269,124,145,0,1,3,p_1.30.24_LL3f_mi,15
110,27,27,34,196,93,103,0,1,3,p_1.30.24_LL3f_mi,15
111,29,25,37,159,71,88,0,1,3,p_1.30.24_LL3f_mi,15
112,31,24,38,148,65,83,0,1,3,p_1.30.24_LL3f_mi,15
113,28,25,38,133,61,72,0,1,3,p_1.30.24_LL3f_mi,15
114,29,22,37,120,50,70,0,1,3,p_1.30.24_LL3f_mi,15
115,26,20,37,110,39,71,0,1,3,p_1.30.24_LL3f_mi,15
116,27,25,35,109,39,70,0,1,3,p_1.30.24_LL3f_mi,15
117,30,24,35,104,38,66,0,1,3,p_1.30.24_LL3f_mi,15
118,28,20,35,111,49,62,0,1,3,p_1.30.24_LL3f_mi,15
119,23,19,33,100,39,61,0,1,3,p_1.30.24_LL3f_mi,15
120,30,24,35,102,47,55,0,1,3,p_1.30.24_LL3f_mi,15
121,28,24,33,97,48,49,0,1,3,p_1.30.24_LL3f_mi,15
122,29,22,34,104,47,57,0,1,3,p_1.30.24_LL3f_mi,15
123,26,18,33,105,51,54,0,1,3,p_1.30.24_LL3f_mi,15
124,27,20,32,96,52,44,0,1,3,p_1.30.24_LL3f_mi,15
125,21,15,35,122,70,52,17,1,3,p_1.30.24_LL3f_mi,15
126,26,18,36,116,68,48,9,1,3,p_1.30.24_LL3f_mi,15
127,28,22,37,116,62,54,1,1,3,p_1.30.24_LL3f_mi,15
128,26,22,35,117,58,59,1,1,3,p_1.30.24_LL3f_mi,15
129,30,28,38,110,54,56,0,1,3,p_1.30.24_LL3f_mi,15
130,25,20,33,107,48,59,0,1,3,p_1.30.24_LL3f_mi,15
131,30,20,34,100,47,53,0,1,3,p_1.30.24_LL3f_mi,15
132,26,21,33,109,51,58,0,1,3,p_1.30.24_LL3f_mi,15
133,27,22,35,114,56,58,0,1,3,p_1.30.24_LL3f_mi,15
134,27,19,35,106,55,51,0,1,3,p_1.30.24_LL3f_mi,15
135,27,21,35,111,60,51,0,1,3,p_1.30.24_LL3f_mi,15
136,27,21,34,102,49,53,0,1,3,p_1.30.24_LL3f_mi,15
137,26,22,35,107,43,64,0,1,3,p_1.30.24_LL3f_mi,15
138,26,22,36,107,51,56,0,1,3,p_1.30.24_LL3f_mi,15
139,26,23,34,107,50,57,0,1,3,p_1.30.24_LL3f_mi,15
140,28,20,35,127,64,63,20,1,3,p_1.30.24_LL3f_mi,15
141,28,25,36,121,58,63,10,1,3,p_1.30.24_LL3f_mi,15
142,25,20,35,113,50,63,6,1,3,p_1.30.24_LL3f_mi,15
143,28,25,33,114,51,63,5,1,3,p_1.30.24_LL3f_mi,15
144,26,20,35,104,52,52,0,1,3,p_1.30.24_LL3f_mi,15
145,26,17,34,99,49,50,0,1,3,p_1.30.24_LL3f_mi,15
146,27,18,32,93,52,41,0,1,3,p_1.30.24_LL3f_mi,15
147,27,22,30,86,43,43,0,1,3,p_1.30.24_LL3f_mi,15
148,26,21,30,84,45,39,0,1,3,p_1.30.24_LL3f_mi,15
149,26,19,32,93,54,39,0,1,3,p_1.30.24_LL3f_mi,15
150,25,21,33,96,52,44,0,1,3,p_1.30.24_LL3f_mi,15
151,48,32,73,104,52,52,0,1,3,p_1.30.24_LL3f_mi,15
152,71,42,101,152,75,77,0,1,3,p_1.30.24_LL3f_mi,15
153,94,53,121,189,105,84,0,1,3,p_1.30.24_LL3f_mi,15
154,102,72,142,256,123,133,0,1,3,p_1.30.24_LL3f_mi,15
155,128,92,162,340,169,171,19,1,3,p_1.30.24_LL3f_mi,15
156,133,94,177,408,206,202,10,1,3,p_1.30.24_LL3f_mi,15
157,151,108,195,448,223,225,5,1,3,p_1.30.24_LL3f_mi,15
158,155,115,207,520,255,265,5,1,3,p_1.30.24_LL3f_mi,15
159,177,132,222,565,278,287,1,1,3,p_1.30.24_LL3f_mi,15
160,181,138,238,603,300,303,1,1,3,p_1.30.24_LL3f_mi,15
161,176,136,229,645,327,318,0,1,3,p_1.30.24_LL3f_mi,15
162,178,142,233,639,316,323,0,1,3,p_1.30.24_LL3f_mi,15
163,165,134,217,689,348,341,0,1,3,p_1.30.24_LL3f_mi,15
164,176,138,225,663,338,325,0,1,3,p_1.30.24_LL3f_mi,15
165,171,141,223,665,335,330,0,1,3,p_1.30.24_LL3f_mi,15
166,185,143,233,638,311,327,0,1,3,p_1.30.24_LL3f_mi,15
167,169,136,224,662,327,335,0,1,3,p_1.30.24_LL3f_mi,15
168,179,144,233,640,324,316,0,1,3,p_1.30.24_LL3f_mi,15
169,175,132,227,647,342,305,0,1,3,p_1.30.24_LL3f_mi,15
170,170,139,219,678,354,324,20,1,3,p_1.30.24_LL3f_mi,15
171,165,131,215,693,352,341,11,1,3,p_1.30.24_LL3f_mi,15
172,184,145,229,652,315,337,2,1,3,p_1.30.24_LL3f_mi,15
173,172,139,223,672,332,340,1,1,3,p_1.30.24_LL3f_mi,15
174,167,136,217,685,344,341,1,1,3,p_1.30.24_LL3f_mi,15
175,168,126,221,674,345,329,0,1,3,p_1.30.24_LL3f_mi,15
176,159,129,204,714,364,350,0,1,3,p_1.30.24_LL3f_mi,15
177,182,142,229,651,324,327,0,1,3,p_1.30.24_LL3f_mi,15
178,175,128,230,652,315,337,0,1,3,p_1.30.24_LL3f_mi,15
179,178,136,223,669,334,335,0,1,3,p_1.30.24_LL3f_mi,15
180,177,131,220,682,338,344,0,1,3,p_1.30.24_LL3f_mi,15
181,174,129,224,667,350,317,0,1,3,p_1.30.24_LL3f_mi,15
182,169,132,221,669,352,317,0,1,3,p_1.30.24_LL3f_mi,15
183,172,132,216,690,361,329,0,1,3,p_1.30.24_LL3f_mi,15
184,170,125,222,670,345,325,0,1,3,p_1.30.24_LL3f_mi,15
185,176,136,227,657,324,333,0,1,3,p_1.30.24_LL3f_mi,15
186,172,136,221,670,325,345,0,1,3,p_1.30.24_LL3f_mi,15
187,171,138,216,686,339,347,0,1,3,p_1.30.24_LL3f_mi,15
188,172,140,222,671,333,338,0,1,3,p_1.30.24_LL3f_mi,15
189,177,130,222,667,336,331,0,1,3,p_1.30.24_LL3f_mi,15
190,186,130,230,646,324,322,0,1,3,p_1.30.24_LL3f_mi,15
191,175,139,227,649,315,334,0,1,3,p_1.30.24_LL3f_mi,15
192,170,128,223,662,335,327,0,1,3,p_1.30.24_LL3f_mi,15
193,171,138,216,689,342,347,0,1,3,p_1.30.24_LL3f_mi,15
194,161,138,209,703,347,356,0,1,3,p_1.30.24_LL3f_mi,15
195,172,125,218,681,336,345,0,1,3,p_1.30.24_LL3f_mi,15
196,175,142,225,660,322,338,0,1,3,p_1.30.24_LL3f_mi,15
197,170,134,219,681,335,346,0,1,3,p_1.30.24_LL3f_mi,15
198,180,142,230,645,304,341,0,1,3,p_1.30.24_LL3f_mi,15
199,170,130,220,676,332,344,0,1,3,p_1.30.24_LL3f_mi,15
200,170,135,220,674,329,345,0,1,3,p_1.30.24_LL3f_mi,15
201,154,125,202,725,373,352,0,1,3,p_1.30.24_LL3f_mi,15
202,169,120,217,682,352,330,0,1,3,p_1.30.24_LL3f_mi,15
203,180,140,228,657,349,308,0,1,3,p_1.30.24_LL3f_mi,15
204,179,131,233,640,338,302,0,1,3,p_1.30.24_LL3f_mi,15
205,176,128,224,662,321,341,0,1,3,p_1.30.24_LL3f_mi,15
206,177,142,222,668,328,340,0,1,3,p_1.30.24_LL3f_mi,15
207,188,146,229,651,306,345,0,1,3,p_1.30.24_LL3f_mi,15
208,179,142,228,648,291,357,0,1,3,p_1.30.24_LL3f_mi,15
209,173,144,223,664,302,362,0,1,3,p_1.30.24_LL3f_mi,15
210,176,138,225,662,295,367,0,1,3,p_1.30.24_LL3f_mi,15
211,175,141,227,652,298,354,0,1,3,p_1.30.24_LL3f_mi,15
212,177,135,228,655,318,337,0,1,3,p_1.30.24_LL3f_mi,15
213,181,138,228,657,321,336,0,1,3,p_1.30.24_LL3f_mi,15
214,170,136,221,677,330,347,0,1,3,p_1.30.24_LL3f_mi,15
215,167,132,217,683,339,344,0,1,3,p_1.30.24_LL3f_mi,15
216,180,147,225,659,327,332,0,1,3,p_1.30.24_LL3f_mi,15
217,177,138,226,653,319,334,0,1,3,p_1.30.24_LL3f_mi,15
218,179,145,222,665,316,349,0,1,3,p_1.30.24_LL3f_mi,15
219,185,146,229,650,317,333,0,1,3,p_1.30.24_LL3f_mi,15
220,182,136,232,628,309,319,0,1,3,p_1.30.24_LL3f_mi,15
221,171,130,229,644,327,317,0,1,3,p_1.30.24_LL3f_mi,15
222,175,131,226,660,353,307,0,1,3,p_1.30.24_LL3f_mi,15
223,164,129,212,695,369,326,0,1,3,p_1.30.24_LL3f_mi,15
224,177,133,232,653,339,314,0,1,3,p_1.30.24_LL3f_mi,15
225,173,134,222,674,338,336,0,1,3,p_1.30.24_LL3f_mi,15
226,161,125,208,710,367,343,0,1,3,p_1.30.24_LL3f_mi,15
227,173,134,223,669,336,333,0,1,3,p_1.30.24_LL3f_mi,15
228,178,141,226,661,307,354,0,1,3,p_1.30.24_LL3f_mi,15
229,169,129,225,662,325,337,0,1,3,p_1.30.24_LL3f_mi,15
230,180,143,224,658,323,335,0,1,3,p_1.30.24_LL3f_mi,15
231,164,133,215,684,344,340,0,1,3,p_1.30.24_LL3f_mi,15
232,173,135,216,683,349,334,0,1,3,p_1.30.24_LL3f_mi,15
233,171,139,220,677,340,337,0,1,3,p_1.30.24_LL3f_mi,15
234,169,129,224,665,330,335,0,1,3,p_1.30.24_LL3f_mi,15
235,175,137,225,663,335,328,0,1,3,p_1.30.24_LL3f_mi,15
236,179,141,234,634,318,316,0,1,3,p_1.30.24_LL3f_mi,15
237,171,129,225,657,338,319,0,1,3,p_1.30.24_LL3f_mi,15
238,167,129,219,675,340,335,0,1,3,p_1.30.24_LL3f_mi,15
239,169,131,219,674,332,342,0,1,3,p_1.30.24_LL3f_mi,15
240,171,131,221,674,330,344,0,1,3,p_1.30.24_LL3f_mi,15
241,184,144,229,651,311,340,0,1,3,p_1.30.24_LL3f_mi,15
242,175,139,223,670,336,334,0,1,3,p_1.30.24_LL3f_mi,15
243,167,129,218,683,355,328,0,1,3,p_1.30.24_LL3f_mi,15
244,176,133,222,670,359,311,0,1,3,p_1.30.24_LL3f_mi,15
245,179,136,228,654,349,305,0,1,3,p_1.30.24_LL3f_mi,15
246,170,138,221,677,355,322,0,1,3,p_1.30.24_LL3f_mi,15
247,176,142,218,682,334,348,0,1,3,p_1.30.24_LL3f_mi,15
248,172,136,221,671,315,356,0,1,3,p_1.30.24_LL3f_mi,15
249,180,141,225,658,296,362,0,1,3,p_1.30.24_LL3f_mi,15
250,174,145,223,660,299,361,0,1,3,p_1.30.24_LL3f_mi,15
251,164,137,206,712,310,402,0,1,3,p_1.30.24_LL3f_mi,15
252,181,149,224,669,305,364,0,1,3,p_1.30.24_LL3f_mi,15
253,179,144,232,638,282,356,0,1,3,p_1.30.24_LL3f_mi,15
254,191,135,230,640,308,332,0,1,3,p_1.30.24_LL3f_mi,15
255,172,133,225,667,324,343,0,1,3,p_1.30.24_LL3f_mi,15
256,175,132,224,658,353,305,0,1,3,p_1.30.24_LL3f_mi,15
257,173,135,228,655,336,319,0,1,3,p_1.30.24_LL3f_mi,15
258,165,131,211,691,353,338,0,1,3,p_1.30.24_LL3f_mi,15
259,181,133,228,649,320,329,0,1,3,p_1.30.24_LL3f_mi,15
260,178,144,228,658,331,327,0,1,3,p_1.30.24_LL3f_mi,15
261,174,137,222,667,331,336,0,1,3,p_1.30.24_LL3f_mi,15
262,179,137,226,654,316,338,0,1,3,p_1.30.24_LL3f_mi,15
263,180,143,224,667,309,358,0,1,3,p_1.30.24_LL3f_mi,15
264,176,144,225,658,310,348,0,1,3,p_1.30.24_LL3f_mi,15
265,176,135,226,656,312,344,0,1,3,p_1.30.24_LL3f_mi,15
266,174,135,219,678,317,361,0,1,3,p_1.30.24_LL3f_mi,15
267,176,137,229,651,327,324,0,1,3,p_1.30.24_LL3f_mi,15
268,183,139,226,653,335,318,0,1,3,p_1.30.24_LL3f_mi,15
269,184,143,230,649,327,322,0,1,3,p_1.30.24_LL3f_mi,15
270,171,140,222,666,313,353,0,1,3,p_1.30.24_LL3f_mi,15
271,176,142,222,673,313,360,0,1,3,p_1.30.24_LL3f_mi,15
272,165,134,213,692,322,370,0,1,3,p_1.30.24_LL3f_mi,15
273,173,142,226,655,315,340,0,1,3,p_1.30.24_LL3f_mi,15
274,185,141,231,644,322,322,0,1,3,p_1.30.24_LL3f_mi,15
275,168,133,223,664,334,330,0,1,3,p_1.30.24_LL3f_mi,15
276,171,138,211,705,354,351,0,1,3,p_1.30.24_LL3f_mi,15
277,177,146,230,646,318,328,0,1,3,p_1.30.24_LL3f_mi,15
278,181,141,233,637,311,326,0,1,3,p_1.30.24_LL3f_mi,15
279,178,141,220,680,320,360,0,1,3,p_1.30.24_LL3f_mi,15
280,170,138,217,686,334,352,0,1,3,p_1.30.24_LL3f_mi,15
281,177,144,219,675,344,331,0,1,3,p_1.30.24_LL3f_mi,15
282,175,130,230,649,339,310,0,1,3,p_1.30.24_LL3f_mi,15
283,175,133,226,661,333,328,0,1,3,p_1.30.24_LL3f_mi,15
284,170,133,224,665,326,339,0,1,3,p_1.30.24_LL3f_mi,15
285,180,131,225,658,322,336,0,1,3,p_1.30.24_LL3f_mi,15
286,180,137,231,648,304,344,0,1,3,p_1.30.24_LL3f_mi,15
287,166,133,219,675,305,370,0,1,3,p_1.30.24_LL3f_mi,15
288,178,134,224,667,310,357,0,1,3,p_1.30.24_LL3f_mi,15
289,179,139,228,656,307,349,0,1,3,p_1.30.24_LL3f_mi,15
290,172,141,222,669,333,336,0,1,3,p_1.30.24_LL3f_mi,15
291,179,140,223,667,344,323,0,1,3,p_1.30.24_LL3f_mi,15
292,171,133,226,657,349,308,0,1,3,p_1.30.24_LL3f_mi,15
293,176,133,224,664,332,332,0,1,3,p_1.30.24_LL3f_mi,15
294,174,133,226,665,312,353,0,1,3,p_1.30.24_LL3f_mi,15
295,176,133,225,663,319,344,0,1,3,p_1.30.24_LL3f_mi,15
296,168,136,216,684,328,356,0,1,3,p_1.30.24_LL3f_mi,15
297,170,131,216,681,331,350,0,1,3,p_1.30.24_LL3f_mi,15
298,165,133,217,686,341,345,0,1,3,p_1.30.24_LL3f_mi,15
299,178,127,228,643,320,323,0,1,3,p_1.30.24_LL3f_mi,15
300,180,138,227,659,325,334,0,1,3,p_1.30.24_LL3f_mi,15
301,161,132,205,716,357,359,0,1,3,p_1.30.24_LL3f_mi,15
302,171,133,217,686,341,345,0,1,3,p_1.30.24_LL3f_mi,15
303,183,138,225,660,327,333,0,1,3,p_1.30.24_LL3f_mi,15
304,180,146,227,659,317,342,0,1,3,p_1.30.24_LL3f_mi,15
305,170,139,223,666,329,337,0,1,3,p_1.30.24_LL3f_mi,15
306,172,133,223,672,326,346,0,1,3,p_1.30.24_LL3f_mi,15
307,184,142,228,657,333,324,0,1,3,p_1.30.24_LL3f_mi,15
308,175,132,220,670,341,329,0,1,3,p_1.30.24_LL3f_mi,15
309,174,130,223,663,337,326,0,1,3,p_1.30.24_LL3f_mi,15
310,173,132,221,671,336,335,0,1,3,p_1.30.24_LL3f_mi,15
311,180,139,230,648,327,321,0,1,3,p_1.30.24_LL3f_mi,15
312,177,135,226,655,322,333,0,1,3,p_1.30.24_LL3f_mi,15
313,173,135,219,683,335,348,0,1,3,p_1.30.24_LL3f_mi,15
314,179,133,228,654,312,342,0,1,3,p_1.30.24_LL3f_mi,15
315,182,150,230,644,316,328,0,1,3,p_1.30.24_LL3f_mi,15
316,162,138,223,672,329,343,0,1,3,p_1.30.24_LL3f_mi,15
317,179,137,223,665,339,326,0,1,3,p_1.30.24_LL3f_mi,15
318,179,134,223,668,343,325,0,1,3,p_1.30.24_LL3f_mi,15
319,174,135,233,645,324,321,0,1,3,p_1.30.24_LL3f_mi,15
320,180,129,231,637,334,303,0,1,3,p_1.30.24_LL3f_mi,15
321,176,136,230,653,348,305,0,1,3,p_1.30.24_LL3f_mi,15
322,180,137,225,661,346,315,0,1,3,p_1.30.24_LL3f_mi,15
323,180,137,222,665,337,328,0,1,3,p_1.30.24_LL3f_mi,15
324,179,129,223,670,336,334,0,1,3,p_1.30.24_LL3f_mi,15
325,176,136,225,658,332,326,0,1,3,p_1.30.24_LL3f_mi,15
326,157,124,201,726,370,356,0,1,3,p_1.30.24_LL3f_mi,15
327,176,131,231,636,335,301,0,1,3,p_1.30.24_LL3f_mi,15
328,178,138,226,662,351,311,0,1,3,p_1.30.24_LL3f_mi,15
329,186,135,231,646,334,312,0,1,3,p_1.30.24_LL3f_mi,15
330,168,118,221,670,349,321,0,1,3,p_1.30.24_LL3f_mi,15
331,178,142,227,659,329,330,0,1,3,p_1.30.24_LL3f_mi,15
332,173,134,222,670,316,354,0,1,3,p_1.30.24_LL3f_mi,15
333,171,135,217,684,329,355,0,1,3,p_1.30.24_LL3f_mi,15
334,167,132,222,675,328,347,0,1,3,p_1.30.24_LL3f_mi,15
335,172,136,226,666,321,345,0,1,3,p_1.30.24_LL3f_mi,15
336,173,140,225,667,318,349,0,1,3,p_1.30.24_LL3f_mi,15
337,177,146,219,678,318,360,0,1,3,p_1.30.24_LL3f_mi,15
338,167,143,219,677,332,345,0,1,3,p_1.30.24_LL3f_mi,15
339,174,136,230,645,324,321,0,1,3,p_1.30.24_LL3f_mi,15
340,169,131,217,687,347,340,0,1,3,p_1.30.24_LL3f_mi,15
341,179,143,228,656,323,333,0,1,3,p_1.30.24_LL3f_mi,15
342,178,133,229,648,316,332,0,1,3,p_1.30.24_LL3f_mi,15
343,161,123,216,687,349,338,0,1,3,p_1.30.24_LL3f_mi,15
344,169,131,220,679,361,318,0,1,3,p_1.30.24_LL3f_mi,15
345,170,133,219,676,352,324,0,1,3,p_1.30.24_LL3f_mi,15
346,170,136,219,677,353,324,0,1,3,p_1.30.24_LL3f_mi,15
347,173,134,223,666,340,326,0,1,3,p_1.30.24_LL3f_mi,15
348,172,134,223,664,336,328,0,1,3,p_1.30.24_LL3f_mi,15
349,172,132,222,670,328,342,0,1,3,p_1.30.24_LL3f_mi,15
350,169,136,214,692,347,345,0,1,3,p_1.30.24_LL3f_mi,15
1,4,4,5,611,329,282,0,1,4,p_1.30.24_LL3f_mi,15
2,96,86,131,847,443,404,0,1,4,p_1.30.24_LL3f_mi,15
3,139,118,172,782,418,364,0,1,4,p_1.30.24_LL3f_mi,15
4,160,131,207,712,373,339,0,1,4,p_1.30.24_LL3f_mi,15
5,167,122,220,671,348,323,0,1,4,p_1.30.24_LL3f_mi,15
6,178,136,229,643,334,309,0,1,4,p_1.30.24_LL3f_mi,15
7,173,137,221,672,342,330,0,1,4,p_1.30.24_LL3f_mi,15
8,178,130,232,637,317,320,0,1,4,p_1.30.24_LL3f_mi,15
9,173,139,223,663,343,320,0,1,4,p_1.30.24_LL3f_mi,15
10,171,133,224,661,331,330,0,1,4,p_1.30.24_LL3f_mi,15
11,180,132,226,660,329,331,0,1,4,p_1.30.24_LL3f_mi,15
12,180,132,229,649,329,320,0,1,4,p_1.30.24_LL3f_mi,15
13,168,131,216,687,334,353,0,1,4,p_1.30.24_LL3f_mi,15
14,178,139,223,666,325,341,0,1,4,p_1.30.24_LL3f_mi,15
15,173,128,227,652,331,321,0,1,4,p_1.30.24_LL3f_mi,15
16,179,133,227,656,329,327,0,1,4,p_1.30.24_LL3f_mi,15
17,167,132,217,682,352,330,0,1,4,p_1.30.24_LL3f_mi,15
18,181,135,228,653,322,331,0,1,4,p_1.30.24_LL3f_mi,15
19,170,140,221,670,332,338,0,1,4,p_1.30.24_LL3f_mi,15
20,171,131,224,660,329,331,0,1,4,p_1.30.24_LL3f_mi,15
21,167,134,220,678,342,336,0,1,4,p_1.30.24_LL3f_mi,15
22,169,128,214,687,350,337,0,1,4,p_1.30.24_LL3f_mi,15
23,169,135,225,656,331,325,0,1,4,p_1.30.24_LL3f_mi,15
24,177,145,223,668,335,333,0,1,4,p_1.30.24_LL3f_mi,15
25,175,139,222,668,323,345,0,1,4,p_1.30.24_LL3f_mi,15
26,148,118,193,739,370,369,0,1,4,p_1.30.24_LL3f_mi,15
27,173,131,227,648,320,328,0,1,4,p_1.30.24_LL3f_mi,15
28,171,133,233,635,320,315,0,1,4,p_1.30.24_LL3f_mi,15
29,188,136,231,645,327,318,0,1,4,p_1.30.24_LL3f_mi,15
30,168,133,220,676,345,331,0,1,4,p_1.30.24_LL3f_mi,15
31,159,138,207,708,359,349,0,1,4,p_1.30.24_LL3f_mi,15
32,172,139,223,666,306,360,0,1,4,p_1.30.24_LL3f_mi,15
33,182,137,227,655,322,333,0,1,4,p_1.30.24_LL3f_mi,15
34,180,139,229,645,321,324,0,1,4,p_1.30.24_LL3f_mi,15
35,176,127,221,670,348,322,0,1,4,p_1.30.24_LL3f_mi,15
36,186,133,230,641,334,307,0,1,4,p_1.30.24_LL3f_mi,15
37,177,141,222,670,330,340,0,1,4,p_1.30.24_LL3f_mi,15
38,171,136,221,671,327,344,0,1,4,p_1.30.24_LL3f_mi,15
39,183,141,232,637,316,321,0,1,4,p_1.30.24_LL3f_mi,15
40,181,130,229,656,328,328,0,1,4,p_1.30.24_LL3f_mi,15
41,173,136,223,668,340,328,0,1,4,p_1.30.24_LL3f_mi,15
42,177,142,223,666,325,341,0,1,4,p_1.30.24_LL3f_mi,15
43,163,128,215,691,343,348,0,1,4,p_1.30.24_LL3f_mi,15
44,180,143,226,661,325,336,0,1,4,p_1.30.24_LL3f_mi,15
45,165,131,222,669,330,339,0,1,4,p_1.30.24_LL3f_mi,15
46,172,132,229,640,317,323,0,1,4,p_1.30.24_LL3f_mi,15
47,175,129,224,663,325,338,0,1,4,p_1.30.24_LL3f_mi,15
48,182,135,231,643,312,331,0,1,4,p_1.30.24_LL3f_mi,15
49,167,130,221,680,329,351,0,1,4,p_1.30.24_LL3f_mi,15
50,169,127,219,676,340,336,0,1,4,p_1.30.24_LL3f_mi,15
51,161,134,203,715,344,371,0,1,4,p_1.30.24_LL3f_mi,15
52,180,141,228,653,326,327,0,1,4,p_1.30.24_LL3f_mi,15
53,183,138,226,654,331,323,0,1,4,p_1.30.24_LL3f_mi,15
54,169,136,220,671,342,329,0,1,4,p_1.30.24_LL3f_mi,15
55,179,141,223,670,331,339,0,1,4,p_1.30.24_LL3f_mi,15
56,172,132,223,663,301,362,0,1,4,p_1.30.24_LL3f_mi,15
57,175,138,230,646,302,344,0,1,4,p_1.30.24_LL3f_mi,15
58,178,136,229,656,317,339,0,1,4,p_1.30.24_LL3f_mi,15
59,170,142,221,675,350,325,0,1,4,p_1.30.24_LL3f_mi,15
60,169,138,220,673,343,330,0,1,4,p_1.30.24_LL3f_mi,15
61,185,145,228,651,318,333,0,1,4,p_1.30.24_LL3f_mi,15
62,171,130,223,664,317,347,0,1,4,p_1.30.24_LL3f_mi,15
63,176,139,225,664,330,334,0,1,4,p_1.30.24_LL3f_mi,15
64,171,135,219,676,332,344,0,1,4,p_1.30.24_LL3f_mi,15
65,169,137,219,677,328,349,0,1,4,p_1.30.24_LL3f_mi,15
66,178,135,226,656,332,324,0,1,4,p_1.30.24_LL3f_mi,15
67,167,126,220,670,331,339,0,1,4,p_1.30.24_LL3f_mi,15
68,172,135,225,658,309,349,0,1,4,p_1.30.24_LL3f_mi,15
69,175,144,222,675,336,339,0,1,4,p_1.30.24_LL3f_mi,15
70,183,134,230,649,332,317,0,1,4,p_1.30.24_LL3f_mi,15
71,183,134,231,644,332,312,0,1,4,p_1.30.24_LL3f_mi,15
72,171,135,218,680,333,347,0,1,4,p_1.30.24_LL3f_mi,15
73,168,138,214,689,334,355,0,1,4,p_1.30.24_LL3f_mi,15
74,174,136,224,667,319,348,0,1,4,p_1.30.24_LL3f_mi,15
75,181,137,227,657,319,338,0,1,4,p_1.30.24_LL3f_mi,15
76,159,135,208,709,351,358,0,1,4,p_1.30.24_LL3f_mi,15
77,181,133,229,650,328,322,0,1,4,p_1.30.24_LL3f_mi,15
78,178,134,228,654,314,340,0,1,4,p_1.30.24_LL3f_mi,15
79,175,131,224,661,324,337,0,1,4,p_1.30.24_LL3f_mi,15
80,182,139,229,648,326,322,0,1,4,p_1.30.24_LL3f_mi,15
81,165,130,223,665,337,328,0,1,4,p_1.30.24_LL3f_mi,15
82,169,138,218,679,346,333,0,1,4,p_1.30.24_LL3f_mi,15
83,169,133,220,678,325,353,0,1,4,p_1.30.24_LL3f_mi,15
84,178,139,227,652,313,339,0,1,4,p_1.30.24_LL3f_mi,15
85,172,137,220,680,321,359,0,1,4,p_1.30.24_LL3f_mi,15
86,164,126,220,668,331,337,0,1,4,p_1.30.24_LL3f_mi,15
87,172,137,227,660,323,337,0,1,4,p_1.30.24_LL3f_mi,15
88,170,131,217,687,333,354,0,1,4,p_1.30.24_LL3f_mi,15
89,173,133,220,673,333,340,0,1,4,p_1.30.24_LL3f_mi,15
90,173,139,224,665,318,347,0,1,4,p_1.30.24_LL3f_mi,15
91,177,135,229,648,319,329,0,1,4,p_1.30.24_LL3f_mi,15
92,173,138,223,665,323,342,0,1,4,p_1.30.24_LL3f_mi,15
93,173,136,227,660,323,337,0,1,4,p_1.30.24_LL3f_mi,15
94,180,144,229,653,321,332,0,1,4,p_1.30.24_LL3f_mi,15
95,177,132,219,677,340,337,0,1,4,p_1.30.24_LL3f_mi,15
96,175,131,222,673,344,329,0,1,4,p_1.30.24_LL3f_mi,15
97,166,130,213,689,335,354,0,1,4,p_1.30.24_LL3f_mi,15
98,173,131,220,676,332,344,0,1,4,p_1.30.24_LL3f_mi,15
99,167,128,223,665,331,334,0,1,4,p_1.30.24_LL3f_mi,15
100,149,117,195,651,321,330,0,1,4,p_1.30.24_LL3f_mi,15
101,99,86,134,698,347,351,0,1,4,p_1.30.24_LL3f_mi,15
102,124,96,154,583,277,306,0,1,4,p_1.30.24_LL3f_mi,15
103,115,99,144,522,249,273,0,1,4,p_1.30.24_LL3f_mi,15
104,90,72,116,498,247,251,0,1,4,p_1.30.24_LL3f_mi,15
105,86,71,114,426,215,211,0,1,4,p_1.30.24_LL3f_mi,15
106,74,61,93,387,195,192,0,1,4,p_1.30.24_LL3f_mi,15
107,65,52,79,342,167,175,0,1,4,p_1.30.24_LL3f_mi,15
108,49,43,67,287,131,156,0,1,4,p_1.30.24_LL3f_mi,15
109,28,27,38,259,114,145,0,1,4,p_1.30.24_LL3f_mi,15
110,26,25,32,208,94,114,0,1,4,p_1.30.24_LL3f_mi,15
111,30,24,37,156,72,84,0,1,4,p_1.30.24_LL3f_mi,15
112,28,24,37,126,60,66,0,1,4,p_1.30.24_LL3f_mi,15
113,27,20,36,114,56,58,0,1,4,p_1.30.24_LL3f_mi,15
114,25,21,34,108,55,53,0,1,4,p_1.30.24_LL3f_mi,15
115,31,24,35,112,54,58,0,1,4,p_1.30.24_LL3f_mi,15
116,28,19,34,107,57,50,0,1,4,p_1.30.24_LL3f_mi,15
117,27,19,34,105,62,43,0,1,4,p_1.30.24_LL3f_mi,15
118,28,19,33,94,54,40,0,1,4,p_1.30.24_LL3f_mi,15
119,25,18,31,95,57,38,0,1,4,p_1.30.24_LL3f_mi,15
120,25,21,32,96,58,38,0,1,4,p_1.30.24_LL3f_mi,15
121,25,20,32,94,52,42,0,1,4,p_1.30.24_LL3f_mi,15
122,26,17,32,92,52,40,0,1,4,p_1.30.24_LL3f_mi,15
123,25,21,31,96,53,43,0,1,4,p_1.30.24_LL3f_mi,15
124,26,22,33,102,49,53,0,1,4,p_1.30.24_LL3f_mi,15
125,25,21,37,132,65,67,22,1,4,p_1.30.24_LL3f_mi,15
126,28,22,37,130,66,64,10,1,4,p_1.30.24_LL3f_mi,15
127,32,28,38,123,50,73,6,1,4,p_1.30.24_LL3f_mi,15
128,31,23,37,122,55,67,0,1,4,p_1.30.24_LL3f_mi,15
129,26,19,35,124,56,68,0,1,4,p_1.30.24_LL3f_mi,15
130,28,19,35,106,54,52,0,1,4,p_1.30.24_LL3f_mi,15
131,26,20,34,108,56,52,0,1,4,p_1.30.24_LL3f_mi,15
132,24,19,35,112,57,55,0,1,4,p_1.30.24_LL3f_mi,15
133,28,21,35,107,54,53,0,1,4,p_1.30.24_LL3f_mi,15
134,26,23,33,107,52,55,0,1,4,p_1.30.24_LL3f_mi,15
135,29,19,36,108,53,55,0,1,4,p_1.30.24_LL3f_mi,15
136,28,23,36,114,54,60,0,1,4,p_1.30.24_LL3f_mi,15
137,27,23,35,111,55,56,0,1,4,p_1.30.24_LL3f_mi,15
138,29,26,34,104,49,55,0,1,4,p_1.30.24_LL3f_mi,15
139,22,19,29,88,43,45,0,1,4,p_1.30.24_LL3f_mi,15
140,25,18,35,113,63,50,21,1,4,p_1.30.24_LL3f_mi,15
141,28,22,36,114,61,53,9,1,4,p_1.30.24_LL3f_mi,15
142,25,23,34,113,55,58,5,1,4,p_1.30.24_LL3f_mi,15
143,25,19,32,110,46,64,2,1,4,p_1.30.24_LL3f_mi,15
144,27,19,35,114,50,64,0,1,4,p_1.30.24_LL3f_mi,15
145,28,22,34,109,52,57,0,1,4,p_1.30.24_LL3f_mi,15
146,27,20,34,104,53,51,0,1,4,p_1.30.24_LL3f_mi,15
147,25,19,34,101,50,51,0,1,4,p_1.30.24_LL3f_mi,15
148,25,20,34,104,52,52,0,1,4,p_1.30.24_LL3f_mi,15
149,26,21,34,99,51,48,0,1,4,p_1.30.24_LL3f_mi,15
150,27,21,34,103,52,51,0,1,4,p_1.30.24_LL3f_mi,15
151,51,34,77,111,55,56,0,1,4,p_1.30.24_LL3f_mi,15
152,65,45,95,141,71,70,0,1,4,p_1.30.24_LL3f_mi,15
153,86,58,121,192,102,90,0,1,4,p_1.30.24_LL3f_mi,15
154,103,67,140,243,123,120,0,1,4,p_1.30.24_LL3f_mi,15
155,125,88,162,347,181,166,20,1,4,p_1.30.24_LL3f_mi,15
156,136,96,179,397,216,181,11,1,4,p_1.30.24_LL3f_mi,15
157,149,102,193,456,243,213,5,1,4,p_1.30.24_LL3f_mi,15
158,164,124,209,516,262,254,3,1,4,p_1.30.24_LL3f_mi,15
159,172,130,225,551,291,260,0,1,4,p_1.30.24_LL3f_mi,15
160,188,136,239,610,323,287,0,1,4,p_1.30.24_LL3f_mi,15
161,178,127,228,650,346,304,0,1,4,p_1.30.24_LL3f_mi,15
162,181,138,228,653,332,321,0,1,4,p_1.30.24_LL3f_mi,15
163,165,122,216,684,347,337,0,1,4,p_1.30.24_LL3f_mi,15
164,167,130,211,696,331,365,0,1,4,p_1.30.24_LL3f_mi,15
165,177,136,227,657,316,341,0,1,4,p_1.30.24_LL3f_mi,15
166,174,136,225,673,329,344,0,1,4,p_1.30.24_LL3f_mi,15
167,175,138,224,667,331,336,0,1,4,p_1.30.24_LL3f_mi,15
168,180,144,225,669,329,340,0,1,4,p_1.30.24_LL3f_mi,15
169,173,139,227,656,326,330,0,1,4,p_1.30.24_LL3f_mi,15
170,171,132,217,690,338,352,17,1,4,p_1.30.24_LL3f_mi,15
171,169,140,216,688,349,339,10,1,4,p_1.30.24_LL3f_mi,15
172,177,141,226,659,337,322,4,1,4,p_1.30.24_LL3f_mi,15
173,186,143,229,645,319,326,1,1,4,p_1.30.24_LL3f_mi,15
174,177,142,228,659,317,342,0,1,4,p_1.30.24_LL3f_mi,15
175,170,138,218,680,336,344,0,1,4,p_1.30.24_LL3f_mi,15
176,166,130,209,711,364,347,0,1,4,p_1.30.24_LL3f_mi,15
177,175,134,221,677,349,328,0,1,4,p_1.30.24_LL3f_mi,15
178,186,128,237,628,319,309,0,1,4,p_1.30.24_LL3f_mi,15
179,176,144,227,652,320,332,0,1,4,p_1.30.24_LL3f_mi,15
180,179,143,230,647,316,331,0,1,4,p_1.30.24_LL3f_mi,15
181,177,142,228,645,316,329,0,1,4,p_1.30.24_LL3f_mi,15
182,180,145,225,661,347,314,0,1,4,p_1.30.24_LL3f_mi,15
183,177,136,223,674,357,317,0,1,4,p_1.30.24_LL3f_mi,15
184,173,133,221,682,363,319,0,1,4,p_1.30.24_LL3f_mi,15
185,176,140,219,684,352,332,0,1,4,p_1.30.24_LL3f_mi,15
186,172,129,218,684,342,342,0,1,4,p_1.30.24_LL3f_mi,15
187,177,140,225,657,308,349,0,1,4,p_1.30.24_LL3f_mi,15
188,169,138,224,667,313,354,0,1,4,p_1.30.24_LL3f_mi,15
189,180,141,227,653,306,347,0,1,4,p_1.30.24_LL3f_mi,15
190,187,138,230,645,316,329,0,1,4,p_1.30.24_LL3f_mi,15
191,173,139,227,653,320,333,0,1,4,p_1.30.24_LL3f_mi,15
192,177,143,222,671,336,335,0,1,4,p_1.30.24_LL3f_mi,15
193,171,131,224,665,332,333,0,1,4,p_1.30.24_LL3f_mi,15
194,169,130,224,662,330,332,0,1,4,p_1.30.24_LL3f_mi,15
195,170,137,225,665,333,332,0,1,4,p_1.30.24_LL3f_mi,15
196,168,132,222,676,334,342,0,1,4,p_1.30.24_LL3f_mi,15
197,177,146,222,667,321,346,0,1,4,p_1.30.24_LL3f_mi,15
198,172,141,223,671,307,364,0,1,4,p_1.30.24_LL3f_mi,15
199,173,132,221,671,312,359,0,1,4,p_1.30.24_LL3f_mi,15
200,179,144,220,676,330,346,0,1,4,p_1.30.24_LL3f_mi,15
201,164,132,209,703,335,368,0,1,4,p_1.30.24_LL3f_mi,15
202,173,140,217,688,330,358,0,1,4,p_1.30.24_LL3f_mi,15
203,175,135,227,652,294,358,0,1,4,p_1.30.24_LL3f_mi,15
204,171,138,226,659,302,357,0,1,4,p_1.30.24_LL3f_mi,15
205,172,131,226,660,316,344,0,1,4,p_1.30.24_LL3f_mi,15
206,173,140,225,667,330,337,0,1,4,p_1.30.24_LL3f_mi,15
207,174,134,222,670,333,337,0,1,4,p_1.30.24_LL3f_mi,15
208,171,127,223,663,334,329,0,1,4,p_1.30.24_LL3f_mi,15
209,172,141,221,673,318,355,0,1,4,p_1.30.24_LL3f_mi,15
210,172,144,226,663,312,351,0,1,4,p_1.30.24_LL3f_mi,15
211,183,141,225,661,324,337,0,1,4,p_1.30.24_LL3f_mi,15
212,179,135,231,643,310,333,0,1,4,p_1.30.24_LL3f_mi,15
213,175,129,224,666,350,316,0,1,4,p_1.30.24_LL3f_mi,15
214,179,137,229,651,323,328,0,1,4,p_1.30.24_LL3f_mi,15
215,176,135,229,649,320,329,0,1,4,p_1.30.24_LL3f_mi,15
216,180,141,226,660,310,350,0,1,4,p_1.30.24_LL3f_mi,15
217,179,148,224,666,322,344,0,1,4,p_1.30.24_LL3f_mi,15
218,181,133,231,648,306,342,0,1,4,p_1.30.24_LL3f_mi,15
219,178,143,224,662,309,353,0,1,4,p_1.30.24_LL3f_mi,15
220,175,137,224,660,316,344,0,1,4,p_1.30.24_LL3f_mi,15
221,177,136,225,658,323,335,0,1,4,p_1.30.24_LL3f_mi,15
222,166,131,219,676,320,356,0,1,4,p_1.30.24_LL3f_mi,15
223,174,130,223,670,330,340,0,1,4,p_1.30.24_LL3f_mi,15
224,175,140,221,680,347,333,0,1,4,p_1.30.24_LL3f_mi,15
225,169,127,219,679,336,343,0,1,4,p_1.30.24_LL3f_mi,15
226,155,124,198,730,369,361,0,1,4,p_1.30.24_LL3f_mi,15
227,179,140,230,649,328,321,0,1,4,p_1.30.24_LL3f_mi,15
228,181,135,232,640,327,313,0,1,4,p_1.30.24_LL3f_mi,15
229,177,134,225,663,344,319,0,1,4,p_1.30.24_LL3f_mi,15
230,174,130,221,675,344,331,0,1,4,p_1.30.24_LL3f_mi,15
231,163,134,210,699,358,341,0,1,4,p_1.30.24_LL3f_mi,15
232,170,131,220,675,347,328,0,1,4,p_1.30.24_LL3f_mi,15
233,179,142,224,661,332,329,0,1,4,p_1.30.24_LL3f_mi,15
234,190,151,234,636,309,327,0,1,4,p_1.30.24_LL3f_mi,15
235,170,138,228,658,308,350,0,1,4,p_1.30.24_LL3f_mi,15
236,171,131,217,689,324,365,0,1,4,p_1.30.24_LL3f_mi,15
237,165,129,214,690,331,359,0,1,4,p_1.30.24_LL3f_mi,15
238,169,130,219,684,322,362,0,1,4,p_1.30.24_LL3f_mi,15
239,169,130,224,661,310,351,0,1,4,p_1.30.24_LL3f_mi,15
240,177,138,227,655,312,343,0,1,4,p_1.30.24_LL3f_mi,15
241,166,132,215,687,323,364,0,1,4,p_1.30.24_LL3f_mi,15
242,177,142,223,668,306,362,0,1,4,p_1.30.24_LL3f_mi,15
243,174,134,224,665,323,342,0,1,4,p_1.30.24_LL3f_mi,15
244,167,132,219,678,324,354,0,1,4,p_1.30.24_LL3f_mi,15
245,170,133,224,660,319,341,0,1,4,p_1.30.24_LL3f_mi,15
246,181,145,226,657,321,336,0,1,4,p_1.30.24_LL3f_mi,15
247,172,142,219,675,350,325,0,1,4,p_1.30.24_LL3f_mi,15
248,179,138,228,657,336,321,0,1,4,p_1.30.24_LL3f_mi,15
249,171,131,220,680,358,322,0,1,4,p_1.30.24_LL3f_mi,15
250,181,136,230,643,326,317,0,1,4,p_1.30.24_LL3f_mi,15
251,164,130,210,702,341,361,0,1,4,p_1.30.24_LL3f_mi,15
252,169,131,225,659,333,326,0,1,4,p_1.30.24_LL3f_mi,15
253,181,141,227,656,328,328,0,1,4,p_1.30.24_LL3f_mi,15
254,176,135,218,679,340,339,0,1,4,p_1.30.24_LL3f_mi,15
255,177,143,233,629,297,332,0,1,4,p_1.30.24_LL3f_mi,15
256,183,140,224,669,321,348,0,1,4,p_1.30.24_LL3f_mi,15
257,182,138,229,648,311,337,0,1,4,p_1.30.24_LL3f_mi,15
258,171,131,218,687,345,342,0,1,4,p_1.30.24_LL3f_mi,15
259,159,130,214,694,344,350,0,1,4,p_1.30.24_LL3f_mi,15
260,177,143,229,645,328,317,0,1,4,p_1.30.24_LL3f_mi,15
261,179,131,226,657,317,340,0,1,4,p_1.30.24_LL3f_mi,15
262,177,138,228,661,330,331,0,1,4,p_1.30.24_LL3f_mi,15
263,182,143,234,643,329,314,0,1,4,p_1.30.24_LL3f_mi,15
264,167,139,216,687,341,346,0,1,4,p_1.30.24_LL3f_mi,15
265,168,140,222,666,328,338,0,1,4,p_1.30.24_LL3f_mi,15
266,165,126,223,667,338,329,0,1,4,p_1.30.24_LL3f_mi,15
267,155,134,203,715,364,351,0,1,4,p_1.30.24_LL3f_mi,15
268,165,130,216,685,350,335,0,1,4,p_1.30.24_LL3f_mi,15
269,169,131,216,686,354,332,0,1,4,p_1.30.24_LL3f_mi,15
270,168,142,219,676,338,338,0,1,4,p_1.30.24_LL3f_mi,15
271,164,134,218,676,358,318,0,1,4,p_1.30.24_LL3f_mi,15
272,173,132,227,645,333,312,0,1,4,p_1.30.24_LL3f_mi,15
273,171,130,224,665,334,331,0,1,4,p_1.30.24_LL3f_mi,15
274,171,142,221,671,327,344,0,1,4,p_1.30.24_LL3f_mi,15
275,173,129,223,668,333,335,0,1,4,p_1.30.24_LL3f_mi,15
276,152,126,202,723,353,370,0,1,4,p_1.30.24_LL3f_mi,15
277,175,137,222,668,320,348,0,1,4,p_1.30.24_LL3f_mi,15
278,172,145,227,647,312,335,0,1,4,p_1.30.24_LL3f_mi,15
279,170,145,224,662,324,338,0,1,4,p_1.30.24_LL3f_mi,15
280,174,145,221,675,331,344,0,1,4,p_1.30.24_LL3f_mi,15
281,176,137,221,676,333,343,0,1,4,p_1.30.24_LL3f_mi,15
282,184,136,226,657,331,326,0,1,4,p_1.30.24_LL3f_mi,15
283,167,130,224,664,333,331,0,1,4,p_1.30.24_LL3f_mi,15
284,175,134,222,669,347,322,0,1,4,p_1.30.24_LL3f_mi,15
285,172,136,224,663,347,316,0,1,4,p_1.30.24_LL3f_mi,15
286,172,139,220,672,340,332,0,1,4,p_1.30.24_LL3f_mi,15
287,169,139,225,659,328,331,0,1,4,p_1.30.24_LL3f_mi,15
288,179,138,230,645,316,329,0,1,4,p_1.30.24_LL3f_mi,15
289,182,139,232,636,291,345,0,1,4,p_1.30.24_LL3f_mi,15
290,176,140,227,655,307,348,0,1,4,p_1.30.24_LL3f_mi,15
291,169,136,224,663,312,351,0,1,4,p_1.30.24_LL3f_mi,15
292,171,134,220,678,324,354,0,1,4,p_1.30.24_LL3f_mi,15
293,171,131,217,686,332,354,0,1,4,p_1.30.24_LL3f_mi,15
294,178,132,231,645,327,318,0,1,4,p_1.30.24_LL3f_mi,15
295,174,132,227,652,333,319,0,1,4,p_1.30.24_LL3f_mi,15
296,181,133,229,647,337,310,0,1,4,p_1.30.24_LL3f_mi,15
297,182,140,233,649,339,310,0,1,4,p_1.30.24_LL3f_mi,15
298,174,131,221,672,355,317,0,1,4,p_1.30.24_LL3f_mi,15
299,176,132,227,657,332,325,0,1,4,p_1.30.24_LL3f_mi,15
300,176,135,225,661,323,338,0,1,4,p_1.30.24_LL3f_mi,15
301,155,119,200,721,349,372,0,1,4,p_1.30.24_LL3f_mi,15
302,176,136,227,655,318,337,0,1,4,p_1.30.24_LL3f_mi,15
303,184,143,230,648,311,337,0,1,4,p_1.30.24_LL3f_mi,15
304,175,133,227,660,323,337,0,1,4,p_1.30.24_LL3f_mi,15
305,176,136,226,655,321,334,0,1,4,p_1.30.24_LL3f_mi,15
306,171,131,221,671,329,342,0,1,4,p_1.30.24_LL3f_mi,15
307,173,135,219,684,345,339,0,1,4,p_1.30.24_LL3f_mi,15
308,165,129,218,683,337,346,0,1,4,p_1.30.24_LL3f_mi,15
309,173,136,220,671,341,330,0,1,4,p_1.30.24_LL3f_mi,15
310,179,140,228,656,338,318,0,1,4,p_1.30.24_LL3f_mi,15
311,182,141,225,658,340,318,0,1,4,p_1.30.24_LL3f_mi,15
312,176,145,221,670,352,318,0,1,4,p_1.30.24_LL3f_mi,15
313,176,136,228,665,337,328,0,1,4,p_1.30.24_LL3f_mi,15
314,176,143,227,648,336,312,0,1,4,p_1.30.24_LL3f_mi,15
315,172,136,221,675,341,334,0,1,4,p_1.30.24_LL3f_mi,15
316,175,131,224,655,338,317,0,1,4,p_1.30.24_LL3f_mi,15
317,179,146,222,674,347,327,0,1,4,p_1.30.24_LL3f_mi,15
318,164,137,219,673,335,338,0,1,4,p_1.30.24_LL3f_mi,15
319,172,139,224,662,329,333,0,1,4,p_1.30.24_LL3f_mi,15
320,181,139,223,667,317,350,0,1,4,p_1.30.24_LL3f_mi,15
321,179,140,224,666,328,338,0,1,4,p_1.30.24_LL3f_mi,15
322,170,134,218,679,337,342,0,1,4,p_1.30.24_LL3f_mi,15
323,174,151,226,664,323,341,0,1,4,p_1.30.24_LL3f_mi,15
324,172,136,220,672,327,345,0,1,4,p_1.30.24_LL3f_mi,15
325,180,134,227,656,325,331,0,1,4,p_1.30.24_LL3f_mi,15
326,168,124,212,702,347,355,0,1,4,p_1.30.24_LL3f_mi,15
327,171,137,220,674,339,335,0,1,4,p_1.30.24_LL3f_mi,15
328,177,135,227,651,322,329,0,1,4,p_1.30.24_LL3f_mi,15
329,176,143,226,656,328,328,0,1,4,p_1.30.24_LL3f_mi,15
330,176,141,226,659,324,335,0,1,4,p_1.30.24_LL3f_mi,15
331,178,137,226,661,332,329,0,1,4,p_1.30.24_LL3f_mi,15
332,170,132,213,692,342,350,0,1,4,p_1.30.24_LL3f_mi,15
333,172,139,224,659,326,333,0,1,4,p_1.30.24_LL3f_mi,15
334,180,140,234,635,314,321,0,1,4,p_1.30.24_LL3f_mi,15
335,179,141,223,665,341,324,0,1,4,p_1.30.24_LL3f_mi,15
336,176,135,226,658,351,307,0,1,4,p_1.30.24_LL3f_mi,15
337,183,138,225,655,346,309,0,1,4,p_1.30.24_LL3f_mi,15
338,165,128,205,709,367,342,0,1,4,p_1.30.24_LL3f_mi,15
339,173,144,220,675,340,335,0,1,4,p_1.30.24_LL3f_mi,15
340,181,133,228,650,343,307,0,1,4,p_1.30.24_LL3f_mi,15
341,182,137,227,649,327,322,0,1,4,p_1.30.24_LL3f_mi,15
342,179,140,222,670,318,352,0,1,4,p_1.30.24_LL3f_mi,15
343,174,129,223,667,310,357,0,1,4,p_1.30.24_LL3f_mi,15
344,176,141,223,665,317,348,0,1,4,p_1.30.24_LL3f_mi,15
345,175,138,221,669,321,348,0,1,4,p_1.30.24_LL3f_mi,15
346,169,140,223,667,317,350,0,1,4,p_1.30.24_LL3f_mi,15
347,162,126,219,673,324,349,0,1,4,p_1.30.24_LL3f_mi,15
348,188,140,226,659,315,344,0,1,4,p_1.30.24_LL3f_mi,15
349,170,136,216,687,335,352,0,1,4,p_1.30.24_LL3f_mi,15
350,176,135,228,653,296,357,0,1,4,p_1.30.24_LL3f_mi,15
1,6,5,7,639,316,323,0,1,5,p_1.30.24_LL3f_mi,15
2,105,91,134,844,445,399,0,1,5,p_1.30.24_LL3f_mi,15
3,139,112,178,773,401,372,0,1,5,p_1.30.24_LL3f_mi,15
4,163,132,207,710,349,361,0,1,5,p_1.30.24_LL3f_mi,15
5,177,143,225,661,318,343,0,1,5,p_1.30.24_LL3f_mi,15
6,171,136,225,659,322,337,0,1,5,p_1.30.24_LL3f_mi,15
7,175,137,229,651,303,348,0,1,5,p_1.30.24_LL3f_mi,15
8,177,140,227,654,281,373,0,1,5,p_1.30.24_LL3f_mi,15
9,178,138,227,659,291,368,0,1,5,p_1.30.24_LL3f_mi,15
10,181,144,226,652,311,341,0,1,5,p_1.30.24_LL3f_mi,15
11,178,143,229,644,323,321,0,1,5,p_1.30.24_LL3f_mi,15
12,170,144,224,666,343,323,0,1,5,p_1.30.24_LL3f_mi,15
13,173,135,221,676,356,320,0,1,5,p_1.30.24_LL3f_mi,15
14,166,125,218,680,369,311,0,1,5,p_1.30.24_LL3f_mi,15
15,176,135,218,680,364,316,0,1,5,p_1.30.24_LL3f_mi,15
16,177,133,220,672,356,316,0,1,5,p_1.30.24_LL3f_mi,15
17,179,130,227,653,334,319,0,1,5,p_1.30.24_LL3f_mi,15
18,171,140,219,682,337,345,0,1,5,p_1.30.24_LL3f_mi,15
19,168,138,210,697,342,355,0,1,5,p_1.30.24_LL3f_mi,15
20,178,139,225,655,318,337,0,1,5,p_1.30.24_LL3f_mi,15
21,175,141,224,664,330,334,0,1,5,p_1.30.24_LL3f_mi,15
22,182,137,230,648,323,325,0,1,5,p_1.30.24_LL3f_mi,15
23,166,128,223,668,347,321,0,1,5,p_1.30.24_LL3f_mi,15
24,173,130,220,676,343,333,0,1,5,p_1.30.24_LL3f_mi,15
25,171,130,218,684,352,332,0,1,5,p_1.30.24_LL3f_mi,15
26,157,124,208,709,351,358,0,1,5,p_1.30.24_LL3f_mi,15
27,172,134,224,663,320,343,0,1,5,p_1.30.24_LL3f_mi,15
28,172,130,231,640,316,324,0,1,5,p_1.30.24_LL3f_mi,15
29,174,140,225,661,326,335,0,1,5,p_1.30.24_LL3f_mi,15
30,171,131,223,675,328,347,0,1,5,p_1.30.24_LL3f_mi,15
31,178,134,225,659,306,353,0,1,5,p_1.30.24_LL3f_mi,15
32,182,137,229,648,323,325,0,1,5,p_1.30.24_LL3f_mi,15
33,179,134,228,648,341,307,0,1,5,p_1.30.24_LL3f_mi,15
34,174,133,226,661,343,318,0,1,5,p_1.30.24_LL3f_mi,15
35,177,143,225,656,322,334,0,1,5,p_1.30.24_LL3f_mi,15
36,167,131,224,661,319,342,0,1,5,p_1.30.24_LL3f_mi,15
37,175,135,231,642,296,346,0,1,5,p_1.30.24_LL3f_mi,15
38,180,142,228,655,305,350,0,1,5,p_1.30.24_LL3f_mi,15
39,174,142,223,675,327,348,0,1,5,p_1.30.24_LL3f_mi,15
40,173,137,217,692,335,357,0,1,5,p_1.30.24_LL3f_mi,15
41,177,140,227,658,312,346,0,1,5,p_1.30.24_LL3f_mi,15
42,170,138,225,653,303,350,0,1,5,p_1.30.24_LL3f_mi,15
43,178,143,228,651,318,333,0,1,5,p_1.30.24_LL3f_mi,15
44,171,131,225,656,317,339,0,1,5,p_1.30.24_LL3f_mi,15
45,177,133,223,667,313,354,0,1,5,p_1.30.24_LL3f_mi,15
46,165,136,216,684,314,370,0,1,5,p_1.30.24_LL3f_mi,15
47,177,143,230,643,305,338,0,1,5,p_1.30.24_LL3f_mi,15
48,174,139,218,679,336,343,0,1,5,p_1.30.24_LL3f_mi,15
49,176,131,228,647,321,326,0,1,5,p_1.30.24_LL3f_mi,15
50,176,143,228,651,314,337,0,1,5,p_1.30.24_LL3f_mi,15
51,155,124,207,709,345,364,0,1,5,p_1.30.24_LL3f_mi,15
52,166,133,212,696,340,356,0,1,5,p_1.30.24_LL3f_mi,15
53,169,139,219,679,335,344,0,1,5,p_1.30.24_LL3f_mi,15
54,174,138,221,672,329,343,0,1,5,p_1.30.24_LL3f_mi,15
55,180,140,226,660,321,339,0,1,5,p_1.30.24_LL3f_mi,15
56,183,139,229,646,309,337,0,1,5,p_1.30.24_LL3f_mi,15
57,173,139,222,675,311,364,0,1,5,p_1.30.24_LL3f_mi,15
58,165,125,209,706,338,368,0,1,5,p_1.30.24_LL3f_mi,15
59,171,135,218,674,332,342,0,1,5,p_1.30.24_LL3f_mi,15
60,180,138,231,647,331,316,0,1,5,p_1.30.24_LL3f_mi,15
61,171,121,226,662,341,321,0,1,5,p_1.30.24_LL3f_mi,15
62,167,128,218,679,348,331,0,1,5,p_1.30.24_LL3f_mi,15
63,178,130,223,664,335,329,0,1,5,p_1.30.24_LL3f_mi,15
64,174,124,224,663,336,327,0,1,5,p_1.30.24_LL3f_mi,15
65,169,136,223,667,328,339,0,1,5,p_1.30.24_LL3f_mi,15
66,178,140,229,646,305,341,0,1,5,p_1.30.24_LL3f_mi,15
67,183,142,230,643,322,321,0,1,5,p_1.30.24_LL3f_mi,15
68,167,137,220,678,326,352,0,1,5,p_1.30.24_LL3f_mi,15
69,168,133,220,678,330,348,0,1,5,p_1.30.24_LL3f_mi,15
70,170,125,220,676,344,332,0,1,5,p_1.30.24_LL3f_mi,15
71,178,140,227,662,340,322,0,1,5,p_1.30.24_LL3f_mi,15
72,178,139,223,668,322,346,0,1,5,p_1.30.24_LL3f_mi,15
73,176,138,224,662,331,331,0,1,5,p_1.30.24_LL3f_mi,15
74,171,132,219,680,336,344,0,1,5,p_1.30.24_LL3f_mi,15
75,178,134,222,672,332,340,0,1,5,p_1.30.24_LL3f_mi,15
76,170,136,216,694,346,348,0,1,5,p_1.30.24_LL3f_mi,15
77,174,143,218,675,351,324,0,1,5,p_1.30.24_LL3f_mi,15
78,181,143,227,656,335,321,0,1,5,p_1.30.24_LL3f_mi,15
79,183,141,224,669,355,314,0,1,5,p_1.30.24_LL3f_mi,15
80,167,135,214,691,377,314,0,1,5,p_1.30.24_LL3f_mi,15
81,176,139,225,660,345,315,0,1,5,p_1.30.24_LL3f_mi,15
82,165,132,223,671,322,349,0,1,5,p_1.30.24_LL3f_mi,15
83,171,133,227,656,317,339,0,1,5,p_1.30.24_LL3f_mi,15
84,161,133,207,704,336,368,0,1,5,p_1.30.24_LL3f_mi,15
85,179,136,230,648,310,338,0,1,5,p_1.30.24_LL3f_mi,15
86,176,142,224,661,330,331,0,1,5,p_1.30.24_LL3f_mi,15
87,176,134,232,638,332,306,0,1,5,p_1.30.24_LL3f_mi,15
88,177,135,225,662,342,320,0,1,5,p_1.30.24_LL3f_mi,15
89,174,135,224,670,350,320,0,1,5,p_1.30.24_LL3f_mi,15
90,182,136,220,671,346,325,0,1,5,p_1.30.24_LL3f_mi,15
91,172,126,223,668,327,341,0,1,5,p_1.30.24_LL3f_mi,15
92,177,135,223,665,321,344,0,1,5,p_1.30.24_LL3f_mi,15
93,170,141,223,659,304,355,0,1,5,p_1.30.24_LL3f_mi,15
94,184,144,226,655,298,357,0,1,5,p_1.30.24_LL3f_mi,15
95,180,140,233,633,313,320,0,1,5,p_1.30.24_LL3f_mi,15
96,178,140,226,661,329,332,0,1,5,p_1.30.24_LL3f_mi,15
97,177,138,221,669,320,349,0,1,5,p_1.30.24_LL3f_mi,15
98,172,136,226,650,320,330,0,1,5,p_1.30.24_LL3f_mi,15
99,169,141,216,688,343,345,0,1,5,p_1.30.24_LL3f_mi,15
100,146,114,193,657,330,327,0,1,5,p_1.30.24_LL3f_mi,15
101,112,97,145,682,336,346,0,1,5,p_1.30.24_LL3f_mi,15
102,131,101,167,551,283,268,0,1,5,p_1.30.24_LL3f_mi,15
103,112,90,141,529,267,262,0,1,5,p_1.30.24_LL3f_mi,15
104,97,79,125,488,244,244,0,1,5,p_1.30.24_LL3f_mi,15
105,80,70,102,450,238,212,0,1,5,p_1.30.24_LL3f_mi,15
106,67,59,85,403,207,196,0,1,5,p_1.30.24_LL3f_mi,15
107,62,54,76,342,181,161,0,1,5,p_1.30.24_LL3f_mi,15
108,53,44,67,284,148,136,0,1,5,p_1.30.24_LL3f_mi,15
109,33,29,43,249,132,117,0,1,5,p_1.30.24_LL3f_mi,15
110,30,25,36,184,89,95,0,1,5,p_1.30.24_LL3f_mi,15
111,29,25,38,161,74,87,0,1,5,p_1.30.24_LL3f_mi,15
112,28,26,37,141,71,70,0,1,5,p_1.30.24_LL3f_mi,15
113,26,20,34,121,59,62,0,1,5,p_1.30.24_LL3f_mi,15
114,26,21,36,117,55,62,0,1,5,p_1.30.24_LL3f_mi,15
115,26,21,34,110,46,64,0,1,5,p_1.30.24_LL3f_mi,15
116,29,23,35,104,41,63,0,1,5,p_1.30.24_LL3f_mi,15
117,28,24,34,110,46,64,0,1,5,p_1.30.24_LL3f_mi,15
118,23,21,32,104,41,63,0,1,5,p_1.30.24_LL3f_mi,15
119,27,24,34,101,38,63,0,1,5,p_1.30.24_LL3f_mi,15
120,23,19,32,92,39,53,0,1,5,p_1.30.24_LL3f_mi,15
121,23,21,31,92,36,56,0,1,5,p_1.30.24_LL3f_mi,15
122,23,21,31,98,46,52,0,1,5,p_1.30.24_LL3f_mi,15
123,27,19,32,92,41,51,0,1,5,p_1.30.24_LL3f_mi,15
124,25,18,33,96,46,50,0,1,5,p_1.30.24_LL3f_mi,15
125,27,21,35,118,62,56,19,1,5,p_1.30.24_LL3f_mi,15
126,27,21,33,112,58,54,9,1,5,p_1.30.24_LL3f_mi,15
127,26,22,35,100,51,49,3,1,5,p_1.30.24_LL3f_mi,15
128,23,18,32,99,53,46,2,1,5,p_1.30.24_LL3f_mi,15
129,27,20,33,99,56,43,0,1,5,p_1.30.24_LL3f_mi,15
130,21,19,32,92,54,38,0,1,5,p_1.30.24_LL3f_mi,15
131,25,19,31,94,51,43,0,1,5,p_1.30.24_LL3f_mi,15
132,23,17,32,96,51,45,0,1,5,p_1.30.24_LL3f_mi,15
133,24,21,33,93,44,49,0,1,5,p_1.30.24_LL3f_mi,15
134,26,19,35,99,46,53,0,1,5,p_1.30.24_LL3f_mi,15
135,27,23,33,104,51,53,0,1,5,p_1.30.24_LL3f_mi,15
136,29,24,33,102,54,48,0,1,5,p_1.30.24_LL3f_mi,15
137,26,23,33,103,51,52,0,1,5,p_1.30.24_LL3f_mi,15
138,27,21,33,99,48,51,0,1,5,p_1.30.24_LL3f_mi,15
139,26,21,34,111,52,59,0,1,5,p_1.30.24_LL3f_mi,15
140,30,25,37,123,62,61,20,1,5,p_1.30.24_LL3f_mi,15
141,27,19,36,111,58,53,9,1,5,p_1.30.24_LL3f_mi,15
142,26,21,35,104,54,50,4,1,5,p_1.30.24_LL3f_mi,15
143,27,21,36,113,52,61,2,1,5,p_1.30.24_LL3f_mi,15
144,28,24,34,105,47,58,0,1,5,p_1.30.24_LL3f_mi,15
145,24,21,34,100,44,56,0,1,5,p_1.30.24_LL3f_mi,15
146,26,22,32,95,38,57,0,1,5,p_1.30.24_LL3f_mi,15
147,28,21,34,104,40,64,0,1,5,p_1.30.24_LL3f_mi,15
148,26,21,32,94,36,58,0,1,5,p_1.30.24_LL3f_mi,15
149,24,21,31,90,35,55,0,1,5,p_1.30.24_LL3f_mi,15
150,28,23,32,97,40,57,0,1,5,p_1.30.24_LL3f_mi,15
151,38,28,53,97,42,55,0,1,5,p_1.30.24_LL3f_mi,15
152,54,33,80,115,55,60,0,1,5,p_1.30.24_LL3f_mi,15
153,69,45,104,160,70,90,0,1,5,p_1.30.24_LL3f_mi,15
154,99,65,137,223,106,117,0,1,5,p_1.30.24_LL3f_mi,15
155,127,92,162,320,157,163,18,1,5,p_1.30.24_LL3f_mi,15
156,140,103,180,373,182,191,12,1,5,p_1.30.24_LL3f_mi,15
157,150,104,194,434,223,211,6,1,5,p_1.30.24_LL3f_mi,15
158,159,111,213,483,247,236,4,1,5,p_1.30.24_LL3f_mi,15
159,170,127,228,538,268,270,0,1,5,p_1.30.24_LL3f_mi,15
160,181,135,239,606,319,287,0,1,5,p_1.30.24_LL3f_mi,15
161,176,139,228,651,326,325,0,1,5,p_1.30.24_LL3f_mi,15
162,172,134,226,659,319,340,0,1,5,p_1.30.24_LL3f_mi,15
163,177,138,230,646,309,337,0,1,5,p_1.30.24_LL3f_mi,15
164,172,138,222,674,323,351,0,1,5,p_1.30.24_LL3f_mi,15
165,172,128,223,668,322,346,0,1,5,p_1.30.24_LL3f_mi,15
166,163,128,218,677,350,327,0,1,5,p_1.30.24_LL3f_mi,15
167,170,128,221,678,347,331,0,1,5,p_1.30.24_LL3f_mi,15
168,171,140,218,687,353,334,0,1,5,p_1.30.24_LL3f_mi,15
169,172,132,218,676,351,325,0,1,5,p_1.30.24_LL3f_mi,15
170,161,130,214,696,360,336,17,1,5,p_1.30.24_LL3f_mi,15
171,173,132,223,667,341,326,9,1,5,p_1.30.24_LL3f_mi,15
172,166,133,213,692,335,357,6,1,5,p_1.30.24_LL3f_mi,15
173,165,136,219,680,333,347,2,1,5,p_1.30.24_LL3f_mi,15
174,181,136,231,645,309,336,0,1,5,p_1.30.24_LL3f_mi,15
175,180,145,224,664,315,349,0,1,5,p_1.30.24_LL3f_mi,15
176,166,139,210,706,342,364,0,1,5,p_1.30.24_LL3f_mi,15
177,169,134,224,665,331,334,0,1,5,p_1.30.24_LL3f_mi,15
178,174,130,223,670,341,329,0,1,5,p_1.30.24_LL3f_mi,15
179,179,135,226,656,344,312,0,1,5,p_1.30.24_LL3f_mi,15
180,169,133,219,683,355,328,0,1,5,p_1.30.24_LL3f_mi,15
181,171,128,219,679,347,332,0,1,5,p_1.30.24_LL3f_mi,15
182,174,141,217,678,357,321,0,1,5,p_1.30.24_LL3f_mi,15
183,175,137,223,675,352,323,0,1,5,p_1.30.24_LL3f_mi,15
184,183,142,232,646,348,298,0,1,5,p_1.30.24_LL3f_mi,15
185,162,128,216,685,364,321,0,1,5,p_1.30.24_LL3f_mi,15
186,172,133,218,686,364,322,0,1,5,p_1.30.24_LL3f_mi,15
187,169,126,222,666,353,313,0,1,5,p_1.30.24_LL3f_mi,15
188,172,134,220,672,344,328,0,1,5,p_1.30.24_LL3f_mi,15
189,169,136,220,675,332,343,0,1,5,p_1.30.24_LL3f_mi,15
190,184,141,227,652,311,341,0,1,5,p_1.30.24_LL3f_mi,15
191,173,140,222,669,331,338,0,1,5,p_1.30.24_LL3f_mi,15
192,181,141,231,644,320,324,0,1,5,p_1.30.24_LL3f_mi,15
193,174,140,223,671,343,328,0,1,5,p_1.30.24_LL3f_mi,15
194,181,138,231,646,325,321,0,1,5,p_1.30.24_LL3f_mi,15
195,173,138,224,668,333,335,0,1,5,p_1.30.24_LL3f_mi,15
196,184,144,222,671,333,338,0,1,5,p_1.30.24_LL3f_mi,15
197,175,136,226,656,328,328,0,1,5,p_1.30.24_LL3f_mi,15
198,172,129,232,639,309,330,0,1,5,p_1.30.24_LL3f_mi,15
199,179,136,222,666,317,349,0,1,5,p_1.30.24_LL3f_mi,15
200,175,140,229,654,305,349,0,1,5,p_1.30.24_LL3f_mi,15
201,160,133,211,702,336,366,0,1,5,p_1.30.24_LL3f_mi,15
202,171,137,218,679,327,352,0,1,5,p_1.30.24_LL3f_mi,15
203,169,132,219,674,322,352,0,1,5,p_1.30.24_LL3f_mi,15
204,174,133,223,668,336,332,0,1,5,p_1.30.24_LL3f_mi,15
205,175,146,218,682,334,348,0,1,5,p_1.30.24_LL3f_mi,15
206,169,137,217,685,352,333,0,1,5,p_1.30.24_LL3f_mi,15
207,173,140,218,685,353,332,0,1,5,p_1.30.24_LL3f_mi,15
208,176,140,228,651,325,326,0,1,5,p_1.30.24_LL3f_mi,15
209,181,142,221,672,320,352,0,1,5,p_1.30.24_LL3f_mi,15
210,180,138,229,650,314,336,0,1,5,p_1.30.24_LL3f_mi,15
211,172,131,224,664,305,359,0,1,5,p_1.30.24_LL3f_mi,15
212,173,142,228,651,312,339,0,1,5,p_1.30.24_LL3f_mi,15
213,178,141,225,661,307,354,0,1,5,p_1.30.24_LL3f_mi,15
214,174,144,227,654,316,338,0,1,5,p_1.30.24_LL3f_mi,15
215,172,135,224,665,334,331,0,1,5,p_1.30.24_LL3f_mi,15
216,168,138,221,669,333,336,0,1,5,p_1.30.24_LL3f_mi,15
217,163,131,208,706,367,339,0,1,5,p_1.30.24_LL3f_mi,15
218,176,136,222,666,332,334,0,1,5,p_1.30.24_LL3f_mi,15
219,173,130,222,668,336,332,0,1,5,p_1.30.24_LL3f_mi,15
220,173,122,222,670,339,331,0,1,5,p_1.30.24_LL3f_mi,15
221,182,147,233,636,307,329,0,1,5,p_1.30.24_LL3f_mi,15
222,179,139,227,650,317,333,0,1,5,p_1.30.24_LL3f_mi,15
223,183,134,224,658,311,347,0,1,5,p_1.30.24_LL3f_mi,15
224,172,138,221,667,317,350,0,1,5,p_1.30.24_LL3f_mi,15
225,166,130,217,680,333,347,0,1,5,p_1.30.24_LL3f_mi,15
226,149,124,198,729,357,372,0,1,5,p_1.30.24_LL3f_mi,15
227,171,131,221,668,339,329,0,1,5,p_1.30.24_LL3f_mi,15
228,181,137,229,648,334,314,0,1,5,p_1.30.24_LL3f_mi,15
229,179,138,232,640,319,321,0,1,5,p_1.30.24_LL3f_mi,15
230,169,138,222,670,312,358,0,1,5,p_1.30.24_LL3f_mi,15
231,171,140,217,678,329,349,0,1,5,p_1.30.24_LL3f_mi,15
232,164,136,216,683,336,347,0,1,5,p_1.30.24_LL3f_mi,15
233,183,141,227,659,326,333,0,1,5,p_1.30.24_LL3f_mi,15
234,178,137,233,637,315,322,0,1,5,p_1.30.24_LL3f_mi,15
235,171,132,228,657,323,334,0,1,5,p_1.30.24_LL3f_mi,15
236,182,142,228,654,317,337,0,1,5,p_1.30.24_LL3f_mi,15
237,177,132,224,667,335,332,0,1,5,p_1.30.24_LL3f_mi,15
238,165,133,214,701,347,354,0,1,5,p_1.30.24_LL3f_mi,15
239,176,136,224,663,330,333,0,1,5,p_1.30.24_LL3f_mi,15
240,178,140,225,665,328,337,0,1,5,p_1.30.24_LL3f_mi,15
241,174,138,226,658,331,327,0,1,5,p_1.30.24_LL3f_mi,15
242,175,139,219,677,337,340,0,1,5,p_1.30.24_LL3f_mi,15
243,168,132,224,665,319,346,0,1,5,p_1.30.24_LL3f_mi,15
244,172,135,216,688,321,367,0,1,5,p_1.30.24_LL3f_mi,15
245,171,128,224,661,320,341,0,1,5,p_1.30.24_LL3f_mi,15
246,173,137,226,668,320,348,0,1,5,p_1.30.24_LL3f_mi,15
247,173,138,225,657,328,329,0,1,5,p_1.30.24_LL3f_mi,15
248,179,140,226,659,317,342,0,1,5,p_1.30.24_LL3f_mi,15
249,176,143,222,671,330,341,0,1,5,p_1.30.24_LL3f_mi,15
250,183,142,230,649,328,321,0,1,5,p_1.30.24_LL3f_mi,15
251,156,131,202,716,344,372,0,1,5,p_1.30.24_LL3f_mi,15
252,173,137,216,682,333,349,0,1,5,p_1.30.24_LL3f_mi,15
253,174,135,223,667,321,346,0,1,5,p_1.30.24_LL3f_mi,15
254,174,137,226,660,316,344,0,1,5,p_1.30.24_LL3f_mi,15
255,178,142,222,670,323,347,0,1,5,p_1.30.24_LL3f_mi,15
256,178,144,230,644,312,332,0,1,5,p_1.30.24_LL3f_mi,15
257,177,139,225,659,322,337,0,1,5,p_1.30.24_LL3f_mi,15
258,172,140,221,678,337,341,0,1,5,p_1.30.24_LL3f_mi,15
259,183,138,224,661,330,331,0,1,5,p_1.30.24_LL3f_mi,15
260,177,128,229,647,333,314,0,1,5,p_1.30.24_LL3f_mi,15
261,174,128,225,664,348,316,0,1,5,p_1.30.24_LL3f_mi,15
262,168,135,217,686,337,349,0,1,5,p_1.30.24_LL3f_mi,15
263,169,126,214,694,348,346,0,1,5,p_1.30.24_LL3f_mi,15
264,169,133,217,681,337,344,0,1,5,p_1.30.24_LL3f_mi,15
265,175,137,224,668,330,338,0,1,5,p_1.30.24_LL3f_mi,15
266,175,137,227,652,326,326,0,1,5,p_1.30.24_LL3f_mi,15
267,178,139,228,652,342,310,0,1,5,p_1.30.24_LL3f_mi,15
268,175,129,222,667,348,319,0,1,5,p_1.30.24_LL3f_mi,15
269,170,132,219,678,355,323,0,1,5,p_1.30.24_LL3f_mi,15
270,168,133,218,676,361,315,0,1,5,p_1.30.24_LL3f_mi,15
271,178,137,222,669,349,320,0,1,5,p_1.30.24_LL3f_mi,15
272,177,135,227,657,334,323,0,1,5,p_1.30.24_LL3f_mi,15
273,169,126,220,675,340,335,0,1,5,p_1.30.24_LL3f_mi,15
274,172,135,221,672,344,328,0,1,5,p_1.30.24_LL3f_mi,15
275,167,131,221,670,360,310,0,1,5,p_1.30.24_LL3f_mi,15
276,174,129,220,679,354,325,0,1,5,p_1.30.24_LL3f_mi,15
277,163,126,213,690,368,322,0,1,5,p_1.30.24_LL3f_mi,15
278,177,120,228,651,347,304,0,1,5,p_1.30.24_LL3f_mi,15
279,170,134,224,658,347,311,0,1,5,p_1.30.24_LL3f_mi,15
280,178,136,225,653,328,325,0,1,5,p_1.30.24_LL3f_mi,15
281,173,134,221,672,325,347,0,1,5,p_1.30.24_LL3f_mi,15
282,173,132,222,669,326,343,0,1,5,p_1.30.24_LL3f_mi,15
283,185,140,229,651,336,315,0,1,5,p_1.30.24_LL3f_mi,15
284,172,133,215,688,338,350,0,1,5,p_1.30.24_LL3f_mi,15
285,168,131,218,683,335,348,0,1,5,p_1.30.24_LL3f_mi,15
286,170,138,224,656,320,336,0,1,5,p_1.30.24_LL3f_mi,15
287,171,135,222,671,320,351,0,1,5,p_1.30.24_LL3f_mi,15
288,170,128,221,676,330,346,0,1,5,p_1.30.24_LL3f_mi,15
289,176,141,224,663,337,326,0,1,5,p_1.30.24_LL3f_mi,15
290,169,131,220,676,351,325,0,1,5,p_1.30.24_LL3f_mi,15
291,177,148,226,664,326,338,0,1,5,p_1.30.24_LL3f_mi,15
292,170,130,218,682,339,343,0,1,5,p_1.30.24_LL3f_mi,15
293,173,137,215,691,335,356,0,1,5,p_1.30.24_LL3f_mi,15
294,175,131,226,653,321,332,0,1,5,p_1.30.24_LL3f_mi,15
295,184,142,227,649,310,339,0,1,5,p_1.30.24_LL3f_mi,15
296,174,143,217,682,330,352,0,1,5,p_1.30.24_LL3f_mi,15
297,168,140,218,677,321,356,0,1,5,p_1.30.24_LL3f_mi,15
298,173,132,224,661,316,345,0,1,5,p_1.30.24_LL3f_mi,15
299,170,143,221,676,328,348,0,1,5,p_1.30.24_LL3f_mi,15
300,175,135,216,686,347,339,0,1,5,p_1.30.24_LL3f_mi,15
301,171,124,210,704,368,336,0,1,5,p_1.30.24_LL3f_mi,15
302,183,136,225,660,357,303,0,1,5,p_1.30.24_LL3f_mi,15
303,179,135,231,644,324,320,0,1,5,p_1.30.24_LL3f_mi,15
304,175,149,224,666,323,343,0,1,5,p_1.30.24_LL3f_mi,15
305,170,137,225,662,311,351,0,1,5,p_1.30.24_LL3f_mi,15
306,182,138,230,646,316,330,0,1,5,p_1.30.24_LL3f_mi,15
307,173,136,222,675,330,345,0,1,5,p_1.30.24_LL3f_mi,15
308,172,142,221,667,313,354,0,1,5,p_1.30.24_LL3f_mi,15
309,174,139,220,677,327,350,0,1,5,p_1.30.24_LL3f_mi,15
310,170,134,221,670,322,348,0,1,5,p_1.30.24_LL3f_mi,15
311,159,133,208,702,346,356,0,1,5,p_1.30.24_LL3f_mi,15
312,166,132,215,687,351,336,0,1,5,p_1.30.24_LL3f_mi,15
313,178,135,227,653,350,303,0,1,5,p_1.30.24_LL3f_mi,15
314,178,133,229,643,330,313,0,1,5,p_1.30.24_LL3f_mi,15
315,178,126,220,675,340,335,0,1,5,p_1.30.24_LL3f_mi,15
316,173,134,220,675,339,336,0,1,5,p_1.30.24_LL3f_mi,15
317,168,136,216,684,338,346,0,1,5,p_1.30.24_LL3f_mi,15
318,176,138,225,663,343,320,0,1,5,p_1.30.24_LL3f_mi,15
319,170,139,216,689,360,329,0,1,5,p_1.30.24_LL3f_mi,15
320,179,141,229,647,326,321,0,1,5,p_1.30.24_LL3f_mi,15
321,179,135,225,658,325,333,0,1,5,p_1.30.24_LL3f_mi,15
322,180,136,228,657,330,327,0,1,5,p_1.30.24_LL3f_mi,15
323,166,133,211,699,345,354,0,1,5,p_1.30.24_LL3f_mi,15
324,176,141,217,684,337,347,0,1,5,p_1.30.24_LL3f_mi,15
325,183,139,229,648,317,331,0,1,5,p_1.30.24_LL3f_mi,15
326,162,130,213,699,344,355,0,1,5,p_1.30.24_LL3f_mi,15
327,172,134,220,675,333,342,0,1,5,p_1.30.24_LL3f_mi,15
328,176,140,220,683,341,342,0,1,5,p_1.30.24_LL3f_mi,15
329,169,131,219,679,358,321,0,1,5,p_1.30.24_LL3f_mi,15
330,164,118,220,674,353,321,0,1,5,p_1.30.24_LL3f_mi,15
331,166,130,219,678,356,322,0,1,5,p_1.30.24_LL3f_mi,15
332,177,136,227,648,325,323,0,1,5,p_1.30.24_LL3f_mi,15
333,173,133,225,660,339,321,0,1,5,p_1.30.24_LL3f_mi,15
334,180,138,227,655,337,318,0,1,5,p_1.30.24_LL3f_mi,15
335,168,138,222,673,341,332,0,1,5,p_1.30.24_LL3f_mi,15
336,166,135,213,692,343,349,0,1,5,p_1.30.24_LL3f_mi,15
337,170,142,221,669,324,345,0,1,5,p_1.30.24_LL3f_mi,15
338,171,137,223,661,313,348,0,1,5,p_1.30.24_LL3f_mi,15
339,181,138,226,657,318,339,0,1,5,p_1.30.24_LL3f_mi,15
340,168,131,222,669,330,339,0,1,5,p_1.30.24_LL3f_mi,15
341,182,142,227,662,334,328,0,1,5,p_1.30.24_LL3f_mi,15
342,180,145,232,647,319,328,0,1,5,p_1.30.24_LL3f_mi,15
343,166,127,219,677,336,341,0,1,5,p_1.30.24_LL3f_mi,15
344,179,145,223,665,313,352,0,1,5,p_1.30.24_LL3f_mi,15
345,178,139,219,671,311,360,0,1,5,p_1.30.24_LL3f_mi,15
346,177,127,228,645,304,341,0,1,5,p_1.30.24_LL3f_mi,15
347,177,142,224,672,318,354,0,1,5,p_1.30.24_LL3f_mi,15
348,180,139,226,662,309,353,0,1,5,p_1.30.24_LL3f_mi,15
349,175,139,218,681,333,348,0,1,5,p_1.30.24_LL3f_mi,15
350,176,137,226,657,319,338,0,1,5,p_1.30.24_LL3f_mi,15
1,12,12,15,652,326,326,0,1,1,p_1.30.24_LL3f_mi,16
2,93,82,122,857,424,433,0,1,1,p_1.30.24_LL3f_mi,16
3,141,122,178,771,374,397,0,1,1,p_1.30.24_LL3f_mi,16
4,162,132,207,710,347,363,0,1,1,p_1.30.24_LL3f_mi,16
5,181,139,233,634,299,335,0,1,1,p_1.30.24_LL3f_mi,16
6,183,140,227,654,316,338,0,1,1,p_1.30.24_LL3f_mi,16
7,176,138,226,664,319,345,0,1,1,p_1.30.24_LL3f_mi,16
8,178,136,234,631,317,314,0,1,1,p_1.30.24_LL3f_mi,16
9,180,143,226,662,330,332,0,1,1,p_1.30.24_LL3f_mi,16
10,174,135,219,685,329,356,0,1,1,p_1.30.24_LL3f_mi,16
11,175,143,222,663,310,353,0,1,1,p_1.30.24_LL3f_mi,16
12,166,131,226,651,306,345,0,1,1,p_1.30.24_LL3f_mi,16
13,165,128,223,669,312,357,0,1,1,p_1.30.24_LL3f_mi,16
14,169,135,217,682,317,365,0,1,1,p_1.30.24_LL3f_mi,16
15,174,142,228,645,297,348,0,1,1,p_1.30.24_LL3f_mi,16
16,171,134,226,658,316,342,0,1,1,p_1.30.24_LL3f_mi,16
17,175,133,226,659,322,337,0,1,1,p_1.30.24_LL3f_mi,16
18,170,133,221,665,315,350,0,1,1,p_1.30.24_LL3f_mi,16
19,180,142,228,649,318,331,0,1,1,p_1.30.24_LL3f_mi,16
20,174,138,223,672,336,336,0,1,1,p_1.30.24_LL3f_mi,16
21,176,134,220,679,343,336,0,1,1,p_1.30.24_LL3f_mi,16
22,172,131,224,661,340,321,0,1,1,p_1.30.24_LL3f_mi,16
23,171,139,222,669,339,330,0,1,1,p_1.30.24_LL3f_mi,16
24,173,134,222,668,335,333,0,1,1,p_1.30.24_LL3f_mi,16
25,180,136,235,627,317,310,0,1,1,p_1.30.24_LL3f_mi,16
26,168,139,212,698,325,373,0,1,1,p_1.30.24_LL3f_mi,16
27,165,146,211,694,327,367,0,1,1,p_1.30.24_LL3f_mi,16
28,163,131,217,686,324,362,0,1,1,p_1.30.24_LL3f_mi,16
29,173,137,218,676,351,325,0,1,1,p_1.30.24_LL3f_mi,16
30,179,136,227,653,337,316,0,1,1,p_1.30.24_LL3f_mi,16
31,171,129,220,672,336,336,0,1,1,p_1.30.24_LL3f_mi,16
32,182,141,234,628,313,315,0,1,1,p_1.30.24_LL3f_mi,16
33,171,131,226,663,317,346,0,1,1,p_1.30.24_LL3f_mi,16
34,170,135,227,651,315,336,0,1,1,p_1.30.24_LL3f_mi,16
35,172,131,218,685,328,357,0,1,1,p_1.30.24_LL3f_mi,16
36,167,134,224,663,318,345,0,1,1,p_1.30.24_LL3f_mi,16
37,180,138,230,645,318,327,0,1,1,p_1.30.24_LL3f_mi,16
38,179,139,230,648,309,339,0,1,1,p_1.30.24_LL3f_mi,16
39,170,141,231,649,315,334,0,1,1,p_1.30.24_LL3f_mi,16
40,171,133,221,674,325,349,0,1,1,p_1.30.24_LL3f_mi,16
41,171,140,222,674,325,349,0,1,1,p_1.30.24_LL3f_mi,16
42,171,131,223,666,317,349,0,1,1,p_1.30.24_LL3f_mi,16
43,175,133,225,660,318,342,0,1,1,p_1.30.24_LL3f_mi,16
44,179,142,222,672,328,344,0,1,1,p_1.30.24_LL3f_mi,16
45,172,133,220,672,315,357,0,1,1,p_1.30.24_LL3f_mi,16
46,159,123,213,693,324,369,0,1,1,p_1.30.24_LL3f_mi,16
47,177,133,228,647,305,342,0,1,1,p_1.30.24_LL3f_mi,16
48,173,139,226,655,316,339,0,1,1,p_1.30.24_LL3f_mi,16
49,170,136,214,688,336,352,0,1,1,p_1.30.24_LL3f_mi,16
50,163,137,212,694,340,354,0,1,1,p_1.30.24_LL3f_mi,16
51,162,125,201,723,344,379,0,1,1,p_1.30.24_LL3f_mi,16
52,177,143,223,661,307,354,0,1,1,p_1.30.24_LL3f_mi,16
53,173,133,220,679,325,354,0,1,1,p_1.30.24_LL3f_mi,16
54,171,137,221,675,318,357,0,1,1,p_1.30.24_LL3f_mi,16
55,167,141,216,682,322,360,0,1,1,p_1.30.24_LL3f_mi,16
56,168,134,223,671,325,346,0,1,1,p_1.30.24_LL3f_mi,16
57,171,131,224,668,320,348,0,1,1,p_1.30.24_LL3f_mi,16
58,169,129,231,641,312,329,0,1,1,p_1.30.24_LL3f_mi,16
59,169,140,223,668,337,331,0,1,1,p_1.30.24_LL3f_mi,16
60,176,147,230,641,339,302,0,1,1,p_1.30.24_LL3f_mi,16
61,171,132,226,664,349,315,0,1,1,p_1.30.24_LL3f_mi,16
62,168,127,222,675,358,317,0,1,1,p_1.30.24_LL3f_mi,16
63,165,133,208,704,368,336,0,1,1,p_1.30.24_LL3f_mi,16
64,178,130,223,660,336,324,0,1,1,p_1.30.24_LL3f_mi,16
65,177,140,231,642,314,328,0,1,1,p_1.30.24_LL3f_mi,16
66,179,145,230,642,309,333,0,1,1,p_1.30.24_LL3f_mi,16
67,169,130,217,679,314,365,0,1,1,p_1.30.24_LL3f_mi,16
68,171,132,219,685,329,356,0,1,1,p_1.30.24_LL3f_mi,16
69,174,141,222,666,325,341,0,1,1,p_1.30.24_LL3f_mi,16
70,170,137,216,688,331,357,0,1,1,p_1.30.24_LL3f_mi,16
71,174,129,222,669,326,343,0,1,1,p_1.30.24_LL3f_mi,16
72,176,139,221,667,337,330,0,1,1,p_1.30.24_LL3f_mi,16
73,174,137,220,676,351,325,0,1,1,p_1.30.24_LL3f_mi,16
74,174,133,224,667,346,321,0,1,1,p_1.30.24_LL3f_mi,16
75,174,134,224,666,346,320,0,1,1,p_1.30.24_LL3f_mi,16
76,164,124,213,697,362,335,0,1,1,p_1.30.24_LL3f_mi,16
77,175,134,228,654,322,332,0,1,1,p_1.30.24_LL3f_mi,16
78,174,140,225,653,344,309,0,1,1,p_1.30.24_LL3f_mi,16
79,176,135,231,638,330,308,0,1,1,p_1.30.24_LL3f_mi,16
80,176,136,229,642,328,314,0,1,1,p_1.30.24_LL3f_mi,16
81,185,140,228,647,332,315,0,1,1,p_1.30.24_LL3f_mi,16
82,176,135,223,666,323,343,0,1,1,p_1.30.24_LL3f_mi,16
83,169,139,229,645,315,330,0,1,1,p_1.30.24_LL3f_mi,16
84,175,143,227,658,322,336,0,1,1,p_1.30.24_LL3f_mi,16
85,169,135,224,663,326,337,0,1,1,p_1.30.24_LL3f_mi,16
86,174,132,224,665,328,337,0,1,1,p_1.30.24_LL3f_mi,16
87,166,129,216,687,344,343,0,1,1,p_1.30.24_LL3f_mi,16
88,184,138,229,656,350,306,0,1,1,p_1.30.24_LL3f_mi,16
89,171,127,222,675,354,321,0,1,1,p_1.30.24_LL3f_mi,16
90,175,128,222,665,358,307,0,1,1,p_1.30.24_LL3f_mi,16
91,166,127,214,689,344,345,0,1,1,p_1.30.24_LL3f_mi,16
92,175,145,222,666,325,341,0,1,1,p_1.30.24_LL3f_mi,16
93,172,138,216,684,346,338,0,1,1,p_1.30.24_LL3f_mi,16
94,176,141,229,654,324,330,0,1,1,p_1.30.24_LL3f_mi,16
95,176,140,225,659,322,337,0,1,1,p_1.30.24_LL3f_mi,16
96,178,141,226,666,329,337,0,1,1,p_1.30.24_LL3f_mi,16
97,179,146,227,657,323,334,0,1,1,p_1.30.24_LL3f_mi,16
98,169,124,223,667,340,327,0,1,1,p_1.30.24_LL3f_mi,16
99,182,126,228,649,331,318,0,1,1,p_1.30.24_LL3f_mi,16
100,150,119,185,675,334,341,0,1,1,p_1.30.24_LL3f_mi,16
101,104,89,136,693,355,338,0,1,1,p_1.30.24_LL3f_mi,16
102,127,97,163,559,284,275,0,1,1,p_1.30.24_LL3f_mi,16
103,113,94,150,510,243,267,0,1,1,p_1.30.24_LL3f_mi,16
104,89,71,118,495,255,240,0,1,1,p_1.30.24_LL3f_mi,16
105,78,65,97,458,232,226,0,1,1,p_1.30.24_LL3f_mi,16
106,77,64,101,380,195,185,0,1,1,p_1.30.24_LL3f_mi,16
107,58,49,73,351,178,173,0,1,1,p_1.30.24_LL3f_mi,16
108,45,39,57,302,156,146,0,1,1,p_1.30.24_LL3f_mi,16
109,40,33,49,242,129,113,0,1,1,p_1.30.24_LL3f_mi,16
110,28,24,32,204,109,95,0,1,1,p_1.30.24_LL3f_mi,16
111,29,23,37,157,83,74,0,1,1,p_1.30.24_LL3f_mi,16
112,29,23,37,126,66,60,0,1,1,p_1.30.24_LL3f_mi,16
113,27,19,34,110,52,58,0,1,1,p_1.30.24_LL3f_mi,16
114,24,21,33,96,53,43,0,1,1,p_1.30.24_LL3f_mi,16
115,28,23,35,105,58,47,0,1,1,p_1.30.24_LL3f_mi,16
116,29,24,34,111,53,58,0,1,1,p_1.30.24_LL3f_mi,16
117,26,21,32,98,48,50,0,1,1,p_1.30.24_LL3f_mi,16
118,24,19,33,100,47,53,0,1,1,p_1.30.24_LL3f_mi,16
119,27,21,35,107,50,57,0,1,1,p_1.30.24_LL3f_mi,16
120,29,24,35,111,55,56,0,1,1,p_1.30.24_LL3f_mi,16
121,25,22,34,108,49,59,0,1,1,p_1.30.24_LL3f_mi,16
122,23,17,30,94,41,53,0,1,1,p_1.30.24_LL3f_mi,16
123,29,27,35,101,47,54,0,1,1,p_1.30.24_LL3f_mi,16
124,28,26,34,98,50,48,0,1,1,p_1.30.24_LL3f_mi,16
125,25,22,37,119,60,59,20,1,1,p_1.30.24_LL3f_mi,16
126,28,22,36,123,68,55,14,1,1,p_1.30.24_LL3f_mi,16
127,31,22,38,116,64,52,6,1,1,p_1.30.24_LL3f_mi,16
128,26,21,34,120,63,57,3,1,1,p_1.30.24_LL3f_mi,16
129,29,22,37,119,55,64,1,1,1,p_1.30.24_LL3f_mi,16
130,28,21,36,112,54,58,1,1,1,p_1.30.24_LL3f_mi,16
131,27,22,35,106,50,56,0,1,1,p_1.30.24_LL3f_mi,16
132,29,23,34,109,53,56,0,1,1,p_1.30.24_LL3f_mi,16
133,28,23,35,112,57,55,0,1,1,p_1.30.24_LL3f_mi,16
134,26,22,36,120,71,49,0,1,1,p_1.30.24_LL3f_mi,16
135,27,18,34,108,66,42,0,1,1,p_1.30.24_LL3f_mi,16
136,22,19,32,98,51,47,0,1,1,p_1.30.24_LL3f_mi,16
137,24,21,33,96,43,53,0,1,1,p_1.30.24_LL3f_mi,16
138,25,17,31,96,42,54,0,1,1,p_1.30.24_LL3f_mi,16
139,28,23,33,100,49,51,0,1,1,p_1.30.24_LL3f_mi,16
140,25,20,36,126,67,59,22,1,1,p_1.30.24_LL3f_mi,16
141,28,19,35,114,66,48,8,1,1,p_1.30.24_LL3f_mi,16
142,28,22,35,110,61,49,3,1,1,p_1.30.24_LL3f_mi,16
143,24,20,34,108,54,54,0,1,1,p_1.30.24_LL3f_mi,16
144,24,20,31,102,57,45,0,1,1,p_1.30.24_LL3f_mi,16
145,24,21,32,95,44,51,0,1,1,p_1.30.24_LL3f_mi,16
146,25,17,30,91,45,46,0,1,1,p_1.30.24_LL3f_mi,16
147,21,21,31,92,37,55,0,1,1,p_1.30.24_LL3f_mi,16
148,25,20,32,92,36,56,0,1,1,p_1.30.24_LL3f_mi,16
149,22,16,30,83,39,44,0,1,1,p_1.30.24_LL3f_mi,16
150,25,18,33,89,39,50,0,1,1,p_1.30.24_LL3f_mi,16
151,40,28,61,94,42,52,0,1,1,p_1.30.24_LL3f_mi,16
152,58,38,89,127,61,66,0,1,1,p_1.30.24_LL3f_mi,16
153,75,55,112,176,77,99,0,1,1,p_1.30.24_LL3f_mi,16
154,98,64,136,223,108,115,0,1,1,p_1.30.24_LL3f_mi,16
155,122,88,163,310,146,164,17,1,1,p_1.30.24_LL3f_mi,16
156,136,103,180,374,165,209,10,1,1,p_1.30.24_LL3f_mi,16
157,155,112,194,448,206,242,6,1,1,p_1.30.24_LL3f_mi,16
158,160,120,206,520,239,281,2,1,1,p_1.30.24_LL3f_mi,16
159,173,123,226,555,281,274,1,1,1,p_1.30.24_LL3f_mi,16
160,182,134,236,617,313,304,0,1,1,p_1.30.24_LL3f_mi,16
161,180,133,227,643,321,322,0,1,1,p_1.30.24_LL3f_mi,16
162,177,138,227,656,333,323,0,1,1,p_1.30.24_LL3f_mi,16
163,175,131,222,672,319,353,0,1,1,p_1.30.24_LL3f_mi,16
164,168,128,224,659,311,348,0,1,1,p_1.30.24_LL3f_mi,16
165,176,144,222,665,309,356,0,1,1,p_1.30.24_LL3f_mi,16
166,177,137,225,662,315,347,0,1,1,p_1.30.24_LL3f_mi,16
167,180,143,220,673,326,347,0,1,1,p_1.30.24_LL3f_mi,16
168,172,136,220,678,323,355,0,1,1,p_1.30.24_LL3f_mi,16
169,177,136,224,669,331,338,0,1,1,p_1.30.24_LL3f_mi,16
170,165,137,214,693,343,350,19,1,1,p_1.30.24_LL3f_mi,16
171,176,137,224,664,331,333,14,1,1,p_1.30.24_LL3f_mi,16
172,169,137,227,663,349,314,8,1,1,p_1.30.24_LL3f_mi,16
173,172,136,224,660,328,332,1,1,1,p_1.30.24_LL3f_mi,16
174,175,139,229,655,328,327,0,1,1,p_1.30.24_LL3f_mi,16
175,173,125,223,671,347,324,0,1,1,p_1.30.24_LL3f_mi,16
176,168,132,215,696,379,317,0,1,1,p_1.30.24_LL3f_mi,16
177,170,128,218,681,377,304,0,1,1,p_1.30.24_LL3f_mi,16
178,160,123,214,696,370,326,0,1,1,p_1.30.24_LL3f_mi,16
179,175,143,226,656,328,328,0,1,1,p_1.30.24_LL3f_mi,16
180,177,133,228,650,312,338,0,1,1,p_1.30.24_LL3f_mi,16
181,165,135,216,683,306,377,0,1,1,p_1.30.24_LL3f_mi,16
182,154,123,210,700,322,378,0,1,1,p_1.30.24_LL3f_mi,16
183,174,145,227,659,305,354,0,1,1,p_1.30.24_LL3f_mi,16
184,184,139,231,643,314,329,0,1,1,p_1.30.24_LL3f_mi,16
185,167,133,221,676,340,336,0,1,1,p_1.30.24_LL3f_mi,16
186,182,137,231,640,330,310,0,1,1,p_1.30.24_LL3f_mi,16
187,181,140,227,658,337,321,0,1,1,p_1.30.24_LL3f_mi,16
188,174,128,217,684,343,341,0,1,1,p_1.30.24_LL3f_mi,16
189,169,127,217,679,335,344,0,1,1,p_1.30.24_LL3f_mi,16
190,166,125,216,691,351,340,0,1,1,p_1.30.24_LL3f_mi,16
191,174,138,221,669,338,331,0,1,1,p_1.30.24_LL3f_mi,16
192,171,130,223,670,334,336,0,1,1,p_1.30.24_LL3f_mi,16
193,172,128,219,679,335,344,0,1,1,p_1.30.24_LL3f_mi,16
194,177,141,228,659,325,334,0,1,1,p_1.30.24_LL3f_mi,16
195,173,132,221,675,329,346,0,1,1,p_1.30.24_LL3f_mi,16
196,176,134,226,666,329,337,0,1,1,p_1.30.24_LL3f_mi,16
197,174,138,220,679,330,349,0,1,1,p_1.30.24_LL3f_mi,16
198,180,135,231,647,318,329,0,1,1,p_1.30.24_LL3f_mi,16
199,173,144,225,662,326,336,0,1,1,p_1.30.24_LL3f_mi,16
200,173,142,221,672,325,347,0,1,1,p_1.30.24_LL3f_mi,16
201,163,140,205,716,342,374,0,1,1,p_1.30.24_LL3f_mi,16
202,169,126,219,678,326,352,0,1,1,p_1.30.24_LL3f_mi,16
203,174,135,226,655,321,334,0,1,1,p_1.30.24_LL3f_mi,16
204,188,140,231,640,319,321,0,1,1,p_1.30.24_LL3f_mi,16
205,175,133,227,655,327,328,0,1,1,p_1.30.24_LL3f_mi,16
206,165,135,212,691,334,357,0,1,1,p_1.30.24_LL3f_mi,16
207,167,132,215,689,339,350,0,1,1,p_1.30.24_LL3f_mi,16
208,178,145,229,645,323,322,0,1,1,p_1.30.24_LL3f_mi,16
209,172,137,230,650,324,326,0,1,1,p_1.30.24_LL3f_mi,16
210,175,141,226,669,323,346,0,1,1,p_1.30.24_LL3f_mi,16
211,166,125,218,677,321,356,0,1,1,p_1.30.24_LL3f_mi,16
212,171,138,221,677,318,359,0,1,1,p_1.30.24_LL3f_mi,16
213,172,133,219,677,328,349,0,1,1,p_1.30.24_LL3f_mi,16
214,173,139,222,667,310,357,0,1,1,p_1.30.24_LL3f_mi,16
215,177,135,222,672,326,346,0,1,1,p_1.30.24_LL3f_mi,16
216,184,146,231,640,297,343,0,1,1,p_1.30.24_LL3f_mi,16
217,175,135,233,631,301,330,0,1,1,p_1.30.24_LL3f_mi,16
218,184,144,228,650,316,334,0,1,1,p_1.30.24_LL3f_mi,16
219,179,140,219,680,332,348,0,1,1,p_1.30.24_LL3f_mi,16
220,162,132,205,711,350,361,0,1,1,p_1.30.24_LL3f_mi,16
221,169,133,219,680,325,355,0,1,1,p_1.30.24_LL3f_mi,16
222,176,139,226,664,331,333,0,1,1,p_1.30.24_LL3f_mi,16
223,180,141,228,656,314,342,0,1,1,p_1.30.24_LL3f_mi,16
224,178,139,226,660,319,341,0,1,1,p_1.30.24_LL3f_mi,16
225,179,127,229,648,325,323,0,1,1,p_1.30.24_LL3f_mi,16
226,165,134,209,708,353,355,0,1,1,p_1.30.24_LL3f_mi,16
227,176,132,221,671,342,329,0,1,1,p_1.30.24_LL3f_mi,16
228,169,136,224,656,323,333,0,1,1,p_1.30.24_LL3f_mi,16
229,182,142,229,652,311,341,0,1,1,p_1.30.24_LL3f_mi,16
230,182,148,232,637,300,337,0,1,1,p_1.30.24_LL3f_mi,16
231,183,139,232,628,299,329,0,1,1,p_1.30.24_LL3f_mi,16
232,186,143,230,650,308,342,0,1,1,p_1.30.24_LL3f_mi,16
233,177,144,220,678,327,351,0,1,1,p_1.30.24_LL3f_mi,16
234,183,138,225,663,324,339,0,1,1,p_1.30.24_LL3f_mi,16
235,179,138,223,668,335,333,0,1,1,p_1.30.24_LL3f_mi,16
236,164,133,219,684,335,349,0,1,1,p_1.30.24_LL3f_mi,16
237,176,137,224,665,350,315,0,1,1,p_1.30.24_LL3f_mi,16
238,175,129,224,666,355,311,0,1,1,p_1.30.24_LL3f_mi,16
239,181,141,222,672,365,307,0,1,1,p_1.30.24_LL3f_mi,16
240,170,134,219,676,351,325,0,1,1,p_1.30.24_LL3f_mi,16
241,169,134,220,671,340,331,0,1,1,p_1.30.24_LL3f_mi,16
242,169,129,215,690,341,349,0,1,1,p_1.30.24_LL3f_mi,16
243,175,143,224,665,331,334,0,1,1,p_1.30.24_LL3f_mi,16
244,164,133,218,678,338,340,0,1,1,p_1.30.24_LL3f_mi,16
245,179,138,226,653,330,323,0,1,1,p_1.30.24_LL3f_mi,16
246,162,121,219,680,340,340,0,1,1,p_1.30.24_LL3f_mi,16
247,173,139,221,673,327,346,0,1,1,p_1.30.24_LL3f_mi,16
248,178,138,236,625,299,326,0,1,1,p_1.30.24_LL3f_mi,16
249,173,135,228,651,301,350,0,1,1,p_1.30.24_LL3f_mi,16
250,171,135,224,663,326,337,0,1,1,p_1.30.24_LL3f_mi,16
251,156,128,201,728,355,373,0,1,1,p_1.30.24_LL3f_mi,16
252,176,132,222,670,328,342,0,1,1,p_1.30.24_LL3f_mi,16
253,178,137,226,658,328,330,0,1,1,p_1.30.24_LL3f_mi,16
254,181,145,226,655,329,326,0,1,1,p_1.30.24_LL3f_mi,16
255,175,134,221,671,356,315,0,1,1,p_1.30.24_LL3f_mi,16
256,168,127,214,689,345,344,0,1,1,p_1.30.24_LL3f_mi,16
257,180,134,227,657,308,349,0,1,1,p_1.30.24_LL3f_mi,16
258,167,136,223,670,333,337,0,1,1,p_1.30.24_LL3f_mi,16
259,167,128,222,668,333,335,0,1,1,p_1.30.24_LL3f_mi,16
260,168,126,221,667,355,312,0,1,1,p_1.30.24_LL3f_mi,16
261,170,134,221,675,347,328,0,1,1,p_1.30.24_LL3f_mi,16
262,181,139,226,658,328,330,0,1,1,p_1.30.24_LL3f_mi,16
263,181,129,236,629,313,316,0,1,1,p_1.30.24_LL3f_mi,16
264,171,133,221,674,343,331,0,1,1,p_1.30.24_LL3f_mi,16
265,169,131,218,680,337,343,0,1,1,p_1.30.24_LL3f_mi,16
266,177,129,230,647,317,330,0,1,1,p_1.30.24_LL3f_mi,16
267,164,121,218,680,336,344,0,1,1,p_1.30.24_LL3f_mi,16
268,170,132,224,664,332,332,0,1,1,p_1.30.24_LL3f_mi,16
269,178,132,225,664,340,324,0,1,1,p_1.30.24_LL3f_mi,16
270,177,133,225,659,325,334,0,1,1,p_1.30.24_LL3f_mi,16
271,173,135,225,658,319,339,0,1,1,p_1.30.24_LL3f_mi,16
272,184,142,229,654,316,338,0,1,1,p_1.30.24_LL3f_mi,16
273,173,138,222,671,331,340,0,1,1,p_1.30.24_LL3f_mi,16
274,172,138,221,677,334,343,0,1,1,p_1.30.24_LL3f_mi,16
275,174,141,222,673,329,344,0,1,1,p_1.30.24_LL3f_mi,16
276,155,129,204,718,362,356,0,1,1,p_1.30.24_LL3f_mi,16
277,174,127,223,664,343,321,0,1,1,p_1.30.24_LL3f_mi,16
278,184,142,237,618,315,303,0,1,1,p_1.30.24_LL3f_mi,16
279,174,138,232,635,311,324,0,1,1,p_1.30.24_LL3f_mi,16
280,166,132,215,688,335,353,0,1,1,p_1.30.24_LL3f_mi,16
281,182,143,222,673,345,328,0,1,1,p_1.30.24_LL3f_mi,16
282,175,133,227,652,328,324,0,1,1,p_1.30.24_LL3f_mi,16
283,168,135,220,675,343,332,0,1,1,p_1.30.24_LL3f_mi,16
284,161,125,217,686,341,345,0,1,1,p_1.30.24_LL3f_mi,16
285,183,145,227,656,319,337,0,1,1,p_1.30.24_LL3f_mi,16
286,171,124,223,667,330,337,0,1,1,p_1.30.24_LL3f_mi,16
287,174,142,222,668,326,342,0,1,1,p_1.30.24_LL3f_mi,16
288,180,138,224,659,319,340,0,1,1,p_1.30.24_LL3f_mi,16
289,170,139,216,688,311,377,0,1,1,p_1.30.24_LL3f_mi,16
290,172,134,221,668,294,374,0,1,1,p_1.30.24_LL3f_mi,16
291,172,147,222,676,309,367,0,1,1,p_1.30.24_LL3f_mi,16
292,183,144,231,641,299,342,0,1,1,p_1.30.24_LL3f_mi,16
293,181,143,225,658,310,348,0,1,1,p_1.30.24_LL3f_mi,16
294,182,138,228,660,318,342,0,1,1,p_1.30.24_LL3f_mi,16
295,177,144,226,655,322,333,0,1,1,p_1.30.24_LL3f_mi,16
296,176,129,227,661,332,329,0,1,1,p_1.30.24_LL3f_mi,16
297,176,136,228,655,345,310,0,1,1,p_1.30.24_LL3f_mi,16
298,174,141,225,671,356,315,0,1,1,p_1.30.24_LL3f_mi,16
299,186,139,234,635,335,300,0,1,1,p_1.30.24_LL3f_mi,16
300,177,135,222,671,340,331,0,1,1,p_1.30.24_LL3f_mi,16
301,165,131,208,710,339,371,0,1,1,p_1.30.24_LL3f_mi,16
302,175,138,217,686,340,346,0,1,1,p_1.30.24_LL3f_mi,16
303,180,135,229,645,326,319,0,1,1,p_1.30.24_LL3f_mi,16
304,175,136,225,654,328,326,0,1,1,p_1.30.24_LL3f_mi,16
305,174,136,224,664,312,352,0,1,1,p_1.30.24_LL3f_mi,16
306,175,135,222,671,326,345,0,1,1,p_1.30.24_LL3f_mi,16
307,173,139,226,660,328,332,0,1,1,p_1.30.24_LL3f_mi,16
308,184,140,232,633,316,317,0,1,1,p_1.30.24_LL3f_mi,16
309,166,136,218,680,339,341,0,1,1,p_1.30.24_LL3f_mi,16
310,178,136,224,661,338,323,0,1,1,p_1.30.24_LL3f_mi,16
311,178,140,224,667,326,341,0,1,1,p_1.30.24_LL3f_mi,16
312,171,137,216,683,337,346,0,1,1,p_1.30.24_LL3f_mi,16
313,173,139,219,676,330,346,0,1,1,p_1.30.24_LL3f_mi,16
314,181,146,226,652,313,339,0,1,1,p_1.30.24_LL3f_mi,16
315,176,144,219,673,315,358,0,1,1,p_1.30.24_LL3f_mi,16
316,169,138,218,680,327,353,0,1,1,p_1.30.24_LL3f_mi,16
317,164,124,217,683,339,344,0,1,1,p_1.30.24_LL3f_mi,16
318,178,139,228,661,320,341,0,1,1,p_1.30.24_LL3f_mi,16
319,177,143,227,655,313,342,0,1,1,p_1.30.24_LL3f_mi,16
320,174,132,229,653,318,335,0,1,1,p_1.30.24_LL3f_mi,16
321,168,132,223,664,326,338,0,1,1,p_1.30.24_LL3f_mi,16
322,172,131,229,644,292,352,0,1,1,p_1.30.24_LL3f_mi,16
323,177,134,229,648,294,354,0,1,1,p_1.30.24_LL3f_mi,16
324,181,140,230,647,303,344,0,1,1,p_1.30.24_LL3f_mi,16
325,173,140,225,661,314,347,0,1,1,p_1.30.24_LL3f_mi,16
326,175,138,220,681,336,345,0,1,1,p_1.30.24_LL3f_mi,16
327,182,135,223,670,335,335,0,1,1,p_1.30.24_LL3f_mi,16
328,181,131,227,654,337,317,0,1,1,p_1.30.24_LL3f_mi,16
329,179,139,225,654,328,326,0,1,1,p_1.30.24_LL3f_mi,16
330,177,138,229,646,331,315,0,1,1,p_1.30.24_LL3f_mi,16
331,178,139,223,667,349,318,0,1,1,p_1.30.24_LL3f_mi,16
332,176,128,226,660,356,304,0,1,1,p_1.30.24_LL3f_mi,16
333,174,138,225,663,361,302,0,1,1,p_1.30.24_LL3f_mi,16
334,171,138,218,677,359,318,0,1,1,p_1.30.24_LL3f_mi,16
335,178,133,230,646,329,317,0,1,1,p_1.30.24_LL3f_mi,16
336,168,133,218,682,346,336,0,1,1,p_1.30.24_LL3f_mi,16
337,172,134,222,670,347,323,0,1,1,p_1.30.24_LL3f_mi,16
338,177,142,228,645,328,317,0,1,1,p_1.30.24_LL3f_mi,16
339,181,134,223,667,345,322,0,1,1,p_1.30.24_LL3f_mi,16
340,169,123,224,668,351,317,0,1,1,p_1.30.24_LL3f_mi,16
341,169,130,221,667,329,338,0,1,1,p_1.30.24_LL3f_mi,16
342,180,138,228,653,308,345,0,1,1,p_1.30.24_LL3f_mi,16
343,178,145,223,662,321,341,0,1,1,p_1.30.24_LL3f_mi,16
344,178,130,223,668,337,331,0,1,1,p_1.30.24_LL3f_mi,16
345,170,139,223,671,339,332,0,1,1,p_1.30.24_LL3f_mi,16
346,176,135,226,657,328,329,0,1,1,p_1.30.24_LL3f_mi,16
347,174,143,226,660,340,320,0,1,1,p_1.30.24_LL3f_mi,16
348,167,123,219,676,338,338,0,1,1,p_1.30.24_LL3f_mi,16
349,166,134,216,689,360,329,0,1,1,p_1.30.24_LL3f_mi,16
350,168,130,221,666,343,323,0,1,1,p_1.30.24_LL3f_mi,16
1,6,6,7,599,300,299,0,1,2,p_1.30.24_LL3f_mi,16
2,89,79,120,861,409,452,0,1,2,p_1.30.24_LL3f_mi,16
3,126,111,164,794,371,423,0,1,2,p_1.30.24_LL3f_mi,16
4,160,135,207,705,340,365,0,1,2,p_1.30.24_LL3f_mi,16
5,176,135,220,676,327,349,0,1,2,p_1.30.24_LL3f_mi,16
6,179,142,230,647,309,338,0,1,2,p_1.30.24_LL3f_mi,16
7,176,140,222,666,320,346,0,1,2,p_1.30.24_LL3f_mi,16
8,186,145,234,639,310,329,0,1,2,p_1.30.24_LL3f_mi,16
9,175,140,226,661,323,338,0,1,2,p_1.30.24_LL3f_mi,16
10,172,140,216,681,333,348,0,1,2,p_1.30.24_LL3f_mi,16
11,172,140,222,669,354,315,0,1,2,p_1.30.24_LL3f_mi,16
12,171,133,227,653,343,310,0,1,2,p_1.30.24_LL3f_mi,16
13,177,134,227,657,336,321,0,1,2,p_1.30.24_LL3f_mi,16
14,168,136,227,666,344,322,0,1,2,p_1.30.24_LL3f_mi,16
15,178,132,225,662,336,326,0,1,2,p_1.30.24_LL3f_mi,16
16,177,138,227,652,327,325,0,1,2,p_1.30.24_LL3f_mi,16
17,177,134,224,674,339,335,0,1,2,p_1.30.24_LL3f_mi,16
18,175,131,218,682,334,348,0,1,2,p_1.30.24_LL3f_mi,16
19,164,135,224,658,316,342,0,1,2,p_1.30.24_LL3f_mi,16
20,191,141,237,618,285,333,0,1,2,p_1.30.24_LL3f_mi,16
21,173,138,225,664,311,353,0,1,2,p_1.30.24_LL3f_mi,16
22,172,140,217,684,330,354,0,1,2,p_1.30.24_LL3f_mi,16
23,179,147,223,666,335,331,0,1,2,p_1.30.24_LL3f_mi,16
24,174,140,217,687,355,332,0,1,2,p_1.30.24_LL3f_mi,16
25,170,132,214,689,356,333,0,1,2,p_1.30.24_LL3f_mi,16
26,157,132,203,720,373,347,0,1,2,p_1.30.24_LL3f_mi,16
27,185,135,231,639,330,309,0,1,2,p_1.30.24_LL3f_mi,16
28,179,141,225,659,324,335,0,1,2,p_1.30.24_LL3f_mi,16
29,172,136,227,653,297,356,0,1,2,p_1.30.24_LL3f_mi,16
30,180,142,221,672,317,355,0,1,2,p_1.30.24_LL3f_mi,16
31,178,137,226,660,316,344,0,1,2,p_1.30.24_LL3f_mi,16
32,171,136,221,671,320,351,0,1,2,p_1.30.24_LL3f_mi,16
33,157,137,213,690,331,359,0,1,2,p_1.30.24_LL3f_mi,16
34,182,143,233,637,306,331,0,1,2,p_1.30.24_LL3f_mi,16
35,181,140,227,652,312,340,0,1,2,p_1.30.24_LL3f_mi,16
36,170,133,220,672,309,363,0,1,2,p_1.30.24_LL3f_mi,16
37,170,138,222,668,313,355,0,1,2,p_1.30.24_LL3f_mi,16
38,178,139,229,647,306,341,0,1,2,p_1.30.24_LL3f_mi,16
39,165,130,217,683,327,356,0,1,2,p_1.30.24_LL3f_mi,16
40,178,134,221,674,323,351,0,1,2,p_1.30.24_LL3f_mi,16
41,172,138,224,668,319,349,0,1,2,p_1.30.24_LL3f_mi,16
42,178,142,226,658,323,335,0,1,2,p_1.30.24_LL3f_mi,16
43,178,131,227,662,330,332,0,1,2,p_1.30.24_LL3f_mi,16
44,167,130,217,684,342,342,0,1,2,p_1.30.24_LL3f_mi,16
45,178,136,224,664,325,339,0,1,2,p_1.30.24_LL3f_mi,16
46,179,143,224,660,310,350,0,1,2,p_1.30.24_LL3f_mi,16
47,169,133,215,691,335,356,0,1,2,p_1.30.24_LL3f_mi,16
48,174,135,229,648,312,336,0,1,2,p_1.30.24_LL3f_mi,16
49,174,141,224,659,319,340,0,1,2,p_1.30.24_LL3f_mi,16
50,170,129,222,672,323,349,0,1,2,p_1.30.24_LL3f_mi,16
51,158,128,200,725,347,378,0,1,2,p_1.30.24_LL3f_mi,16
52,181,132,233,635,316,319,0,1,2,p_1.30.24_LL3f_mi,16
53,168,134,224,656,317,339,0,1,2,p_1.30.24_LL3f_mi,16
54,173,128,226,655,327,328,0,1,2,p_1.30.24_LL3f_mi,16
55,172,130,223,666,336,330,0,1,2,p_1.30.24_LL3f_mi,16
56,172,139,225,661,334,327,0,1,2,p_1.30.24_LL3f_mi,16
57,172,136,221,668,338,330,0,1,2,p_1.30.24_LL3f_mi,16
58,175,140,230,646,323,323,0,1,2,p_1.30.24_LL3f_mi,16
59,171,138,222,678,345,333,0,1,2,p_1.30.24_LL3f_mi,16
60,173,137,225,663,330,333,0,1,2,p_1.30.24_LL3f_mi,16
61,177,139,222,674,334,340,0,1,2,p_1.30.24_LL3f_mi,16
62,177,148,227,648,328,320,0,1,2,p_1.30.24_LL3f_mi,16
63,171,128,224,659,317,342,0,1,2,p_1.30.24_LL3f_mi,16
64,178,141,228,660,318,342,0,1,2,p_1.30.24_LL3f_mi,16
65,169,134,224,663,324,339,0,1,2,p_1.30.24_LL3f_mi,16
66,175,135,222,668,334,334,0,1,2,p_1.30.24_LL3f_mi,16
67,179,144,224,675,331,344,0,1,2,p_1.30.24_LL3f_mi,16
68,178,133,228,648,330,318,0,1,2,p_1.30.24_LL3f_mi,16
69,178,136,225,665,333,332,0,1,2,p_1.30.24_LL3f_mi,16
70,178,146,225,664,316,348,0,1,2,p_1.30.24_LL3f_mi,16
71,179,139,235,635,301,334,0,1,2,p_1.30.24_LL3f_mi,16
72,176,147,222,668,317,351,0,1,2,p_1.30.24_LL3f_mi,16
73,163,124,220,679,322,357,0,1,2,p_1.30.24_LL3f_mi,16
74,171,140,218,680,329,351,0,1,2,p_1.30.24_LL3f_mi,16
75,176,137,226,656,298,358,0,1,2,p_1.30.24_LL3f_mi,16
76,172,140,215,691,313,378,0,1,2,p_1.30.24_LL3f_mi,16
77,182,142,229,648,298,350,0,1,2,p_1.30.24_LL3f_mi,16
78,187,136,224,659,300,359,0,1,2,p_1.30.24_LL3f_mi,16
79,183,144,230,648,299,349,0,1,2,p_1.30.24_LL3f_mi,16
80,184,146,226,655,304,351,0,1,2,p_1.30.24_LL3f_mi,16
81,175,141,222,671,322,349,0,1,2,p_1.30.24_LL3f_mi,16
82,165,133,212,694,345,349,0,1,2,p_1.30.24_LL3f_mi,16
83,170,138,218,682,331,351,0,1,2,p_1.30.24_LL3f_mi,16
84,183,145,227,652,317,335,0,1,2,p_1.30.24_LL3f_mi,16
85,182,142,225,661,316,345,0,1,2,p_1.30.24_LL3f_mi,16
86,172,130,220,675,328,347,0,1,2,p_1.30.24_LL3f_mi,16
87,184,142,231,646,306,340,0,1,2,p_1.30.24_LL3f_mi,16
88,181,147,231,643,314,329,0,1,2,p_1.30.24_LL3f_mi,16
89,173,143,221,671,337,334,0,1,2,p_1.30.24_LL3f_mi,16
90,170,135,219,680,337,343,0,1,2,p_1.30.24_LL3f_mi,16
91,173,138,223,664,346,318,0,1,2,p_1.30.24_LL3f_mi,16
92,176,127,227,654,336,318,0,1,2,p_1.30.24_LL3f_mi,16
93,170,133,225,664,351,313,0,1,2,p_1.30.24_LL3f_mi,16
94,165,131,212,702,375,327,0,1,2,p_1.30.24_LL3f_mi,16
95,167,135,216,686,364,322,0,1,2,p_1.30.24_LL3f_mi,16
96,169,142,217,683,334,349,0,1,2,p_1.30.24_LL3f_mi,16
97,175,137,218,682,324,358,0,1,2,p_1.30.24_LL3f_mi,16
98,179,143,234,627,314,313,0,1,2,p_1.30.24_LL3f_mi,16
99,170,127,228,647,327,320,0,1,2,p_1.30.24_LL3f_mi,16
100,153,124,194,658,347,311,0,1,2,p_1.30.24_LL3f_mi,16
101,112,97,143,680,358,322,0,1,2,p_1.30.24_LL3f_mi,16
102,128,102,167,553,286,267,0,1,2,p_1.30.24_LL3f_mi,16
103,113,94,149,513,260,253,0,1,2,p_1.30.24_LL3f_mi,16
104,93,78,119,494,241,253,0,1,2,p_1.30.24_LL3f_mi,16
105,88,70,113,423,204,219,0,1,2,p_1.30.24_LL3f_mi,16
106,79,61,97,385,196,189,0,1,2,p_1.30.24_LL3f_mi,16
107,48,39,61,368,192,176,0,1,2,p_1.30.24_LL3f_mi,16
108,49,43,60,297,141,156,0,1,2,p_1.30.24_LL3f_mi,16
109,35,32,42,252,127,125,0,1,2,p_1.30.24_LL3f_mi,16
110,28,23,33,188,95,93,0,1,2,p_1.30.24_LL3f_mi,16
111,30,25,39,139,72,67,0,1,2,p_1.30.24_LL3f_mi,16
112,29,21,39,129,65,64,0,1,2,p_1.30.24_LL3f_mi,16
113,27,22,36,124,62,62,0,1,2,p_1.30.24_LL3f_mi,16
114,24,19,35,114,58,56,0,1,2,p_1.30.24_LL3f_mi,16
115,27,25,36,116,56,60,0,1,2,p_1.30.24_LL3f_mi,16
116,25,20,34,112,62,50,0,1,2,p_1.30.24_LL3f_mi,16
117,27,20,33,104,58,46,0,1,2,p_1.30.24_LL3f_mi,16
118,23,19,31,98,50,48,0,1,2,p_1.30.24_LL3f_mi,16
119,23,18,33,95,48,47,0,1,2,p_1.30.24_LL3f_mi,16
120,27,20,33,95,54,41,0,1,2,p_1.30.24_LL3f_mi,16
121,24,20,34,97,51,46,0,1,2,p_1.30.24_LL3f_mi,16
122,28,18,34,93,45,48,0,1,2,p_1.30.24_LL3f_mi,16
123,25,20,33,97,49,48,0,1,2,p_1.30.24_LL3f_mi,16
124,28,20,33,95,49,46,0,1,2,p_1.30.24_LL3f_mi,16
125,27,22,38,118,57,61,17,1,2,p_1.30.24_LL3f_mi,16
126,27,22,36,126,59,67,10,1,2,p_1.30.24_LL3f_mi,16
127,27,22,36,123,61,62,9,1,2,p_1.30.24_LL3f_mi,16
128,28,21,35,123,65,58,3,1,2,p_1.30.24_LL3f_mi,16
129,27,20,35,108,55,53,1,1,2,p_1.30.24_LL3f_mi,16
130,27,23,34,106,55,51,0,1,2,p_1.30.24_LL3f_mi,16
131,27,20,34,101,52,49,0,1,2,p_1.30.24_LL3f_mi,16
132,27,23,34,101,53,48,0,1,2,p_1.30.24_LL3f_mi,16
133,28,21,34,102,55,47,0,1,2,p_1.30.24_LL3f_mi,16
134,25,21,34,104,55,49,0,1,2,p_1.30.24_LL3f_mi,16
135,27,24,33,100,48,52,0,1,2,p_1.30.24_LL3f_mi,16
136,27,20,34,100,46,54,0,1,2,p_1.30.24_LL3f_mi,16
137,27,24,34,100,40,60,0,1,2,p_1.30.24_LL3f_mi,16
138,29,25,35,97,41,56,0,1,2,p_1.30.24_LL3f_mi,16
139,24,21,32,103,48,55,0,1,2,p_1.30.24_LL3f_mi,16
140,23,18,36,120,57,63,20,1,2,p_1.30.24_LL3f_mi,16
141,27,24,35,109,50,59,7,1,2,p_1.30.24_LL3f_mi,16
142,26,17,35,113,58,55,5,1,2,p_1.30.24_LL3f_mi,16
143,29,23,34,104,51,53,3,1,2,p_1.30.24_LL3f_mi,16
144,30,24,37,112,53,59,1,1,2,p_1.30.24_LL3f_mi,16
145,26,21,33,109,55,54,0,1,2,p_1.30.24_LL3f_mi,16
146,30,20,34,112,61,51,0,1,2,p_1.30.24_LL3f_mi,16
147,27,21,34,114,62,52,0,1,2,p_1.30.24_LL3f_mi,16
148,25,18,34,110,66,44,0,1,2,p_1.30.24_LL3f_mi,16
149,27,22,33,107,63,44,0,1,2,p_1.30.24_LL3f_mi,16
150,23,20,33,99,46,53,0,1,2,p_1.30.24_LL3f_mi,16
151,51,31,76,103,52,51,0,1,2,p_1.30.24_LL3f_mi,16
152,69,44,95,142,80,62,0,1,2,p_1.30.24_LL3f_mi,16
153,85,61,118,190,98,92,0,1,2,p_1.30.24_LL3f_mi,16
154,109,73,143,253,133,120,0,1,2,p_1.30.24_LL3f_mi,16
155,128,87,162,341,177,164,20,1,2,p_1.30.24_LL3f_mi,16
156,139,102,176,390,196,194,13,1,2,p_1.30.24_LL3f_mi,16
157,149,107,196,431,220,211,6,1,2,p_1.30.24_LL3f_mi,16
158,165,114,213,482,251,231,2,1,2,p_1.30.24_LL3f_mi,16
159,172,119,225,539,277,262,0,1,2,p_1.30.24_LL3f_mi,16
160,188,137,244,583,292,291,0,1,2,p_1.30.24_LL3f_mi,16
161,182,140,233,637,318,319,0,1,2,p_1.30.24_LL3f_mi,16
162,176,138,228,652,336,316,0,1,2,p_1.30.24_LL3f_mi,16
163,183,139,230,648,333,315,0,1,2,p_1.30.24_LL3f_mi,16
164,166,129,217,682,344,338,0,1,2,p_1.30.24_LL3f_mi,16
165,171,136,233,632,324,308,0,1,2,p_1.30.24_LL3f_mi,16
166,186,146,231,638,312,326,0,1,2,p_1.30.24_LL3f_mi,16
167,173,132,227,659,329,330,0,1,2,p_1.30.24_LL3f_mi,16
168,163,128,213,692,360,332,0,1,2,p_1.30.24_LL3f_mi,16
169,173,130,223,674,350,324,0,1,2,p_1.30.24_LL3f_mi,16
170,166,140,211,697,353,344,17,1,2,p_1.30.24_LL3f_mi,16
171,172,133,227,654,337,317,9,1,2,p_1.30.24_LL3f_mi,16
172,171,135,221,673,348,325,5,1,2,p_1.30.24_LL3f_mi,16
173,174,136,227,659,337,322,4,1,2,p_1.30.24_LL3f_mi,16
174,174,142,224,657,326,331,1,1,2,p_1.30.24_LL3f_mi,16
175,174,141,219,672,332,340,0,1,2,p_1.30.24_LL3f_mi,16
176,159,130,208,712,361,351,0,1,2,p_1.30.24_LL3f_mi,16
177,171,123,227,658,329,329,0,1,2,p_1.30.24_LL3f_mi,16
178,176,136,228,647,329,318,0,1,2,p_1.30.24_LL3f_mi,16
179,176,139,225,663,349,314,0,1,2,p_1.30.24_LL3f_mi,16
180,164,132,220,676,353,323,0,1,2,p_1.30.24_LL3f_mi,16
181,171,129,224,665,341,324,0,1,2,p_1.30.24_LL3f_mi,16
182,169,140,215,686,333,353,0,1,2,p_1.30.24_LL3f_mi,16
183,185,142,232,646,331,315,0,1,2,p_1.30.24_LL3f_mi,16
184,173,127,226,655,336,319,0,1,2,p_1.30.24_LL3f_mi,16
185,180,138,225,657,331,326,0,1,2,p_1.30.24_LL3f_mi,16
186,174,138,219,683,343,340,0,1,2,p_1.30.24_LL3f_mi,16
187,178,139,225,661,327,334,0,1,2,p_1.30.24_LL3f_mi,16
188,172,134,215,687,347,340,0,1,2,p_1.30.24_LL3f_mi,16
189,164,127,220,679,339,340,0,1,2,p_1.30.24_LL3f_mi,16
190,169,130,213,687,336,351,0,1,2,p_1.30.24_LL3f_mi,16
191,172,138,220,681,317,364,0,1,2,p_1.30.24_LL3f_mi,16
192,172,135,227,657,304,353,0,1,2,p_1.30.24_LL3f_mi,16
193,179,136,226,655,305,350,0,1,2,p_1.30.24_LL3f_mi,16
194,172,130,228,649,319,330,0,1,2,p_1.30.24_LL3f_mi,16
195,182,138,230,652,335,317,0,1,2,p_1.30.24_LL3f_mi,16
196,170,128,224,667,345,322,0,1,2,p_1.30.24_LL3f_mi,16
197,177,132,229,658,336,322,0,1,2,p_1.30.24_LL3f_mi,16
198,177,142,222,670,338,332,0,1,2,p_1.30.24_LL3f_mi,16
199,178,137,220,674,334,340,0,1,2,p_1.30.24_LL3f_mi,16
200,163,119,219,680,361,319,0,1,2,p_1.30.24_LL3f_mi,16
201,157,128,198,732,395,337,0,1,2,p_1.30.24_LL3f_mi,16
202,178,135,218,685,359,326,0,1,2,p_1.30.24_LL3f_mi,16
203,171,127,230,648,333,315,0,1,2,p_1.30.24_LL3f_mi,16
204,181,140,232,638,323,315,0,1,2,p_1.30.24_LL3f_mi,16
205,180,133,223,664,339,325,0,1,2,p_1.30.24_LL3f_mi,16
206,166,139,220,673,353,320,0,1,2,p_1.30.24_LL3f_mi,16
207,166,132,220,676,346,330,0,1,2,p_1.30.24_LL3f_mi,16
208,178,130,224,663,353,310,0,1,2,p_1.30.24_LL3f_mi,16
209,181,145,229,650,332,318,0,1,2,p_1.30.24_LL3f_mi,16
210,178,136,224,663,331,332,0,1,2,p_1.30.24_LL3f_mi,16
211,171,128,221,681,348,333,0,1,2,p_1.30.24_LL3f_mi,16
212,164,128,214,690,333,357,0,1,2,p_1.30.24_LL3f_mi,16
213,180,147,225,665,323,342,0,1,2,p_1.30.24_LL3f_mi,16
214,179,132,226,657,339,318,0,1,2,p_1.30.24_LL3f_mi,16
215,171,138,226,664,325,339,0,1,2,p_1.30.24_LL3f_mi,16
216,175,133,225,660,327,333,0,1,2,p_1.30.24_LL3f_mi,16
217,181,149,228,656,330,326,0,1,2,p_1.30.24_LL3f_mi,16
218,169,127,222,668,328,340,0,1,2,p_1.30.24_LL3f_mi,16
219,171,136,222,669,353,316,0,1,2,p_1.30.24_LL3f_mi,16
220,177,143,223,672,341,331,0,1,2,p_1.30.24_LL3f_mi,16
221,172,123,223,667,336,331,0,1,2,p_1.30.24_LL3f_mi,16
222,170,133,219,677,339,338,0,1,2,p_1.30.24_LL3f_mi,16
223,170,133,223,669,340,329,0,1,2,p_1.30.24_LL3f_mi,16
224,170,132,225,655,320,335,0,1,2,p_1.30.24_LL3f_mi,16
225,171,136,219,676,317,359,0,1,2,p_1.30.24_LL3f_mi,16
226,164,140,208,708,354,354,0,1,2,p_1.30.24_LL3f_mi,16
227,179,143,224,667,338,329,0,1,2,p_1.30.24_LL3f_mi,16
228,179,133,232,632,318,314,0,1,2,p_1.30.24_LL3f_mi,16
229,184,141,229,647,316,331,0,1,2,p_1.30.24_LL3f_mi,16
230,171,130,222,667,347,320,0,1,2,p_1.30.24_LL3f_mi,16
231,176,134,224,666,333,333,0,1,2,p_1.30.24_LL3f_mi,16
232,172,128,224,659,351,308,0,1,2,p_1.30.24_LL3f_mi,16
233,165,133,220,678,359,319,0,1,2,p_1.30.24_LL3f_mi,16
234,172,129,221,669,362,307,0,1,2,p_1.30.24_LL3f_mi,16
235,167,128,210,700,357,343,0,1,2,p_1.30.24_LL3f_mi,16
236,170,133,219,669,339,330,0,1,2,p_1.30.24_LL3f_mi,16
237,178,138,226,659,324,335,0,1,2,p_1.30.24_LL3f_mi,16
238,166,124,219,676,351,325,0,1,2,p_1.30.24_LL3f_mi,16
239,176,137,221,675,351,324,0,1,2,p_1.30.24_LL3f_mi,16
240,178,135,227,654,346,308,0,1,2,p_1.30.24_LL3f_mi,16
241,171,132,212,696,353,343,0,1,2,p_1.30.24_LL3f_mi,16
242,165,130,223,664,324,340,0,1,2,p_1.30.24_LL3f_mi,16
243,184,137,230,653,345,308,0,1,2,p_1.30.24_LL3f_mi,16
244,170,136,217,685,342,343,0,1,2,p_1.30.24_LL3f_mi,16
245,172,131,219,679,343,336,0,1,2,p_1.30.24_LL3f_mi,16
246,173,140,214,688,359,329,0,1,2,p_1.30.24_LL3f_mi,16
247,168,137,218,679,343,336,0,1,2,p_1.30.24_LL3f_mi,16
248,173,138,219,677,347,330,0,1,2,p_1.30.24_LL3f_mi,16
249,176,138,226,658,334,324,0,1,2,p_1.30.24_LL3f_mi,16
250,176,138,224,659,349,310,0,1,2,p_1.30.24_LL3f_mi,16
251,162,133,213,692,359,333,0,1,2,p_1.30.24_LL3f_mi,16
252,172,135,216,685,344,341,0,1,2,p_1.30.24_LL3f_mi,16
253,165,131,217,683,354,329,0,1,2,p_1.30.24_LL3f_mi,16
254,179,140,225,657,337,320,0,1,2,p_1.30.24_LL3f_mi,16
255,178,135,227,651,322,329,0,1,2,p_1.30.24_LL3f_mi,16
256,179,136,227,655,331,324,0,1,2,p_1.30.24_LL3f_mi,16
257,181,140,232,636,318,318,0,1,2,p_1.30.24_LL3f_mi,16
258,177,138,228,651,313,338,0,1,2,p_1.30.24_LL3f_mi,16
259,178,139,219,676,330,346,0,1,2,p_1.30.24_LL3f_mi,16
260,179,137,223,669,324,345,0,1,2,p_1.30.24_LL3f_mi,16
261,168,136,212,702,347,355,0,1,2,p_1.30.24_LL3f_mi,16
262,171,137,221,671,336,335,0,1,2,p_1.30.24_LL3f_mi,16
263,178,144,226,651,331,320,0,1,2,p_1.30.24_LL3f_mi,16
264,181,142,232,646,338,308,0,1,2,p_1.30.24_LL3f_mi,16
265,186,140,230,645,345,300,0,1,2,p_1.30.24_LL3f_mi,16
266,176,134,225,657,343,314,0,1,2,p_1.30.24_LL3f_mi,16
267,184,132,231,644,326,318,0,1,2,p_1.30.24_LL3f_mi,16
268,169,132,221,669,349,320,0,1,2,p_1.30.24_LL3f_mi,16
269,171,133,218,684,364,320,0,1,2,p_1.30.24_LL3f_mi,16
270,167,127,218,681,342,339,0,1,2,p_1.30.24_LL3f_mi,16
271,165,128,218,684,342,342,0,1,2,p_1.30.24_LL3f_mi,16
272,178,141,222,669,328,341,0,1,2,p_1.30.24_LL3f_mi,16
273,174,143,224,664,323,341,0,1,2,p_1.30.24_LL3f_mi,16
274,168,135,220,676,327,349,0,1,2,p_1.30.24_LL3f_mi,16
275,173,137,222,675,328,347,0,1,2,p_1.30.24_LL3f_mi,16
276,159,139,206,722,338,384,0,1,2,p_1.30.24_LL3f_mi,16
277,172,146,222,671,316,355,0,1,2,p_1.30.24_LL3f_mi,16
278,174,132,223,662,310,352,0,1,2,p_1.30.24_LL3f_mi,16
279,177,133,227,656,304,352,0,1,2,p_1.30.24_LL3f_mi,16
280,171,143,222,668,326,342,0,1,2,p_1.30.24_LL3f_mi,16
281,162,136,215,686,340,346,0,1,2,p_1.30.24_LL3f_mi,16
282,174,139,225,660,329,331,0,1,2,p_1.30.24_LL3f_mi,16
283,175,134,228,647,315,332,0,1,2,p_1.30.24_LL3f_mi,16
284,178,138,229,648,315,333,0,1,2,p_1.30.24_LL3f_mi,16
285,177,135,228,655,313,342,0,1,2,p_1.30.24_LL3f_mi,16
286,178,138,221,675,316,359,0,1,2,p_1.30.24_LL3f_mi,16
287,169,137,213,691,332,359,0,1,2,p_1.30.24_LL3f_mi,16
288,179,136,227,653,325,328,0,1,2,p_1.30.24_LL3f_mi,16
289,177,144,229,648,317,331,0,1,2,p_1.30.24_LL3f_mi,16
290,169,133,223,661,330,331,0,1,2,p_1.30.24_LL3f_mi,16
291,172,135,223,674,334,340,0,1,2,p_1.30.24_LL3f_mi,16
292,180,138,220,675,324,351,0,1,2,p_1.30.24_LL3f_mi,16
293,179,137,230,643,304,339,0,1,2,p_1.30.24_LL3f_mi,16
294,177,142,223,666,321,345,0,1,2,p_1.30.24_LL3f_mi,16
295,177,126,226,658,341,317,0,1,2,p_1.30.24_LL3f_mi,16
296,181,131,236,622,310,312,0,1,2,p_1.30.24_LL3f_mi,16
297,185,138,229,647,329,318,0,1,2,p_1.30.24_LL3f_mi,16
298,165,128,218,690,340,350,0,1,2,p_1.30.24_LL3f_mi,16
299,173,129,226,660,320,340,0,1,2,p_1.30.24_LL3f_mi,16
300,166,137,221,672,331,341,0,1,2,p_1.30.24_LL3f_mi,16
301,151,120,204,718,362,356,0,1,2,p_1.30.24_LL3f_mi,16
302,173,138,219,678,340,338,0,1,2,p_1.30.24_LL3f_mi,16
303,171,132,225,656,330,326,0,1,2,p_1.30.24_LL3f_mi,16
304,173,132,221,673,358,315,0,1,2,p_1.30.24_LL3f_mi,16
305,173,134,217,682,343,339,0,1,2,p_1.30.24_LL3f_mi,16
306,173,138,223,669,322,347,0,1,2,p_1.30.24_LL3f_mi,16
307,175,137,223,662,321,341,0,1,2,p_1.30.24_LL3f_mi,16
308,182,138,226,651,321,330,0,1,2,p_1.30.24_LL3f_mi,16
309,177,138,232,637,325,312,0,1,2,p_1.30.24_LL3f_mi,16
310,185,142,227,658,337,321,0,1,2,p_1.30.24_LL3f_mi,16
311,180,137,226,656,319,337,0,1,2,p_1.30.24_LL3f_mi,16
312,170,139,221,673,323,350,0,1,2,p_1.30.24_LL3f_mi,16
313,174,144,225,663,304,359,0,1,2,p_1.30.24_LL3f_mi,16
314,180,141,221,672,318,354,0,1,2,p_1.30.24_LL3f_mi,16
315,170,127,218,680,328,352,0,1,2,p_1.30.24_LL3f_mi,16
316,177,136,225,664,328,336,0,1,2,p_1.30.24_LL3f_mi,16
317,177,139,228,654,331,323,0,1,2,p_1.30.24_LL3f_mi,16
318,166,129,216,682,352,330,0,1,2,p_1.30.24_LL3f_mi,16
319,175,140,232,642,321,321,0,1,2,p_1.30.24_LL3f_mi,16
320,167,130,220,678,329,349,0,1,2,p_1.30.24_LL3f_mi,16
321,173,141,228,655,313,342,0,1,2,p_1.30.24_LL3f_mi,16
322,172,137,224,663,315,348,0,1,2,p_1.30.24_LL3f_mi,16
323,173,134,223,673,328,345,0,1,2,p_1.30.24_LL3f_mi,16
324,173,139,227,659,317,342,0,1,2,p_1.30.24_LL3f_mi,16
325,174,144,223,668,329,339,0,1,2,p_1.30.24_LL3f_mi,16
326,161,132,209,708,344,364,0,1,2,p_1.30.24_LL3f_mi,16
327,170,136,219,678,336,342,0,1,2,p_1.30.24_LL3f_mi,16
328,181,135,227,660,326,334,0,1,2,p_1.30.24_LL3f_mi,16
329,180,144,228,659,322,337,0,1,2,p_1.30.24_LL3f_mi,16
330,172,140,222,661,332,329,0,1,2,p_1.30.24_LL3f_mi,16
331,180,139,229,654,328,326,0,1,2,p_1.30.24_LL3f_mi,16
332,166,130,220,674,345,329,0,1,2,p_1.30.24_LL3f_mi,16
333,171,138,220,680,351,329,0,1,2,p_1.30.24_LL3f_mi,16
334,171,126,226,655,350,305,0,1,2,p_1.30.24_LL3f_mi,16
335,171,135,228,647,337,310,0,1,2,p_1.30.24_LL3f_mi,16
336,182,132,229,645,338,307,0,1,2,p_1.30.24_LL3f_mi,16
337,175,132,223,669,346,323,0,1,2,p_1.30.24_LL3f_mi,16
338,173,136,216,688,366,322,0,1,2,p_1.30.24_LL3f_mi,16
339,178,130,224,662,345,317,0,1,2,p_1.30.24_LL3f_mi,16
340,182,139,232,643,335,308,0,1,2,p_1.30.24_LL3f_mi,16
341,168,132,223,672,334,338,0,1,2,p_1.30.24_LL3f_mi,16
342,166,125,223,669,336,333,0,1,2,p_1.30.24_LL3f_mi,16
343,166,137,216,683,347,336,0,1,2,p_1.30.24_LL3f_mi,16
344,172,133,219,681,346,335,0,1,2,p_1.30.24_LL3f_mi,16
345,171,128,228,657,334,323,0,1,2,p_1.30.24_LL3f_mi,16
346,185,146,230,654,321,333,0,1,2,p_1.30.24_LL3f_mi,16
347,176,136,229,648,309,339,0,1,2,p_1.30.24_LL3f_mi,16
348,170,140,220,681,323,358,0,1,2,p_1.30.24_LL3f_mi,16
349,161,130,215,687,319,368,0,1,2,p_1.30.24_LL3f_mi,16
350,163,128,212,695,334,361,0,1,2,p_1.30.24_LL3f_mi,16
1,10,10,12,604,310,294,0,1,3,p_1.30.24_LL3f_mi,16
2,93,80,123,858,426,432,0,1,3,p_1.30.24_LL3f_mi,16
3,132,114,173,786,387,399,0,1,3,p_1.30.24_LL3f_mi,16
4,170,128,215,689,340,349,0,1,3,p_1.30.24_LL3f_mi,16
5,168,130,221,673,331,342,0,1,3,p_1.30.24_LL3f_mi,16
6,174,136,227,658,320,338,0,1,3,p_1.30.24_LL3f_mi,16
7,168,134,216,688,326,362,0,1,3,p_1.30.24_LL3f_mi,16
8,173,134,221,675,328,347,0,1,3,p_1.30.24_LL3f_mi,16
9,174,139,223,668,313,355,0,1,3,p_1.30.24_LL3f_mi,16
10,183,138,229,648,303,345,0,1,3,p_1.30.24_LL3f_mi,16
11,168,134,217,682,306,376,0,1,3,p_1.30.24_LL3f_mi,16
12,165,142,216,688,306,382,0,1,3,p_1.30.24_LL3f_mi,16
13,169,129,226,661,308,353,0,1,3,p_1.30.24_LL3f_mi,16
14,173,137,217,681,319,362,0,1,3,p_1.30.24_LL3f_mi,16
15,177,141,227,658,325,333,0,1,3,p_1.30.24_LL3f_mi,16
16,175,141,219,678,355,323,0,1,3,p_1.30.24_LL3f_mi,16
17,181,139,230,644,337,307,0,1,3,p_1.30.24_LL3f_mi,16
18,170,131,222,671,367,304,0,1,3,p_1.30.24_LL3f_mi,16
19,185,141,230,647,348,299,0,1,3,p_1.30.24_LL3f_mi,16
20,175,126,224,664,349,315,0,1,3,p_1.30.24_LL3f_mi,16
21,169,131,218,681,358,323,0,1,3,p_1.30.24_LL3f_mi,16
22,168,132,226,662,342,320,0,1,3,p_1.30.24_LL3f_mi,16
23,165,127,214,693,345,348,0,1,3,p_1.30.24_LL3f_mi,16
24,179,140,224,667,333,334,0,1,3,p_1.30.24_LL3f_mi,16
25,182,144,221,674,338,336,0,1,3,p_1.30.24_LL3f_mi,16
26,165,130,207,707,348,359,0,1,3,p_1.30.24_LL3f_mi,16
27,177,137,227,652,319,333,0,1,3,p_1.30.24_LL3f_mi,16
28,174,135,227,659,336,323,0,1,3,p_1.30.24_LL3f_mi,16
29,176,128,222,671,335,336,0,1,3,p_1.30.24_LL3f_mi,16
30,170,140,219,684,324,360,0,1,3,p_1.30.24_LL3f_mi,16
31,172,144,221,676,319,357,0,1,3,p_1.30.24_LL3f_mi,16
32,174,128,224,657,312,345,0,1,3,p_1.30.24_LL3f_mi,16
33,175,143,222,664,338,326,0,1,3,p_1.30.24_LL3f_mi,16
34,167,133,222,678,338,340,0,1,3,p_1.30.24_LL3f_mi,16
35,180,149,226,658,317,341,0,1,3,p_1.30.24_LL3f_mi,16
36,184,142,228,650,321,329,0,1,3,p_1.30.24_LL3f_mi,16
37,173,141,225,664,325,339,0,1,3,p_1.30.24_LL3f_mi,16
38,180,145,230,656,334,322,0,1,3,p_1.30.24_LL3f_mi,16
39,182,140,225,660,330,330,0,1,3,p_1.30.24_LL3f_mi,16
40,178,139,226,658,319,339,0,1,3,p_1.30.24_LL3f_mi,16
41,169,131,223,664,311,353,0,1,3,p_1.30.24_LL3f_mi,16
42,172,134,218,681,321,360,0,1,3,p_1.30.24_LL3f_mi,16
43,176,139,222,669,328,341,0,1,3,p_1.30.24_LL3f_mi,16
44,168,136,216,688,342,346,0,1,3,p_1.30.24_LL3f_mi,16
45,177,130,226,657,346,311,0,1,3,p_1.30.24_LL3f_mi,16
46,174,144,225,659,352,307,0,1,3,p_1.30.24_LL3f_mi,16
47,176,132,224,660,332,328,0,1,3,p_1.30.24_LL3f_mi,16
48,169,143,218,680,337,343,0,1,3,p_1.30.24_LL3f_mi,16
49,175,142,224,662,325,337,0,1,3,p_1.30.24_LL3f_mi,16
50,182,135,226,664,337,327,0,1,3,p_1.30.24_LL3f_mi,16
51,159,129,209,706,358,348,0,1,3,p_1.30.24_LL3f_mi,16
52,179,130,229,652,327,325,0,1,3,p_1.30.24_LL3f_mi,16
53,180,133,229,647,300,347,0,1,3,p_1.30.24_LL3f_mi,16
54,182,144,223,671,310,361,0,1,3,p_1.30.24_LL3f_mi,16
55,175,136,224,665,311,354,0,1,3,p_1.30.24_LL3f_mi,16
56,183,145,231,646,311,335,0,1,3,p_1.30.24_LL3f_mi,16
57,174,133,224,666,338,328,0,1,3,p_1.30.24_LL3f_mi,16
58,173,132,222,672,332,340,0,1,3,p_1.30.24_LL3f_mi,16
59,176,139,224,665,328,337,0,1,3,p_1.30.24_LL3f_mi,16
60,179,138,225,661,325,336,0,1,3,p_1.30.24_LL3f_mi,16
61,180,136,223,667,335,332,0,1,3,p_1.30.24_LL3f_mi,16
62,174,137,222,673,330,343,0,1,3,p_1.30.24_LL3f_mi,16
63,170,139,217,686,330,356,0,1,3,p_1.30.24_LL3f_mi,16
64,171,139,224,666,323,343,0,1,3,p_1.30.24_LL3f_mi,16
65,175,140,227,660,317,343,0,1,3,p_1.30.24_LL3f_mi,16
66,171,142,212,694,316,378,0,1,3,p_1.30.24_LL3f_mi,16
67,173,139,219,670,306,364,0,1,3,p_1.30.24_LL3f_mi,16
68,176,141,228,652,304,348,0,1,3,p_1.30.24_LL3f_mi,16
69,180,142,226,660,331,329,0,1,3,p_1.30.24_LL3f_mi,16
70,173,135,222,672,327,345,0,1,3,p_1.30.24_LL3f_mi,16
71,176,137,224,667,337,330,0,1,3,p_1.30.24_LL3f_mi,16
72,179,138,224,665,317,348,0,1,3,p_1.30.24_LL3f_mi,16
73,177,139,227,659,322,337,0,1,3,p_1.30.24_LL3f_mi,16
74,177,129,223,669,327,342,0,1,3,p_1.30.24_LL3f_mi,16
75,168,134,218,684,347,337,0,1,3,p_1.30.24_LL3f_mi,16
76,154,122,204,717,356,361,0,1,3,p_1.30.24_LL3f_mi,16
77,179,134,228,651,323,328,0,1,3,p_1.30.24_LL3f_mi,16
78,174,140,222,672,324,348,0,1,3,p_1.30.24_LL3f_mi,16
79,174,141,224,659,304,355,0,1,3,p_1.30.24_LL3f_mi,16
80,178,137,228,650,313,337,0,1,3,p_1.30.24_LL3f_mi,16
81,181,130,233,634,317,317,0,1,3,p_1.30.24_LL3f_mi,16
82,179,132,229,643,330,313,0,1,3,p_1.30.24_LL3f_mi,16
83,176,136,225,662,336,326,0,1,3,p_1.30.24_LL3f_mi,16
84,178,133,226,657,335,322,0,1,3,p_1.30.24_LL3f_mi,16
85,166,133,218,678,353,325,0,1,3,p_1.30.24_LL3f_mi,16
86,172,134,223,671,345,326,0,1,3,p_1.30.24_LL3f_mi,16
87,170,134,218,678,342,336,0,1,3,p_1.30.24_LL3f_mi,16
88,179,139,229,645,318,327,0,1,3,p_1.30.24_LL3f_mi,16
89,179,137,224,662,333,329,0,1,3,p_1.30.24_LL3f_mi,16
90,176,139,225,661,333,328,0,1,3,p_1.30.24_LL3f_mi,16
91,183,135,231,644,333,311,0,1,3,p_1.30.24_LL3f_mi,16
92,181,138,232,635,337,298,0,1,3,p_1.30.24_LL3f_mi,16
93,171,131,216,686,350,336,0,1,3,p_1.30.24_LL3f_mi,16
94,175,134,222,670,340,330,0,1,3,p_1.30.24_LL3f_mi,16
95,166,136,218,682,337,345,0,1,3,p_1.30.24_LL3f_mi,16
96,177,136,229,645,303,342,0,1,3,p_1.30.24_LL3f_mi,16
97,177,128,231,644,331,313,0,1,3,p_1.30.24_LL3f_mi,16
98,179,132,226,659,362,297,0,1,3,p_1.30.24_LL3f_mi,16
99,173,133,221,675,369,306,0,1,3,p_1.30.24_LL3f_mi,16
100,149,120,193,656,356,300,0,1,3,p_1.30.24_LL3f_mi,16
101,112,89,141,687,359,328,0,1,3,p_1.30.24_LL3f_mi,16
102,125,101,160,565,272,293,0,1,3,p_1.30.24_LL3f_mi,16
103,115,93,145,519,254,265,0,1,3,p_1.30.24_LL3f_mi,16
104,102,84,128,478,248,230,0,1,3,p_1.30.24_LL3f_mi,16
105,91,74,113,435,226,209,0,1,3,p_1.30.24_LL3f_mi,16
106,65,51,86,405,210,195,0,1,3,p_1.30.24_LL3f_mi,16
107,52,42,67,358,189,169,0,1,3,p_1.30.24_LL3f_mi,16
108,55,47,69,280,154,126,0,1,3,p_1.30.24_LL3f_mi,16
109,33,31,39,256,131,125,0,1,3,p_1.30.24_LL3f_mi,16
110,24,20,32,204,110,94,0,1,3,p_1.30.24_LL3f_mi,16
111,29,25,38,175,93,82,0,1,3,p_1.30.24_LL3f_mi,16
112,26,21,36,147,78,69,0,1,3,p_1.30.24_LL3f_mi,16
113,26,22,34,124,64,60,0,1,3,p_1.30.24_LL3f_mi,16
114,28,21,34,105,56,49,0,1,3,p_1.30.24_LL3f_mi,16
115,27,20,34,102,53,49,0,1,3,p_1.30.24_LL3f_mi,16
116,25,20,33,103,57,46,0,1,3,p_1.30.24_LL3f_mi,16
117,25,22,35,99,54,45,0,1,3,p_1.30.24_LL3f_mi,16
118,27,15,33,101,57,44,0,1,3,p_1.30.24_LL3f_mi,16
119,26,20,33,108,58,50,0,1,3,p_1.30.24_LL3f_mi,16
120,27,19,34,120,61,59,0,1,3,p_1.30.24_LL3f_mi,16
121,27,22,36,122,63,59,0,1,3,p_1.30.24_LL3f_mi,16
122,27,21,36,108,50,58,0,1,3,p_1.30.24_LL3f_mi,16
123,29,22,35,108,60,48,0,1,3,p_1.30.24_LL3f_mi,16
124,26,19,31,100,58,42,0,1,3,p_1.30.24_LL3f_mi,16
125,25,19,37,128,71,57,17,1,3,p_1.30.24_LL3f_mi,16
126,25,20,35,133,73,60,15,1,3,p_1.30.24_LL3f_mi,16
127,29,22,35,108,60,48,3,1,3,p_1.30.24_LL3f_mi,16
128,28,23,36,112,57,55,2,1,3,p_1.30.24_LL3f_mi,16
129,28,23,37,119,52,67,0,1,3,p_1.30.24_LL3f_mi,16
130,25,21,33,106,44,62,0,1,3,p_1.30.24_LL3f_mi,16
131,26,23,35,103,44,59,0,1,3,p_1.30.24_LL3f_mi,16
132,29,24,36,115,49,66,0,1,3,p_1.30.24_LL3f_mi,16
133,24,20,34,103,46,57,0,1,3,p_1.30.24_LL3f_mi,16
134,29,26,35,109,48,61,0,1,3,p_1.30.24_LL3f_mi,16
135,24,20,33,99,48,51,0,1,3,p_1.30.24_LL3f_mi,16
136,31,23,37,109,53,56,0,1,3,p_1.30.24_LL3f_mi,16
137,28,26,34,113,53,60,0,1,3,p_1.30.24_LL3f_mi,16
138,26,21,35,114,54,60,0,1,3,p_1.30.24_LL3f_mi,16
139,26,22,35,107,48,59,0,1,3,p_1.30.24_LL3f_mi,16
140,25,17,36,118,60,58,16,1,3,p_1.30.24_LL3f_mi,16
141,26,18,34,119,61,58,14,1,3,p_1.30.24_LL3f_mi,16
142,26,19,34,111,58,53,8,1,3,p_1.30.24_LL3f_mi,16
143,26,17,35,112,64,48,5,1,3,p_1.30.24_LL3f_mi,16
144,28,20,34,94,55,39,2,1,3,p_1.30.24_LL3f_mi,16
145,25,17,33,103,55,48,1,1,3,p_1.30.24_LL3f_mi,16
146,27,21,35,105,52,53,0,1,3,p_1.30.24_LL3f_mi,16
147,29,23,35,102,48,54,0,1,3,p_1.30.24_LL3f_mi,16
148,27,24,35,106,47,59,0,1,3,p_1.30.24_LL3f_mi,16
149,27,23,36,117,58,59,0,1,3,p_1.30.24_LL3f_mi,16
150,25,20,33,113,56,57,0,1,3,p_1.30.24_LL3f_mi,16
151,57,40,82,121,60,61,0,1,3,p_1.30.24_LL3f_mi,16
152,73,51,103,168,88,80,0,1,3,p_1.30.24_LL3f_mi,16
153,95,58,125,219,114,105,0,1,3,p_1.30.24_LL3f_mi,16
154,107,79,146,280,129,151,0,1,3,p_1.30.24_LL3f_mi,16
155,124,92,163,350,179,171,15,1,3,p_1.30.24_LL3f_mi,16
156,137,100,179,418,220,198,11,1,3,p_1.30.24_LL3f_mi,16
157,153,111,190,458,232,226,8,1,3,p_1.30.24_LL3f_mi,16
158,163,122,209,506,262,244,3,1,3,p_1.30.24_LL3f_mi,16
159,170,129,226,558,289,269,1,1,3,p_1.30.24_LL3f_mi,16
160,188,144,242,602,298,304,0,1,3,p_1.30.24_LL3f_mi,16
161,179,136,227,659,348,311,0,1,3,p_1.30.24_LL3f_mi,16
162,168,132,219,677,347,330,0,1,3,p_1.30.24_LL3f_mi,16
163,175,134,221,675,331,344,0,1,3,p_1.30.24_LL3f_mi,16
164,175,140,224,667,338,329,0,1,3,p_1.30.24_LL3f_mi,16
165,176,148,226,654,328,326,0,1,3,p_1.30.24_LL3f_mi,16
166,177,129,227,657,329,328,0,1,3,p_1.30.24_LL3f_mi,16
167,174,133,225,657,319,338,0,1,3,p_1.30.24_LL3f_mi,16
168,173,138,224,660,344,316,0,1,3,p_1.30.24_LL3f_mi,16
169,176,133,227,654,328,326,0,1,3,p_1.30.24_LL3f_mi,16
170,169,132,222,674,329,345,19,1,3,p_1.30.24_LL3f_mi,16
171,173,143,226,664,323,341,16,1,3,p_1.30.24_LL3f_mi,16
172,175,140,225,662,334,328,6,1,3,p_1.30.24_LL3f_mi,16
173,180,138,230,650,321,329,3,1,3,p_1.30.24_LL3f_mi,16
174,179,138,225,669,326,343,0,1,3,p_1.30.24_LL3f_mi,16
175,178,135,227,662,333,329,0,1,3,p_1.30.24_LL3f_mi,16
176,163,126,212,705,369,336,0,1,3,p_1.30.24_LL3f_mi,16
177,173,134,221,673,345,328,0,1,3,p_1.30.24_LL3f_mi,16
178,182,142,226,658,326,332,0,1,3,p_1.30.24_LL3f_mi,16
179,177,129,229,654,321,333,0,1,3,p_1.30.24_LL3f_mi,16
180,178,134,225,661,326,335,0,1,3,p_1.30.24_LL3f_mi,16
181,178,132,223,666,347,319,0,1,3,p_1.30.24_LL3f_mi,16
182,175,134,218,683,345,338,0,1,3,p_1.30.24_LL3f_mi,16
183,172,127,221,672,323,349,0,1,3,p_1.30.24_LL3f_mi,16
184,175,132,225,663,323,340,0,1,3,p_1.30.24_LL3f_mi,16
185,174,140,222,668,314,354,0,1,3,p_1.30.24_LL3f_mi,16
186,179,133,224,665,310,355,0,1,3,p_1.30.24_LL3f_mi,16
187,169,130,221,675,321,354,0,1,3,p_1.30.24_LL3f_mi,16
188,183,145,229,647,310,337,0,1,3,p_1.30.24_LL3f_mi,16
189,174,136,227,654,313,341,0,1,3,p_1.30.24_LL3f_mi,16
190,171,139,215,687,334,353,0,1,3,p_1.30.24_LL3f_mi,16
191,176,137,222,665,325,340,0,1,3,p_1.30.24_LL3f_mi,16
192,177,140,227,655,325,330,0,1,3,p_1.30.24_LL3f_mi,16
193,166,132,219,673,337,336,0,1,3,p_1.30.24_LL3f_mi,16
194,179,136,220,671,333,338,0,1,3,p_1.30.24_LL3f_mi,16
195,180,139,228,650,322,328,0,1,3,p_1.30.24_LL3f_mi,16
196,173,125,224,669,334,335,0,1,3,p_1.30.24_LL3f_mi,16
197,170,131,220,682,335,347,0,1,3,p_1.30.24_LL3f_mi,16
198,161,124,216,689,336,353,0,1,3,p_1.30.24_LL3f_mi,16
199,171,135,223,670,347,323,0,1,3,p_1.30.24_LL3f_mi,16
200,183,139,228,657,330,327,0,1,3,p_1.30.24_LL3f_mi,16
201,157,129,206,711,355,356,0,1,3,p_1.30.24_LL3f_mi,16
202,171,135,218,680,343,337,0,1,3,p_1.30.24_LL3f_mi,16
203,175,133,221,671,322,349,0,1,3,p_1.30.24_LL3f_mi,16
204,177,138,229,650,303,347,0,1,3,p_1.30.24_LL3f_mi,16
205,176,134,224,665,312,353,0,1,3,p_1.30.24_LL3f_mi,16
206,180,132,225,667,321,346,0,1,3,p_1.30.24_LL3f_mi,16
207,182,144,237,626,297,329,0,1,3,p_1.30.24_LL3f_mi,16
208,172,134,225,664,320,344,0,1,3,p_1.30.24_LL3f_mi,16
209,170,131,222,668,319,349,0,1,3,p_1.30.24_LL3f_mi,16
210,170,137,216,687,322,365,0,1,3,p_1.30.24_LL3f_mi,16
211,169,131,230,650,321,329,0,1,3,p_1.30.24_LL3f_mi,16
212,173,137,219,679,336,343,0,1,3,p_1.30.24_LL3f_mi,16
213,172,142,227,652,326,326,0,1,3,p_1.30.24_LL3f_mi,16
214,176,138,219,680,346,334,0,1,3,p_1.30.24_LL3f_mi,16
215,173,131,220,673,324,349,0,1,3,p_1.30.24_LL3f_mi,16
216,175,133,219,684,332,352,0,1,3,p_1.30.24_LL3f_mi,16
217,172,125,224,658,339,319,0,1,3,p_1.30.24_LL3f_mi,16
218,172,138,224,656,321,335,0,1,3,p_1.30.24_LL3f_mi,16
219,179,132,227,656,324,332,0,1,3,p_1.30.24_LL3f_mi,16
220,174,137,220,678,322,356,0,1,3,p_1.30.24_LL3f_mi,16
221,172,134,221,671,343,328,0,1,3,p_1.30.24_LL3f_mi,16
222,169,128,221,677,351,326,0,1,3,p_1.30.24_LL3f_mi,16
223,172,131,226,665,344,321,0,1,3,p_1.30.24_LL3f_mi,16
224,183,137,227,655,342,313,0,1,3,p_1.30.24_LL3f_mi,16
225,175,139,225,662,349,313,0,1,3,p_1.30.24_LL3f_mi,16
226,157,128,206,714,376,338,0,1,3,p_1.30.24_LL3f_mi,16
227,178,139,227,656,340,316,0,1,3,p_1.30.24_LL3f_mi,16
228,178,137,229,648,334,314,0,1,3,p_1.30.24_LL3f_mi,16
229,177,131,229,649,339,310,0,1,3,p_1.30.24_LL3f_mi,16
230,176,138,225,654,356,298,0,1,3,p_1.30.24_LL3f_mi,16
231,166,128,220,677,354,323,0,1,3,p_1.30.24_LL3f_mi,16
232,173,133,222,675,352,323,0,1,3,p_1.30.24_LL3f_mi,16
233,163,131,216,689,358,331,0,1,3,p_1.30.24_LL3f_mi,16
234,169,131,222,664,350,314,0,1,3,p_1.30.24_LL3f_mi,16
235,163,132,214,687,345,342,0,1,3,p_1.30.24_LL3f_mi,16
236,178,132,225,666,352,314,0,1,3,p_1.30.24_LL3f_mi,16
237,182,137,227,656,346,310,0,1,3,p_1.30.24_LL3f_mi,16
238,180,131,234,634,323,311,0,1,3,p_1.30.24_LL3f_mi,16
239,177,135,226,653,324,329,0,1,3,p_1.30.24_LL3f_mi,16
240,164,130,222,669,323,346,0,1,3,p_1.30.24_LL3f_mi,16
241,179,138,230,636,294,342,0,1,3,p_1.30.24_LL3f_mi,16
242,182,140,226,660,318,342,0,1,3,p_1.30.24_LL3f_mi,16
243,175,130,225,661,329,332,0,1,3,p_1.30.24_LL3f_mi,16
244,174,133,222,666,362,304,0,1,3,p_1.30.24_LL3f_mi,16
245,169,135,218,681,355,326,0,1,3,p_1.30.24_LL3f_mi,16
246,166,132,222,674,336,338,0,1,3,p_1.30.24_LL3f_mi,16
247,181,140,231,644,324,320,0,1,3,p_1.30.24_LL3f_mi,16
248,173,142,227,654,328,326,0,1,3,p_1.30.24_LL3f_mi,16
249,177,145,224,660,342,318,0,1,3,p_1.30.24_LL3f_mi,16
250,172,130,222,663,362,301,0,1,3,p_1.30.24_LL3f_mi,16
251,171,137,211,709,384,325,0,1,3,p_1.30.24_LL3f_mi,16
252,170,128,229,654,359,295,0,1,3,p_1.30.24_LL3f_mi,16
253,181,137,230,651,324,327,0,1,3,p_1.30.24_LL3f_mi,16
254,181,134,228,647,341,306,0,1,3,p_1.30.24_LL3f_mi,16
255,177,139,230,636,319,317,0,1,3,p_1.30.24_LL3f_mi,16
256,174,131,229,648,325,323,0,1,3,p_1.30.24_LL3f_mi,16
257,181,140,232,634,304,330,0,1,3,p_1.30.24_LL3f_mi,16
258,178,145,222,670,328,342,0,1,3,p_1.30.24_LL3f_mi,16
259,182,138,231,643,316,327,0,1,3,p_1.30.24_LL3f_mi,16
260,173,134,220,679,343,336,0,1,3,p_1.30.24_LL3f_mi,16
261,172,133,219,670,342,328,0,1,3,p_1.30.24_LL3f_mi,16
262,173,139,224,661,340,321,0,1,3,p_1.30.24_LL3f_mi,16
263,179,139,225,663,332,331,0,1,3,p_1.30.24_LL3f_mi,16
264,176,141,227,656,311,345,0,1,3,p_1.30.24_LL3f_mi,16
265,176,129,217,679,337,342,0,1,3,p_1.30.24_LL3f_mi,16
266,176,140,222,670,334,336,0,1,3,p_1.30.24_LL3f_mi,16
267,172,136,224,666,329,337,0,1,3,p_1.30.24_LL3f_mi,16
268,174,135,219,673,327,346,0,1,3,p_1.30.24_LL3f_mi,16
269,174,143,220,678,337,341,0,1,3,p_1.30.24_LL3f_mi,16
270,170,137,222,673,338,335,0,1,3,p_1.30.24_LL3f_mi,16
271,172,137,225,666,342,324,0,1,3,p_1.30.24_LL3f_mi,16
272,169,130,220,676,346,330,0,1,3,p_1.30.24_LL3f_mi,16
273,180,144,229,650,322,328,0,1,3,p_1.30.24_LL3f_mi,16
274,179,134,230,643,318,325,0,1,3,p_1.30.24_LL3f_mi,16
275,171,140,219,676,328,348,0,1,3,p_1.30.24_LL3f_mi,16
276,159,133,202,720,368,352,0,1,3,p_1.30.24_LL3f_mi,16
277,176,142,223,662,326,336,0,1,3,p_1.30.24_LL3f_mi,16
278,167,134,219,677,325,352,0,1,3,p_1.30.24_LL3f_mi,16
279,182,141,224,660,310,350,0,1,3,p_1.30.24_LL3f_mi,16
280,170,133,221,666,307,359,0,1,3,p_1.30.24_LL3f_mi,16
281,171,141,221,671,310,361,0,1,3,p_1.30.24_LL3f_mi,16
282,168,137,227,655,309,346,0,1,3,p_1.30.24_LL3f_mi,16
283,177,135,233,637,298,339,0,1,3,p_1.30.24_LL3f_mi,16
284,178,130,226,657,326,331,0,1,3,p_1.30.24_LL3f_mi,16
285,175,138,225,659,335,324,0,1,3,p_1.30.24_LL3f_mi,16
286,178,141,226,660,332,328,0,1,3,p_1.30.24_LL3f_mi,16
287,167,122,215,695,362,333,0,1,3,p_1.30.24_LL3f_mi,16
288,178,139,225,664,330,334,0,1,3,p_1.30.24_LL3f_mi,16
289,178,145,226,664,323,341,0,1,3,p_1.30.24_LL3f_mi,16
290,185,149,232,637,311,326,0,1,3,p_1.30.24_LL3f_mi,16
291,179,140,230,641,305,336,0,1,3,p_1.30.24_LL3f_mi,16
292,179,142,227,659,310,349,0,1,3,p_1.30.24_LL3f_mi,16
293,176,138,221,673,304,369,0,1,3,p_1.30.24_LL3f_mi,16
294,170,135,220,674,309,365,0,1,3,p_1.30.24_LL3f_mi,16
295,175,138,224,672,318,354,0,1,3,p_1.30.24_LL3f_mi,16
296,170,134,229,644,313,331,0,1,3,p_1.30.24_LL3f_mi,16
297,182,144,232,641,316,325,0,1,3,p_1.30.24_LL3f_mi,16
298,175,139,225,662,327,335,0,1,3,p_1.30.24_LL3f_mi,16
299,180,142,229,647,305,342,0,1,3,p_1.30.24_LL3f_mi,16
300,181,142,224,668,329,339,0,1,3,p_1.30.24_LL3f_mi,16
301,161,127,205,719,340,379,0,1,3,p_1.30.24_LL3f_mi,16
302,167,130,220,677,328,349,0,1,3,p_1.30.24_LL3f_mi,16
303,175,138,218,684,341,343,0,1,3,p_1.30.24_LL3f_mi,16
304,174,135,222,670,333,337,0,1,3,p_1.30.24_LL3f_mi,16
305,175,130,226,666,343,323,0,1,3,p_1.30.24_LL3f_mi,16
306,177,140,225,660,337,323,0,1,3,p_1.30.24_LL3f_mi,16
307,180,131,227,660,319,341,0,1,3,p_1.30.24_LL3f_mi,16
308,176,135,220,679,333,346,0,1,3,p_1.30.24_LL3f_mi,16
309,170,133,223,669,330,339,0,1,3,p_1.30.24_LL3f_mi,16
310,173,140,224,668,323,345,0,1,3,p_1.30.24_LL3f_mi,16
311,175,138,221,677,329,348,0,1,3,p_1.30.24_LL3f_mi,16
312,172,134,220,672,328,344,0,1,3,p_1.30.24_LL3f_mi,16
313,170,133,222,670,331,339,0,1,3,p_1.30.24_LL3f_mi,16
314,176,137,230,644,322,322,0,1,3,p_1.30.24_LL3f_mi,16
315,172,126,223,666,336,330,0,1,3,p_1.30.24_LL3f_mi,16
316,168,127,216,689,352,337,0,1,3,p_1.30.24_LL3f_mi,16
317,181,136,230,649,323,326,0,1,3,p_1.30.24_LL3f_mi,16
318,176,142,223,666,328,338,0,1,3,p_1.30.24_LL3f_mi,16
319,182,138,226,651,319,332,0,1,3,p_1.30.24_LL3f_mi,16
320,174,138,230,646,308,338,0,1,3,p_1.30.24_LL3f_mi,16
321,168,137,219,673,328,345,0,1,3,p_1.30.24_LL3f_mi,16
322,177,134,228,646,304,342,0,1,3,p_1.30.24_LL3f_mi,16
323,167,134,221,671,327,344,0,1,3,p_1.30.24_LL3f_mi,16
324,170,132,221,676,346,330,0,1,3,p_1.30.24_LL3f_mi,16
325,176,130,224,661,334,327,0,1,3,p_1.30.24_LL3f_mi,16
326,163,133,209,707,357,350,0,1,3,p_1.30.24_LL3f_mi,16
327,175,128,222,673,330,343,0,1,3,p_1.30.24_LL3f_mi,16
328,180,136,228,651,325,326,0,1,3,p_1.30.24_LL3f_mi,16
329,165,123,218,679,326,353,0,1,3,p_1.30.24_LL3f_mi,16
330,183,138,228,642,315,327,0,1,3,p_1.30.24_LL3f_mi,16
331,179,132,225,660,333,327,0,1,3,p_1.30.24_LL3f_mi,16
332,178,134,225,662,336,326,0,1,3,p_1.30.24_LL3f_mi,16
333,173,130,222,668,332,336,0,1,3,p_1.30.24_LL3f_mi,16
334,175,135,222,673,334,339,0,1,3,p_1.30.24_LL3f_mi,16
335,173,127,227,658,329,329,0,1,3,p_1.30.24_LL3f_mi,16
336,174,132,226,652,318,334,0,1,3,p_1.30.24_LL3f_mi,16
337,168,127,218,683,327,356,0,1,3,p_1.30.24_LL3f_mi,16
338,165,130,215,685,342,343,0,1,3,p_1.30.24_LL3f_mi,16
339,173,128,222,670,326,344,0,1,3,p_1.30.24_LL3f_mi,16
340,174,129,221,673,345,328,0,1,3,p_1.30.24_LL3f_mi,16
341,175,139,225,661,350,311,0,1,3,p_1.30.24_LL3f_mi,16
342,169,129,221,678,346,332,0,1,3,p_1.30.24_LL3f_mi,16
343,181,139,229,648,327,321,0,1,3,p_1.30.24_LL3f_mi,16
344,172,138,228,658,310,348,0,1,3,p_1.30.24_LL3f_mi,16
345,174,133,225,657,319,338,0,1,3,p_1.30.24_LL3f_mi,16
346,163,131,221,672,337,335,0,1,3,p_1.30.24_LL3f_mi,16
347,178,136,229,649,325,324,0,1,3,p_1.30.24_LL3f_mi,16
348,174,134,224,664,330,334,0,1,3,p_1.30.24_LL3f_mi,16
349,168,131,217,688,343,345,0,1,3,p_1.30.24_LL3f_mi,16
350,176,138,223,671,324,347,0,1,3,p_1.30.24_LL3f_mi,16
1,7,7,8,614,299,315,0,1,4,p_1.30.24_LL3f_mi,16
2,95,90,118,864,424,440,0,1,4,p_1.30.24_LL3f_mi,16
3,125,107,158,800,397,403,0,1,4,p_1.30.24_LL3f_mi,16
4,161,134,206,712,346,366,0,1,4,p_1.30.24_LL3f_mi,16
5,177,135,232,640,334,306,0,1,4,p_1.30.24_LL3f_mi,16
6,182,136,234,624,325,299,0,1,4,p_1.30.24_LL3f_mi,16
7,181,131,231,641,340,301,0,1,4,p_1.30.24_LL3f_mi,16
8,177,133,221,670,332,338,0,1,4,p_1.30.24_LL3f_mi,16
9,164,125,217,677,329,348,0,1,4,p_1.30.24_LL3f_mi,16
10,177,143,226,653,313,340,0,1,4,p_1.30.24_LL3f_mi,16
11,180,149,232,630,314,316,0,1,4,p_1.30.24_LL3f_mi,16
12,176,141,220,670,331,339,0,1,4,p_1.30.24_LL3f_mi,16
13,170,128,217,686,361,325,0,1,4,p_1.30.24_LL3f_mi,16
14,164,132,213,691,351,340,0,1,4,p_1.30.24_LL3f_mi,16
15,168,124,218,679,334,345,0,1,4,p_1.30.24_LL3f_mi,16
16,176,136,233,638,312,326,0,1,4,p_1.30.24_LL3f_mi,16
17,175,133,222,669,307,362,0,1,4,p_1.30.24_LL3f_mi,16
18,174,136,224,664,288,376,0,1,4,p_1.30.24_LL3f_mi,16
19,170,136,221,671,303,368,0,1,4,p_1.30.24_LL3f_mi,16
20,179,142,229,653,297,356,0,1,4,p_1.30.24_LL3f_mi,16
21,167,127,211,695,332,363,0,1,4,p_1.30.24_LL3f_mi,16
22,171,137,225,664,318,346,0,1,4,p_1.30.24_LL3f_mi,16
23,167,130,224,666,304,362,0,1,4,p_1.30.24_LL3f_mi,16
24,180,136,234,629,294,335,0,1,4,p_1.30.24_LL3f_mi,16
25,182,147,229,654,309,345,0,1,4,p_1.30.24_LL3f_mi,16
26,152,122,201,722,348,374,0,1,4,p_1.30.24_LL3f_mi,16
27,175,128,223,660,329,331,0,1,4,p_1.30.24_LL3f_mi,16
28,181,138,233,646,302,344,0,1,4,p_1.30.24_LL3f_mi,16
29,172,133,219,681,322,359,0,1,4,p_1.30.24_LL3f_mi,16
30,172,139,229,642,307,335,0,1,4,p_1.30.24_LL3f_mi,16
31,168,140,222,668,333,335,0,1,4,p_1.30.24_LL3f_mi,16
32,175,134,222,674,317,357,0,1,4,p_1.30.24_LL3f_mi,16
33,172,137,229,651,308,343,0,1,4,p_1.30.24_LL3f_mi,16
34,178,135,228,655,317,338,0,1,4,p_1.30.24_LL3f_mi,16
35,175,139,223,671,312,359,0,1,4,p_1.30.24_LL3f_mi,16
36,172,142,224,661,316,345,0,1,4,p_1.30.24_LL3f_mi,16
37,180,141,229,653,324,329,0,1,4,p_1.30.24_LL3f_mi,16
38,178,145,225,660,332,328,0,1,4,p_1.30.24_LL3f_mi,16
39,175,139,219,680,338,342,0,1,4,p_1.30.24_LL3f_mi,16
40,166,129,215,690,343,347,0,1,4,p_1.30.24_LL3f_mi,16
41,175,130,224,661,319,342,0,1,4,p_1.30.24_LL3f_mi,16
42,183,136,230,649,326,323,0,1,4,p_1.30.24_LL3f_mi,16
43,176,142,227,658,312,346,0,1,4,p_1.30.24_LL3f_mi,16
44,171,139,220,670,321,349,0,1,4,p_1.30.24_LL3f_mi,16
45,173,138,219,680,340,340,0,1,4,p_1.30.24_LL3f_mi,16
46,167,128,223,667,331,336,0,1,4,p_1.30.24_LL3f_mi,16
47,174,133,233,638,324,314,0,1,4,p_1.30.24_LL3f_mi,16
48,171,133,223,667,346,321,0,1,4,p_1.30.24_LL3f_mi,16
49,176,131,225,662,354,308,0,1,4,p_1.30.24_LL3f_mi,16
50,178,136,237,623,314,309,0,1,4,p_1.30.24_LL3f_mi,16
51,166,138,214,695,353,342,0,1,4,p_1.30.24_LL3f_mi,16
52,167,134,222,669,337,332,0,1,4,p_1.30.24_LL3f_mi,16
53,179,135,227,651,322,329,0,1,4,p_1.30.24_LL3f_mi,16
54,165,136,211,698,336,362,0,1,4,p_1.30.24_LL3f_mi,16
55,169,139,218,685,337,348,0,1,4,p_1.30.24_LL3f_mi,16
56,165,129,223,666,332,334,0,1,4,p_1.30.24_LL3f_mi,16
57,181,136,230,651,329,322,0,1,4,p_1.30.24_LL3f_mi,16
58,169,137,224,667,350,317,0,1,4,p_1.30.24_LL3f_mi,16
59,180,138,223,663,358,305,0,1,4,p_1.30.24_LL3f_mi,16
60,171,135,227,660,341,319,0,1,4,p_1.30.24_LL3f_mi,16
61,180,136,227,659,330,329,0,1,4,p_1.30.24_LL3f_mi,16
62,175,130,224,656,329,327,0,1,4,p_1.30.24_LL3f_mi,16
63,181,126,232,641,332,309,0,1,4,p_1.30.24_LL3f_mi,16
64,169,140,222,674,337,337,0,1,4,p_1.30.24_LL3f_mi,16
65,176,140,226,667,333,334,0,1,4,p_1.30.24_LL3f_mi,16
66,175,138,223,669,338,331,0,1,4,p_1.30.24_LL3f_mi,16
67,175,132,224,666,324,342,0,1,4,p_1.30.24_LL3f_mi,16
68,181,139,231,648,312,336,0,1,4,p_1.30.24_LL3f_mi,16
69,171,127,222,666,336,330,0,1,4,p_1.30.24_LL3f_mi,16
70,172,135,223,663,319,344,0,1,4,p_1.30.24_LL3f_mi,16
71,177,140,222,669,324,345,0,1,4,p_1.30.24_LL3f_mi,16
72,172,135,220,675,333,342,0,1,4,p_1.30.24_LL3f_mi,16
73,169,130,213,693,342,351,0,1,4,p_1.30.24_LL3f_mi,16
74,177,139,225,660,328,332,0,1,4,p_1.30.24_LL3f_mi,16
75,178,135,231,649,315,334,0,1,4,p_1.30.24_LL3f_mi,16
76,156,126,202,725,349,376,0,1,4,p_1.30.24_LL3f_mi,16
77,167,133,221,674,324,350,0,1,4,p_1.30.24_LL3f_mi,16
78,178,139,228,649,309,340,0,1,4,p_1.30.24_LL3f_mi,16
79,175,134,229,652,313,339,0,1,4,p_1.30.24_LL3f_mi,16
80,177,133,228,648,316,332,0,1,4,p_1.30.24_LL3f_mi,16
81,178,138,225,660,334,326,0,1,4,p_1.30.24_LL3f_mi,16
82,173,126,222,667,346,321,0,1,4,p_1.30.24_LL3f_mi,16
83,175,138,218,681,349,332,0,1,4,p_1.30.24_LL3f_mi,16
84,169,133,214,685,350,335,0,1,4,p_1.30.24_LL3f_mi,16
85,173,130,226,659,323,336,0,1,4,p_1.30.24_LL3f_mi,16
86,165,132,222,670,318,352,0,1,4,p_1.30.24_LL3f_mi,16
87,176,141,219,682,339,343,0,1,4,p_1.30.24_LL3f_mi,16
88,176,129,228,658,328,330,0,1,4,p_1.30.24_LL3f_mi,16
89,168,139,221,674,320,354,0,1,4,p_1.30.24_LL3f_mi,16
90,171,136,224,668,318,350,0,1,4,p_1.30.24_LL3f_mi,16
91,169,132,219,677,324,353,0,1,4,p_1.30.24_LL3f_mi,16
92,177,143,225,660,306,354,0,1,4,p_1.30.24_LL3f_mi,16
93,179,143,220,674,302,372,0,1,4,p_1.30.24_LL3f_mi,16
94,177,132,233,636,305,331,0,1,4,p_1.30.24_LL3f_mi,16
95,171,139,221,673,323,350,0,1,4,p_1.30.24_LL3f_mi,16
96,175,137,221,671,325,346,0,1,4,p_1.30.24_LL3f_mi,16
97,175,131,224,669,319,350,0,1,4,p_1.30.24_LL3f_mi,16
98,182,144,225,664,333,331,0,1,4,p_1.30.24_LL3f_mi,16
99,176,137,231,645,325,320,0,1,4,p_1.30.24_LL3f_mi,16
100,148,120,193,656,334,322,0,1,4,p_1.30.24_LL3f_mi,16
101,117,98,150,668,319,349,0,1,4,p_1.30.24_LL3f_mi,16
102,121,100,158,583,281,302,0,1,4,p_1.30.24_LL3f_mi,16
103,108,94,145,525,249,276,0,1,4,p_1.30.24_LL3f_mi,16
104,92,81,116,499,233,266,0,1,4,p_1.30.24_LL3f_mi,16
105,69,59,92,470,218,252,0,1,4,p_1.30.24_LL3f_mi,16
106,72,62,92,391,202,189,0,1,4,p_1.30.24_LL3f_mi,16
107,63,52,86,323,169,154,0,1,4,p_1.30.24_LL3f_mi,16
108,41,38,54,305,161,144,0,1,4,p_1.30.24_LL3f_mi,16
109,43,33,54,233,132,101,0,1,4,p_1.30.24_LL3f_mi,16
110,24,22,32,211,115,96,0,1,4,p_1.30.24_LL3f_mi,16
111,28,22,37,154,79,75,0,1,4,p_1.30.24_LL3f_mi,16
112,29,23,37,145,70,75,0,1,4,p_1.30.24_LL3f_mi,16
113,25,22,36,120,58,62,0,1,4,p_1.30.24_LL3f_mi,16
114,25,20,34,115,58,57,0,1,4,p_1.30.24_LL3f_mi,16
115,26,21,34,108,52,56,0,1,4,p_1.30.24_LL3f_mi,16
116,25,17,32,99,49,50,0,1,4,p_1.30.24_LL3f_mi,16
117,27,22,33,100,51,49,0,1,4,p_1.30.24_LL3f_mi,16
118,27,21,33,95,49,46,0,1,4,p_1.30.24_LL3f_mi,16
119,23,16,31,97,54,43,0,1,4,p_1.30.24_LL3f_mi,16
120,26,20,35,103,52,51,0,1,4,p_1.30.24_LL3f_mi,16
121,26,19,34,107,52,55,0,1,4,p_1.30.24_LL3f_mi,16
122,24,20,33,104,51,53,0,1,4,p_1.30.24_LL3f_mi,16
123,26,23,35,108,51,57,0,1,4,p_1.30.24_LL3f_mi,16
124,30,28,36,110,49,61,0,1,4,p_1.30.24_LL3f_mi,16
125,28,25,37,129,58,71,18,1,4,p_1.30.24_LL3f_mi,16
126,31,22,37,121,54,67,10,1,4,p_1.30.24_LL3f_mi,16
127,29,24,35,111,52,59,3,1,4,p_1.30.24_LL3f_mi,16
128,27,22,35,108,51,57,2,1,4,p_1.30.24_LL3f_mi,16
129,26,22,33,104,50,54,0,1,4,p_1.30.24_LL3f_mi,16
130,27,24,34,109,52,57,0,1,4,p_1.30.24_LL3f_mi,16
131,25,24,32,105,55,50,0,1,4,p_1.30.24_LL3f_mi,16
132,24,20,32,97,50,47,0,1,4,p_1.30.24_LL3f_mi,16
133,25,20,34,108,51,57,0,1,4,p_1.30.24_LL3f_mi,16
134,24,21,34,106,50,56,0,1,4,p_1.30.24_LL3f_mi,16
135,27,24,35,100,47,53,0,1,4,p_1.30.24_LL3f_mi,16
136,24,23,33,93,44,49,0,1,4,p_1.30.24_LL3f_mi,16
137,24,20,29,88,45,43,0,1,4,p_1.30.24_LL3f_mi,16
138,23,16,30,82,41,41,0,1,4,p_1.30.24_LL3f_mi,16
139,25,18,31,81,43,38,0,1,4,p_1.30.24_LL3f_mi,16
140,26,19,33,111,55,56,20,1,4,p_1.30.24_LL3f_mi,16
141,25,23,33,98,48,50,8,1,4,p_1.30.24_LL3f_mi,16
142,27,20,35,104,52,52,4,1,4,p_1.30.24_LL3f_mi,16
143,29,24,35,116,53,63,0,1,4,p_1.30.24_LL3f_mi,16
144,26,22,35,110,52,58,0,1,4,p_1.30.24_LL3f_mi,16
145,28,23,34,109,48,61,0,1,4,p_1.30.24_LL3f_mi,16
146,26,19,33,110,50,60,0,1,4,p_1.30.24_LL3f_mi,16
147,24,18,32,87,42,45,0,1,4,p_1.30.24_LL3f_mi,16
148,25,19,33,93,46,47,0,1,4,p_1.30.24_LL3f_mi,16
149,28,20,34,104,55,49,0,1,4,p_1.30.24_LL3f_mi,16
150,30,24,36,108,53,55,0,1,4,p_1.30.24_LL3f_mi,16
151,54,34,80,118,59,59,0,1,4,p_1.30.24_LL3f_mi,16
152,73,50,99,159,85,74,0,1,4,p_1.30.24_LL3f_mi,16
153,94,62,125,213,107,106,0,1,4,p_1.30.24_LL3f_mi,16
154,102,72,144,255,119,136,0,1,4,p_1.30.24_LL3f_mi,16
155,128,91,162,346,162,184,17,1,4,p_1.30.24_LL3f_mi,16
156,140,102,180,390,192,198,4,1,4,p_1.30.24_LL3f_mi,16
157,150,110,197,422,222,200,6,1,4,p_1.30.24_LL3f_mi,16
158,166,123,208,501,257,244,4,1,4,p_1.30.24_LL3f_mi,16
159,172,135,221,572,284,288,1,1,4,p_1.30.24_LL3f_mi,16
160,185,148,242,593,261,332,0,1,4,p_1.30.24_LL3f_mi,16
161,188,139,236,627,291,336,0,1,4,p_1.30.24_LL3f_mi,16
162,181,143,233,635,301,334,0,1,4,p_1.30.24_LL3f_mi,16
163,179,141,226,664,316,348,0,1,4,p_1.30.24_LL3f_mi,16
164,172,132,221,674,319,355,0,1,4,p_1.30.24_LL3f_mi,16
165,177,141,226,662,307,355,0,1,4,p_1.30.24_LL3f_mi,16
166,180,140,231,640,314,326,0,1,4,p_1.30.24_LL3f_mi,16
167,171,139,216,685,346,339,0,1,4,p_1.30.24_LL3f_mi,16
168,177,139,219,677,343,334,0,1,4,p_1.30.24_LL3f_mi,16
169,171,134,223,666,335,331,0,1,4,p_1.30.24_LL3f_mi,16
170,150,119,201,724,376,348,22,1,4,p_1.30.24_LL3f_mi,16
171,171,137,223,663,346,317,10,1,4,p_1.30.24_LL3f_mi,16
172,165,124,225,665,348,317,7,1,4,p_1.30.24_LL3f_mi,16
173,183,141,229,643,327,316,0,1,4,p_1.30.24_LL3f_mi,16
174,177,133,224,662,337,325,0,1,4,p_1.30.24_LL3f_mi,16
175,177,140,229,647,323,324,0,1,4,p_1.30.24_LL3f_mi,16
176,170,135,217,686,335,351,0,1,4,p_1.30.24_LL3f_mi,16
177,174,132,231,640,327,313,0,1,4,p_1.30.24_LL3f_mi,16
178,183,130,230,650,338,312,0,1,4,p_1.30.24_LL3f_mi,16
179,170,131,214,693,369,324,0,1,4,p_1.30.24_LL3f_mi,16
180,177,141,228,652,349,303,0,1,4,p_1.30.24_LL3f_mi,16
181,170,138,217,691,339,352,0,1,4,p_1.30.24_LL3f_mi,16
182,166,136,218,676,321,355,0,1,4,p_1.30.24_LL3f_mi,16
183,178,137,223,674,313,361,0,1,4,p_1.30.24_LL3f_mi,16
184,183,140,231,653,298,355,0,1,4,p_1.30.24_LL3f_mi,16
185,176,131,227,654,302,352,0,1,4,p_1.30.24_LL3f_mi,16
186,176,145,223,667,323,344,0,1,4,p_1.30.24_LL3f_mi,16
187,181,147,229,653,320,333,0,1,4,p_1.30.24_LL3f_mi,16
188,172,135,223,668,316,352,0,1,4,p_1.30.24_LL3f_mi,16
189,178,141,226,657,319,338,0,1,4,p_1.30.24_LL3f_mi,16
190,177,142,224,666,296,370,0,1,4,p_1.30.24_LL3f_mi,16
191,169,134,225,665,292,373,0,1,4,p_1.30.24_LL3f_mi,16
192,162,123,216,686,321,365,0,1,4,p_1.30.24_LL3f_mi,16
193,170,130,220,674,321,353,0,1,4,p_1.30.24_LL3f_mi,16
194,176,133,226,672,334,338,0,1,4,p_1.30.24_LL3f_mi,16
195,173,132,218,671,351,320,0,1,4,p_1.30.24_LL3f_mi,16
196,173,136,225,657,342,315,0,1,4,p_1.30.24_LL3f_mi,16
197,179,137,225,661,326,335,0,1,4,p_1.30.24_LL3f_mi,16
198,176,140,229,653,321,332,0,1,4,p_1.30.24_LL3f_mi,16
199,173,136,229,652,323,329,0,1,4,p_1.30.24_LL3f_mi,16
200,166,131,209,700,354,346,0,1,4,p_1.30.24_LL3f_mi,16
201,159,119,203,722,371,351,0,1,4,p_1.30.24_LL3f_mi,16
202,171,140,222,672,331,341,0,1,4,p_1.30.24_LL3f_mi,16
203,180,145,225,663,313,350,0,1,4,p_1.30.24_LL3f_mi,16
204,171,142,221,673,326,347,0,1,4,p_1.30.24_LL3f_mi,16
205,176,137,226,657,317,340,0,1,4,p_1.30.24_LL3f_mi,16
206,169,135,219,684,326,358,0,1,4,p_1.30.24_LL3f_mi,16
207,167,126,224,659,313,346,0,1,4,p_1.30.24_LL3f_mi,16
208,185,138,231,646,308,338,0,1,4,p_1.30.24_LL3f_mi,16
209,182,142,232,641,325,316,0,1,4,p_1.30.24_LL3f_mi,16
210,172,135,222,670,339,331,0,1,4,p_1.30.24_LL3f_mi,16
211,174,137,227,655,332,323,0,1,4,p_1.30.24_LL3f_mi,16
212,173,126,221,672,344,328,0,1,4,p_1.30.24_LL3f_mi,16
213,164,130,224,662,330,332,0,1,4,p_1.30.24_LL3f_mi,16
214,168,133,222,672,339,333,0,1,4,p_1.30.24_LL3f_mi,16
215,172,132,224,665,349,316,0,1,4,p_1.30.24_LL3f_mi,16
216,162,127,216,686,365,321,0,1,4,p_1.30.24_LL3f_mi,16
217,176,132,223,668,344,324,0,1,4,p_1.30.24_LL3f_mi,16
218,182,141,225,667,345,322,0,1,4,p_1.30.24_LL3f_mi,16
219,169,134,219,678,343,335,0,1,4,p_1.30.24_LL3f_mi,16
220,181,142,225,668,345,323,0,1,4,p_1.30.24_LL3f_mi,16
221,183,153,224,661,328,333,0,1,4,p_1.30.24_LL3f_mi,16
222,166,132,222,667,319,348,0,1,4,p_1.30.24_LL3f_mi,16
223,167,133,218,682,310,372,0,1,4,p_1.30.24_LL3f_mi,16
224,177,141,223,660,312,348,0,1,4,p_1.30.24_LL3f_mi,16
225,178,135,226,659,312,347,0,1,4,p_1.30.24_LL3f_mi,16
226,160,129,206,709,347,362,0,1,4,p_1.30.24_LL3f_mi,16
227,172,142,222,671,347,324,0,1,4,p_1.30.24_LL3f_mi,16
228,170,131,226,656,317,339,0,1,4,p_1.30.24_LL3f_mi,16
229,181,134,225,662,322,340,0,1,4,p_1.30.24_LL3f_mi,16
230,169,125,222,665,329,336,0,1,4,p_1.30.24_LL3f_mi,16
231,177,127,226,652,338,314,0,1,4,p_1.30.24_LL3f_mi,16
232,160,131,210,699,360,339,0,1,4,p_1.30.24_LL3f_mi,16
233,174,137,223,669,376,293,0,1,4,p_1.30.24_LL3f_mi,16
234,183,132,232,636,352,284,0,1,4,p_1.30.24_LL3f_mi,16
235,175,138,226,660,343,317,0,1,4,p_1.30.24_LL3f_mi,16
236,162,127,214,687,363,324,0,1,4,p_1.30.24_LL3f_mi,16
237,175,134,222,668,365,303,0,1,4,p_1.30.24_LL3f_mi,16
238,179,136,228,652,343,309,0,1,4,p_1.30.24_LL3f_mi,16
239,175,139,229,649,332,317,0,1,4,p_1.30.24_LL3f_mi,16
240,171,125,226,667,353,314,0,1,4,p_1.30.24_LL3f_mi,16
241,178,135,231,641,328,313,0,1,4,p_1.30.24_LL3f_mi,16
242,176,138,222,670,349,321,0,1,4,p_1.30.24_LL3f_mi,16
243,183,141,226,656,343,313,0,1,4,p_1.30.24_LL3f_mi,16
244,172,136,225,669,343,326,0,1,4,p_1.30.24_LL3f_mi,16
245,173,129,220,681,348,333,0,1,4,p_1.30.24_LL3f_mi,16
246,169,130,221,665,347,318,0,1,4,p_1.30.24_LL3f_mi,16
247,182,139,228,659,338,321,0,1,4,p_1.30.24_LL3f_mi,16
248,176,134,226,660,348,312,0,1,4,p_1.30.24_LL3f_mi,16
249,175,139,221,669,338,331,0,1,4,p_1.30.24_LL3f_mi,16
250,167,137,217,679,342,337,0,1,4,p_1.30.24_LL3f_mi,16
251,153,129,197,733,365,368,0,1,4,p_1.30.24_LL3f_mi,16
252,162,134,213,698,351,347,0,1,4,p_1.30.24_LL3f_mi,16
253,181,136,233,641,304,337,0,1,4,p_1.30.24_LL3f_mi,16
254,177,141,227,654,305,349,0,1,4,p_1.30.24_LL3f_mi,16
255,181,137,234,639,303,336,0,1,4,p_1.30.24_LL3f_mi,16
256,168,140,217,681,338,343,0,1,4,p_1.30.24_LL3f_mi,16
257,164,125,212,693,360,333,0,1,4,p_1.30.24_LL3f_mi,16
258,175,135,221,669,337,332,0,1,4,p_1.30.24_LL3f_mi,16
259,174,132,225,663,334,329,0,1,4,p_1.30.24_LL3f_mi,16
260,174,140,229,651,317,334,0,1,4,p_1.30.24_LL3f_mi,16
261,178,137,229,655,321,334,0,1,4,p_1.30.24_LL3f_mi,16
262,173,146,224,667,325,342,0,1,4,p_1.30.24_LL3f_mi,16
263,180,141,227,658,327,331,0,1,4,p_1.30.24_LL3f_mi,16
264,179,145,228,646,321,325,0,1,4,p_1.30.24_LL3f_mi,16
265,173,128,225,662,325,337,0,1,4,p_1.30.24_LL3f_mi,16
266,177,140,225,665,316,349,0,1,4,p_1.30.24_LL3f_mi,16
267,169,139,224,665,302,363,0,1,4,p_1.30.24_LL3f_mi,16
268,177,135,228,654,288,366,0,1,4,p_1.30.24_LL3f_mi,16
269,186,142,226,658,314,344,0,1,4,p_1.30.24_LL3f_mi,16
270,178,135,227,653,321,332,0,1,4,p_1.30.24_LL3f_mi,16
271,173,132,222,672,335,337,0,1,4,p_1.30.24_LL3f_mi,16
272,174,143,224,670,341,329,0,1,4,p_1.30.24_LL3f_mi,16
273,183,138,232,640,350,290,0,1,4,p_1.30.24_LL3f_mi,16
274,177,136,224,668,350,318,0,1,4,p_1.30.24_LL3f_mi,16
275,175,130,224,662,344,318,0,1,4,p_1.30.24_LL3f_mi,16
276,154,113,202,722,373,349,0,1,4,p_1.30.24_LL3f_mi,16
277,175,126,227,662,325,337,0,1,4,p_1.30.24_LL3f_mi,16
278,182,140,230,650,311,339,0,1,4,p_1.30.24_LL3f_mi,16
279,176,132,226,654,321,333,0,1,4,p_1.30.24_LL3f_mi,16
280,177,136,230,650,315,335,0,1,4,p_1.30.24_LL3f_mi,16
281,178,148,230,648,310,338,0,1,4,p_1.30.24_LL3f_mi,16
282,175,135,226,657,319,338,0,1,4,p_1.30.24_LL3f_mi,16
283,175,135,228,653,328,325,0,1,4,p_1.30.24_LL3f_mi,16
284,172,136,222,668,330,338,0,1,4,p_1.30.24_LL3f_mi,16
285,173,134,223,663,319,344,0,1,4,p_1.30.24_LL3f_mi,16
286,179,144,227,658,333,325,0,1,4,p_1.30.24_LL3f_mi,16
287,174,138,219,675,341,334,0,1,4,p_1.30.24_LL3f_mi,16
288,172,135,226,661,336,325,0,1,4,p_1.30.24_LL3f_mi,16
289,176,138,226,655,321,334,0,1,4,p_1.30.24_LL3f_mi,16
290,170,130,223,670,318,352,0,1,4,p_1.30.24_LL3f_mi,16
291,174,141,223,667,314,353,0,1,4,p_1.30.24_LL3f_mi,16
292,175,141,227,654,311,343,0,1,4,p_1.30.24_LL3f_mi,16
293,175,140,224,669,318,351,0,1,4,p_1.30.24_LL3f_mi,16
294,180,136,230,638,307,331,0,1,4,p_1.30.24_LL3f_mi,16
295,175,144,223,668,337,331,0,1,4,p_1.30.24_LL3f_mi,16
296,173,134,219,686,336,350,0,1,4,p_1.30.24_LL3f_mi,16
297,173,139,217,679,324,355,0,1,4,p_1.30.24_LL3f_mi,16
298,175,140,225,660,317,343,0,1,4,p_1.30.24_LL3f_mi,16
299,164,127,221,676,329,347,0,1,4,p_1.30.24_LL3f_mi,16
300,180,137,228,652,316,336,0,1,4,p_1.30.24_LL3f_mi,16
301,161,133,214,693,341,352,0,1,4,p_1.30.24_LL3f_mi,16
302,177,136,228,650,325,325,0,1,4,p_1.30.24_LL3f_mi,16
303,175,142,230,645,335,310,0,1,4,p_1.30.24_LL3f_mi,16
304,181,142,223,672,344,328,0,1,4,p_1.30.24_LL3f_mi,16
305,175,135,230,648,325,323,0,1,4,p_1.30.24_LL3f_mi,16
306,171,136,215,688,334,354,0,1,4,p_1.30.24_LL3f_mi,16
307,167,130,219,678,336,342,0,1,4,p_1.30.24_LL3f_mi,16
308,173,143,221,671,331,340,0,1,4,p_1.30.24_LL3f_mi,16
309,170,129,224,665,337,328,0,1,4,p_1.30.24_LL3f_mi,16
310,176,141,228,649,324,325,0,1,4,p_1.30.24_LL3f_mi,16
311,166,128,213,688,341,347,0,1,4,p_1.30.24_LL3f_mi,16
312,173,134,215,691,341,350,0,1,4,p_1.30.24_LL3f_mi,16
313,175,131,220,676,336,340,0,1,4,p_1.30.24_LL3f_mi,16
314,174,136,226,653,318,335,0,1,4,p_1.30.24_LL3f_mi,16
315,167,129,212,703,355,348,0,1,4,p_1.30.24_LL3f_mi,16
316,163,134,217,682,337,345,0,1,4,p_1.30.24_LL3f_mi,16
317,171,127,224,664,332,332,0,1,4,p_1.30.24_LL3f_mi,16
318,171,132,220,677,358,319,0,1,4,p_1.30.24_LL3f_mi,16
319,187,137,233,637,327,310,0,1,4,p_1.30.24_LL3f_mi,16
320,173,133,229,645,316,329,0,1,4,p_1.30.24_LL3f_mi,16
321,168,137,223,676,345,331,0,1,4,p_1.30.24_LL3f_mi,16
322,173,136,225,669,342,327,0,1,4,p_1.30.24_LL3f_mi,16
323,173,134,229,651,323,328,0,1,4,p_1.30.24_LL3f_mi,16
324,165,136,216,683,336,347,0,1,4,p_1.30.24_LL3f_mi,16
325,169,133,220,672,334,338,0,1,4,p_1.30.24_LL3f_mi,16
326,151,121,201,721,355,366,0,1,4,p_1.30.24_LL3f_mi,16
327,175,138,229,653,341,312,0,1,4,p_1.30.24_LL3f_mi,16
328,179,135,225,660,343,317,0,1,4,p_1.30.24_LL3f_mi,16
329,177,138,229,645,330,315,0,1,4,p_1.30.24_LL3f_mi,16
330,175,151,226,659,331,328,0,1,4,p_1.30.24_LL3f_mi,16
331,176,136,227,657,341,316,0,1,4,p_1.30.24_LL3f_mi,16
332,174,138,225,662,356,306,0,1,4,p_1.30.24_LL3f_mi,16
333,177,136,218,679,339,340,0,1,4,p_1.30.24_LL3f_mi,16
334,179,134,222,670,326,344,0,1,4,p_1.30.24_LL3f_mi,16
335,170,135,219,677,300,377,0,1,4,p_1.30.24_LL3f_mi,16
336,168,136,216,684,309,375,0,1,4,p_1.30.24_LL3f_mi,16
337,167,132,219,681,314,367,0,1,4,p_1.30.24_LL3f_mi,16
338,178,138,220,680,329,351,0,1,4,p_1.30.24_LL3f_mi,16
339,178,140,224,663,341,322,0,1,4,p_1.30.24_LL3f_mi,16
340,180,139,223,672,337,335,0,1,4,p_1.30.24_LL3f_mi,16
341,170,137,225,657,334,323,0,1,4,p_1.30.24_LL3f_mi,16
342,173,129,227,655,343,312,0,1,4,p_1.30.24_LL3f_mi,16
343,171,129,222,669,362,307,0,1,4,p_1.30.24_LL3f_mi,16
344,172,132,226,656,349,307,0,1,4,p_1.30.24_LL3f_mi,16
345,170,141,229,647,358,289,0,1,4,p_1.30.24_LL3f_mi,16
346,171,131,220,668,363,305,0,1,4,p_1.30.24_LL3f_mi,16
347,160,126,222,665,334,331,0,1,4,p_1.30.24_LL3f_mi,16
348,178,142,226,657,323,334,0,1,4,p_1.30.24_LL3f_mi,16
349,180,140,227,649,323,326,0,1,4,p_1.30.24_LL3f_mi,16
350,172,131,227,654,330,324,0,1,4,p_1.30.24_LL3f_mi,16
1,5,4,8,619,295,324,0,1,5,p_1.30.24_LL3f_mi,16
2,105,96,131,848,419,429,0,1,5,p_1.30.24_LL3f_mi,16
3,130,112,171,781,390,391,0,1,5,p_1.30.24_LL3f_mi,16
4,160,132,202,725,359,366,0,1,5,p_1.30.24_LL3f_mi,16
5,187,145,232,645,315,330,0,1,5,p_1.30.24_LL3f_mi,16
6,177,140,230,646,306,340,0,1,5,p_1.30.24_LL3f_mi,16
7,183,147,229,646,309,337,0,1,5,p_1.30.24_LL3f_mi,16
8,175,138,223,671,321,350,0,1,5,p_1.30.24_LL3f_mi,16
9,174,145,221,666,320,346,0,1,5,p_1.30.24_LL3f_mi,16
10,176,141,221,673,320,353,0,1,5,p_1.30.24_LL3f_mi,16
11,180,140,228,652,329,323,0,1,5,p_1.30.24_LL3f_mi,16
12,171,135,225,667,343,324,0,1,5,p_1.30.24_LL3f_mi,16
13,171,139,224,662,338,324,0,1,5,p_1.30.24_LL3f_mi,16
14,171,130,221,671,336,335,0,1,5,p_1.30.24_LL3f_mi,16
15,170,129,227,655,333,322,0,1,5,p_1.30.24_LL3f_mi,16
16,170,139,223,668,331,337,0,1,5,p_1.30.24_LL3f_mi,16
17,173,135,223,665,318,347,0,1,5,p_1.30.24_LL3f_mi,16
18,179,141,230,646,313,333,0,1,5,p_1.30.24_LL3f_mi,16
19,167,128,219,679,336,343,0,1,5,p_1.30.24_LL3f_mi,16
20,170,142,220,677,338,339,0,1,5,p_1.30.24_LL3f_mi,16
21,170,140,224,664,322,342,0,1,5,p_1.30.24_LL3f_mi,16
22,167,129,217,685,357,328,0,1,5,p_1.30.24_LL3f_mi,16
23,172,136,228,650,336,314,0,1,5,p_1.30.24_LL3f_mi,16
24,180,141,232,643,320,323,0,1,5,p_1.30.24_LL3f_mi,16
25,178,142,223,667,338,329,0,1,5,p_1.30.24_LL3f_mi,16
26,154,119,208,703,344,359,0,1,5,p_1.30.24_LL3f_mi,16
27,170,137,218,679,334,345,0,1,5,p_1.30.24_LL3f_mi,16
28,173,132,221,672,338,334,0,1,5,p_1.30.24_LL3f_mi,16
29,173,128,223,665,338,327,0,1,5,p_1.30.24_LL3f_mi,16
30,171,125,219,677,358,319,0,1,5,p_1.30.24_LL3f_mi,16
31,176,141,220,675,359,316,0,1,5,p_1.30.24_LL3f_mi,16
32,188,139,231,637,330,307,0,1,5,p_1.30.24_LL3f_mi,16
33,177,146,225,667,342,325,0,1,5,p_1.30.24_LL3f_mi,16
34,175,132,227,653,323,330,0,1,5,p_1.30.24_LL3f_mi,16
35,168,129,222,670,308,362,0,1,5,p_1.30.24_LL3f_mi,16
36,169,139,218,686,309,377,0,1,5,p_1.30.24_LL3f_mi,16
37,180,141,222,669,306,363,0,1,5,p_1.30.24_LL3f_mi,16
38,168,136,224,662,301,361,0,1,5,p_1.30.24_LL3f_mi,16
39,180,143,232,645,311,334,0,1,5,p_1.30.24_LL3f_mi,16
40,181,135,225,655,324,331,0,1,5,p_1.30.24_LL3f_mi,16
41,177,133,221,670,326,344,0,1,5,p_1.30.24_LL3f_mi,16
42,164,130,215,691,353,338,0,1,5,p_1.30.24_LL3f_mi,16
43,178,136,222,672,338,334,0,1,5,p_1.30.24_LL3f_mi,16
44,172,128,221,675,341,334,0,1,5,p_1.30.24_LL3f_mi,16
45,172,134,227,646,316,330,0,1,5,p_1.30.24_LL3f_mi,16
46,176,130,225,663,329,334,0,1,5,p_1.30.24_LL3f_mi,16
47,183,130,232,637,317,320,0,1,5,p_1.30.24_LL3f_mi,16
48,178,143,230,653,321,332,0,1,5,p_1.30.24_LL3f_mi,16
49,170,130,223,665,306,359,0,1,5,p_1.30.24_LL3f_mi,16
50,169,136,216,684,315,369,0,1,5,p_1.30.24_LL3f_mi,16
51,162,128,213,700,345,355,0,1,5,p_1.30.24_LL3f_mi,16
52,173,130,221,674,332,342,0,1,5,p_1.30.24_LL3f_mi,16
53,175,134,223,664,330,334,0,1,5,p_1.30.24_LL3f_mi,16
54,171,138,216,689,346,343,0,1,5,p_1.30.24_LL3f_mi,16
55,170,130,221,672,346,326,0,1,5,p_1.30.24_LL3f_mi,16
56,175,123,233,633,338,295,0,1,5,p_1.30.24_LL3f_mi,16
57,180,127,225,660,362,298,0,1,5,p_1.30.24_LL3f_mi,16
58,173,134,214,696,369,327,0,1,5,p_1.30.24_LL3f_mi,16
59,165,126,220,674,339,335,0,1,5,p_1.30.24_LL3f_mi,16
60,169,130,220,683,335,348,0,1,5,p_1.30.24_LL3f_mi,16
61,176,129,226,654,327,327,0,1,5,p_1.30.24_LL3f_mi,16
62,190,148,233,629,308,321,0,1,5,p_1.30.24_LL3f_mi,16
63,170,134,220,668,321,347,0,1,5,p_1.30.24_LL3f_mi,16
64,176,131,221,677,323,354,0,1,5,p_1.30.24_LL3f_mi,16
65,181,139,226,653,321,332,0,1,5,p_1.30.24_LL3f_mi,16
66,176,143,221,680,322,358,0,1,5,p_1.30.24_LL3f_mi,16
67,187,146,228,646,308,338,0,1,5,p_1.30.24_LL3f_mi,16
68,179,135,227,652,312,340,0,1,5,p_1.30.24_LL3f_mi,16
69,170,143,217,684,337,347,0,1,5,p_1.30.24_LL3f_mi,16
70,172,140,219,677,331,346,0,1,5,p_1.30.24_LL3f_mi,16
71,176,134,226,656,326,330,0,1,5,p_1.30.24_LL3f_mi,16
72,178,138,226,659,319,340,0,1,5,p_1.30.24_LL3f_mi,16
73,183,139,230,647,315,332,0,1,5,p_1.30.24_LL3f_mi,16
74,167,127,224,664,327,337,0,1,5,p_1.30.24_LL3f_mi,16
75,174,132,225,664,324,340,0,1,5,p_1.30.24_LL3f_mi,16
76,159,130,206,718,365,353,0,1,5,p_1.30.24_LL3f_mi,16
77,170,133,221,668,343,325,0,1,5,p_1.30.24_LL3f_mi,16
78,178,131,231,642,317,325,0,1,5,p_1.30.24_LL3f_mi,16
79,172,136,228,650,328,322,0,1,5,p_1.30.24_LL3f_mi,16
80,172,133,219,674,352,322,0,1,5,p_1.30.24_LL3f_mi,16
81,170,136,220,680,341,339,0,1,5,p_1.30.24_LL3f_mi,16
82,180,135,224,666,338,328,0,1,5,p_1.30.24_LL3f_mi,16
83,172,133,217,677,348,329,0,1,5,p_1.30.24_LL3f_mi,16
84,166,128,222,667,349,318,0,1,5,p_1.30.24_LL3f_mi,16
85,170,130,221,664,327,337,0,1,5,p_1.30.24_LL3f_mi,16
86,166,129,216,686,343,343,0,1,5,p_1.30.24_LL3f_mi,16
87,167,130,219,674,344,330,0,1,5,p_1.30.24_LL3f_mi,16
88,170,132,228,643,319,324,0,1,5,p_1.30.24_LL3f_mi,16
89,168,130,217,687,336,351,0,1,5,p_1.30.24_LL3f_mi,16
90,171,129,223,671,327,344,0,1,5,p_1.30.24_LL3f_mi,16
91,165,134,221,676,334,342,0,1,5,p_1.30.24_LL3f_mi,16
92,179,134,226,662,316,346,0,1,5,p_1.30.24_LL3f_mi,16
93,178,146,227,653,318,335,0,1,5,p_1.30.24_LL3f_mi,16
94,175,131,222,671,336,335,0,1,5,p_1.30.24_LL3f_mi,16
95,164,132,215,692,364,328,0,1,5,p_1.30.24_LL3f_mi,16
96,167,127,216,689,357,332,0,1,5,p_1.30.24_LL3f_mi,16
97,185,143,228,654,329,325,0,1,5,p_1.30.24_LL3f_mi,16
98,179,126,224,669,321,348,0,1,5,p_1.30.24_LL3f_mi,16
99,174,137,222,669,332,337,0,1,5,p_1.30.24_LL3f_mi,16
100,155,127,193,661,319,342,0,1,5,p_1.30.24_LL3f_mi,16
101,110,99,136,696,347,349,0,1,5,p_1.30.24_LL3f_mi,16
102,118,96,149,591,283,308,0,1,5,p_1.30.24_LL3f_mi,16
103,121,100,151,508,243,265,0,1,5,p_1.30.24_LL3f_mi,16
104,97,85,126,481,230,251,0,1,5,p_1.30.24_LL3f_mi,16
105,87,76,113,430,221,209,0,1,5,p_1.30.24_LL3f_mi,16
106,67,54,82,409,197,212,0,1,5,p_1.30.24_LL3f_mi,16
107,65,55,85,326,153,173,0,1,5,p_1.30.24_LL3f_mi,16
108,48,39,63,285,128,157,0,1,5,p_1.30.24_LL3f_mi,16
109,37,32,42,248,105,143,0,1,5,p_1.30.24_LL3f_mi,16
110,25,23,31,207,88,119,0,1,5,p_1.30.24_LL3f_mi,16
111,25,23,35,171,73,98,0,1,5,p_1.30.24_LL3f_mi,16
112,30,22,37,122,58,64,0,1,5,p_1.30.24_LL3f_mi,16
113,29,25,37,113,46,67,0,1,5,p_1.30.24_LL3f_mi,16
114,26,19,33,107,49,58,0,1,5,p_1.30.24_LL3f_mi,16
115,26,22,32,95,50,45,0,1,5,p_1.30.24_LL3f_mi,16
116,28,20,36,104,53,51,0,1,5,p_1.30.24_LL3f_mi,16
117,26,21,33,101,53,48,0,1,5,p_1.30.24_LL3f_mi,16
118,24,21,32,95,50,45,0,1,5,p_1.30.24_LL3f_mi,16
119,24,18,32,93,47,46,0,1,5,p_1.30.24_LL3f_mi,16
120,25,18,31,82,44,38,0,1,5,p_1.30.24_LL3f_mi,16
121,22,14,31,91,51,40,0,1,5,p_1.30.24_LL3f_mi,16
122,25,18,33,98,61,37,0,1,5,p_1.30.24_LL3f_mi,16
123,23,13,31,91,56,35,0,1,5,p_1.30.24_LL3f_mi,16
124,24,20,31,92,49,43,0,1,5,p_1.30.24_LL3f_mi,16
125,26,23,34,108,51,57,19,1,5,p_1.30.24_LL3f_mi,16
126,25,20,35,113,56,57,16,1,5,p_1.30.24_LL3f_mi,16
127,25,21,34,116,60,56,11,1,5,p_1.30.24_LL3f_mi,16
128,29,23,35,112,61,51,4,1,5,p_1.30.24_LL3f_mi,16
129,26,22,33,99,52,47,1,1,5,p_1.30.24_LL3f_mi,16
130,26,19,33,99,50,49,1,1,5,p_1.30.24_LL3f_mi,16
131,27,22,35,110,53,57,1,1,5,p_1.30.24_LL3f_mi,16
132,27,24,33,101,46,55,0,1,5,p_1.30.24_LL3f_mi,16
133,25,22,33,100,43,57,0,1,5,p_1.30.24_LL3f_mi,16
134,24,19,32,85,43,42,0,1,5,p_1.30.24_LL3f_mi,16
135,22,19,30,93,50,43,0,1,5,p_1.30.24_LL3f_mi,16
136,29,21,35,101,52,49,0,1,5,p_1.30.24_LL3f_mi,16
137,27,19,36,98,50,48,0,1,5,p_1.30.24_LL3f_mi,16
138,27,23,33,103,48,55,0,1,5,p_1.30.24_LL3f_mi,16
139,23,18,34,103,50,53,0,1,5,p_1.30.24_LL3f_mi,16
140,26,21,36,128,63,65,19,1,5,p_1.30.24_LL3f_mi,16
141,25,22,34,120,61,59,9,1,5,p_1.30.24_LL3f_mi,16
142,28,19,37,113,61,52,5,1,5,p_1.30.24_LL3f_mi,16
143,28,22,35,109,59,50,2,1,5,p_1.30.24_LL3f_mi,16
144,29,24,36,115,63,52,1,1,5,p_1.30.24_LL3f_mi,16
145,28,23,36,105,55,50,0,1,5,p_1.30.24_LL3f_mi,16
146,27,22,35,108,53,55,0,1,5,p_1.30.24_LL3f_mi,16
147,26,24,33,102,52,50,0,1,5,p_1.30.24_LL3f_mi,16
148,26,20,32,99,52,47,0,1,5,p_1.30.24_LL3f_mi,16
149,27,17,34,94,55,39,0,1,5,p_1.30.24_LL3f_mi,16
150,26,20,32,97,57,40,0,1,5,p_1.30.24_LL3f_mi,16
151,55,29,73,104,63,41,0,1,5,p_1.30.24_LL3f_mi,16
152,72,38,96,145,89,56,0,1,5,p_1.30.24_LL3f_mi,16
153,83,55,120,195,105,90,0,1,5,p_1.30.24_LL3f_mi,16
154,106,67,142,249,122,127,0,1,5,p_1.30.24_LL3f_mi,16
155,120,88,162,339,163,176,20,1,5,p_1.30.24_LL3f_mi,16
156,141,101,176,411,203,208,10,1,5,p_1.30.24_LL3f_mi,16
157,154,111,191,471,226,245,5,1,5,p_1.30.24_LL3f_mi,16
158,169,119,210,499,231,268,5,1,5,p_1.30.24_LL3f_mi,16
159,175,128,224,549,273,276,1,1,5,p_1.30.24_LL3f_mi,16
160,187,136,237,617,315,302,0,1,5,p_1.30.24_LL3f_mi,16
161,177,144,223,660,322,338,0,1,5,p_1.30.24_LL3f_mi,16
162,160,130,222,674,328,346,0,1,5,p_1.30.24_LL3f_mi,16
163,174,143,225,664,337,327,0,1,5,p_1.30.24_LL3f_mi,16
164,177,139,227,662,324,338,0,1,5,p_1.30.24_LL3f_mi,16
165,167,130,218,682,345,337,0,1,5,p_1.30.24_LL3f_mi,16
166,178,130,223,669,340,329,0,1,5,p_1.30.24_LL3f_mi,16
167,183,139,231,646,337,309,0,1,5,p_1.30.24_LL3f_mi,16
168,165,130,212,695,359,336,0,1,5,p_1.30.24_LL3f_mi,16
169,179,137,231,634,324,310,0,1,5,p_1.30.24_LL3f_mi,16
170,161,128,208,706,356,350,20,1,5,p_1.30.24_LL3f_mi,16
171,166,127,220,675,351,324,14,1,5,p_1.30.24_LL3f_mi,16
172,177,132,226,653,342,311,8,1,5,p_1.30.24_LL3f_mi,16
173,171,130,221,670,347,323,3,1,5,p_1.30.24_LL3f_mi,16
174,180,136,227,655,328,327,0,1,5,p_1.30.24_LL3f_mi,16
175,173,137,232,637,326,311,0,1,5,p_1.30.24_LL3f_mi,16
176,169,132,211,701,348,353,0,1,5,p_1.30.24_LL3f_mi,16
177,173,129,225,658,306,352,0,1,5,p_1.30.24_LL3f_mi,16
178,182,135,230,646,308,338,0,1,5,p_1.30.24_LL3f_mi,16
179,165,132,218,679,327,352,0,1,5,p_1.30.24_LL3f_mi,16
180,177,139,230,648,304,344,0,1,5,p_1.30.24_LL3f_mi,16
181,177,140,223,671,327,344,0,1,5,p_1.30.24_LL3f_mi,16
182,172,136,232,647,315,332,0,1,5,p_1.30.24_LL3f_mi,16
183,169,134,216,681,348,333,0,1,5,p_1.30.24_LL3f_mi,16
184,173,131,218,681,340,341,0,1,5,p_1.30.24_LL3f_mi,16
185,170,135,225,658,335,323,0,1,5,p_1.30.24_LL3f_mi,16
186,181,137,227,653,326,327,0,1,5,p_1.30.24_LL3f_mi,16
187,164,127,216,685,359,326,0,1,5,p_1.30.24_LL3f_mi,16
188,170,129,220,672,342,330,0,1,5,p_1.30.24_LL3f_mi,16
189,182,143,227,643,308,335,0,1,5,p_1.30.24_LL3f_mi,16
190,178,142,223,667,323,344,0,1,5,p_1.30.24_LL3f_mi,16
191,172,141,222,666,307,359,0,1,5,p_1.30.24_LL3f_mi,16
192,170,141,221,673,302,371,0,1,5,p_1.30.24_LL3f_mi,16
193,183,152,224,668,294,374,0,1,5,p_1.30.24_LL3f_mi,16
194,169,143,225,664,310,354,0,1,5,p_1.30.24_LL3f_mi,16
195,179,139,222,670,330,340,0,1,5,p_1.30.24_LL3f_mi,16
196,174,137,215,686,348,338,0,1,5,p_1.30.24_LL3f_mi,16
197,167,140,217,686,349,337,0,1,5,p_1.30.24_LL3f_mi,16
198,181,137,228,650,319,331,0,1,5,p_1.30.24_LL3f_mi,16
199,180,127,232,641,315,326,0,1,5,p_1.30.24_LL3f_mi,16
200,187,143,235,627,301,326,0,1,5,p_1.30.24_LL3f_mi,16
201,166,126,208,708,343,365,0,1,5,p_1.30.24_LL3f_mi,16
202,162,138,216,684,309,375,0,1,5,p_1.30.24_LL3f_mi,16
203,176,138,221,668,312,356,0,1,5,p_1.30.24_LL3f_mi,16
204,178,145,224,661,319,342,0,1,5,p_1.30.24_LL3f_mi,16
205,169,129,223,665,320,345,0,1,5,p_1.30.24_LL3f_mi,16
206,174,134,219,679,342,337,0,1,5,p_1.30.24_LL3f_mi,16
207,174,133,220,667,344,323,0,1,5,p_1.30.24_LL3f_mi,16
208,175,143,227,649,321,328,0,1,5,p_1.30.24_LL3f_mi,16
209,168,132,215,689,343,346,0,1,5,p_1.30.24_LL3f_mi,16
210,176,140,224,668,343,325,0,1,5,p_1.30.24_LL3f_mi,16
211,172,132,221,672,329,343,0,1,5,p_1.30.24_LL3f_mi,16
212,172,137,217,690,321,369,0,1,5,p_1.30.24_LL3f_mi,16
213,174,137,218,686,324,362,0,1,5,p_1.30.24_LL3f_mi,16
214,179,146,225,653,300,353,0,1,5,p_1.30.24_LL3f_mi,16
215,165,134,215,688,310,378,0,1,5,p_1.30.24_LL3f_mi,16
216,172,141,219,677,320,357,0,1,5,p_1.30.24_LL3f_mi,16
217,175,137,221,677,320,357,0,1,5,p_1.30.24_LL3f_mi,16
218,171,135,220,674,330,344,0,1,5,p_1.30.24_LL3f_mi,16
219,177,138,221,671,325,346,0,1,5,p_1.30.24_LL3f_mi,16
220,169,131,224,661,322,339,0,1,5,p_1.30.24_LL3f_mi,16
221,172,138,225,657,319,338,0,1,5,p_1.30.24_LL3f_mi,16
222,166,135,222,662,330,332,0,1,5,p_1.30.24_LL3f_mi,16
223,174,142,218,687,357,330,0,1,5,p_1.30.24_LL3f_mi,16
224,169,130,222,669,352,317,0,1,5,p_1.30.24_LL3f_mi,16
225,181,135,226,660,336,324,0,1,5,p_1.30.24_LL3f_mi,16
226,165,130,214,692,357,335,0,1,5,p_1.30.24_LL3f_mi,16
227,178,142,227,650,329,321,0,1,5,p_1.30.24_LL3f_mi,16
228,172,128,230,648,331,317,0,1,5,p_1.30.24_LL3f_mi,16
229,179,131,230,644,344,300,0,1,5,p_1.30.24_LL3f_mi,16
230,168,135,220,676,342,334,0,1,5,p_1.30.24_LL3f_mi,16
231,171,137,221,670,346,324,0,1,5,p_1.30.24_LL3f_mi,16
232,182,141,231,649,316,333,0,1,5,p_1.30.24_LL3f_mi,16
233,181,141,227,654,316,338,0,1,5,p_1.30.24_LL3f_mi,16
234,169,135,217,690,342,348,0,1,5,p_1.30.24_LL3f_mi,16
235,161,131,222,671,333,338,0,1,5,p_1.30.24_LL3f_mi,16
236,168,137,209,700,339,361,0,1,5,p_1.30.24_LL3f_mi,16
237,170,135,224,670,325,345,0,1,5,p_1.30.24_LL3f_mi,16
238,177,138,224,662,328,334,0,1,5,p_1.30.24_LL3f_mi,16
239,176,134,224,661,320,341,0,1,5,p_1.30.24_LL3f_mi,16
240,183,140,225,657,317,340,0,1,5,p_1.30.24_LL3f_mi,16
241,175,132,229,646,319,327,0,1,5,p_1.30.24_LL3f_mi,16
242,169,134,222,673,340,333,0,1,5,p_1.30.24_LL3f_mi,16
243,178,135,226,658,320,338,0,1,5,p_1.30.24_LL3f_mi,16
244,171,133,223,665,334,331,0,1,5,p_1.30.24_LL3f_mi,16
245,179,135,230,648,317,331,0,1,5,p_1.30.24_LL3f_mi,16
246,180,135,225,662,329,333,0,1,5,p_1.30.24_LL3f_mi,16
247,186,140,227,654,331,323,0,1,5,p_1.30.24_LL3f_mi,16
248,180,140,220,673,351,322,0,1,5,p_1.30.24_LL3f_mi,16
249,178,129,228,656,348,308,0,1,5,p_1.30.24_LL3f_mi,16
250,159,133,205,718,359,359,0,1,5,p_1.30.24_LL3f_mi,16
251,157,123,202,722,362,360,0,1,5,p_1.30.24_LL3f_mi,16
252,177,140,220,674,336,338,0,1,5,p_1.30.24_LL3f_mi,16
253,180,133,228,655,323,332,0,1,5,p_1.30.24_LL3f_mi,16
254,181,141,227,651,324,327,0,1,5,p_1.30.24_LL3f_mi,16
255,172,133,226,662,340,322,0,1,5,p_1.30.24_LL3f_mi,16
256,179,141,226,662,344,318,0,1,5,p_1.30.24_LL3f_mi,16
257,178,136,225,666,332,334,0,1,5,p_1.30.24_LL3f_mi,16
258,177,134,226,655,314,341,0,1,5,p_1.30.24_LL3f_mi,16
259,176,133,225,660,307,353,0,1,5,p_1.30.24_LL3f_mi,16
260,175,145,230,648,311,337,0,1,5,p_1.30.24_LL3f_mi,16
261,173,131,220,675,322,353,0,1,5,p_1.30.24_LL3f_mi,16
262,171,135,219,677,313,364,0,1,5,p_1.30.24_LL3f_mi,16
263,167,135,223,667,305,362,0,1,5,p_1.30.24_LL3f_mi,16
264,175,139,223,665,306,359,0,1,5,p_1.30.24_LL3f_mi,16
265,167,133,219,688,322,366,0,1,5,p_1.30.24_LL3f_mi,16
266,178,134,223,667,310,357,0,1,5,p_1.30.24_LL3f_mi,16
267,171,133,225,661,315,346,0,1,5,p_1.30.24_LL3f_mi,16
268,180,135,227,654,323,331,0,1,5,p_1.30.24_LL3f_mi,16
269,178,132,225,660,311,349,0,1,5,p_1.30.24_LL3f_mi,16
270,172,132,224,669,308,361,0,1,5,p_1.30.24_LL3f_mi,16
271,178,143,230,648,298,350,0,1,5,p_1.30.24_LL3f_mi,16
272,173,133,225,666,308,358,0,1,5,p_1.30.24_LL3f_mi,16
273,172,134,223,664,310,354,0,1,5,p_1.30.24_LL3f_mi,16
274,174,139,218,679,330,349,0,1,5,p_1.30.24_LL3f_mi,16
275,177,146,223,667,324,343,0,1,5,p_1.30.24_LL3f_mi,16
276,160,124,205,719,352,367,0,1,5,p_1.30.24_LL3f_mi,16
277,176,133,225,661,308,353,0,1,5,p_1.30.24_LL3f_mi,16
278,185,146,230,647,310,337,0,1,5,p_1.30.24_LL3f_mi,16
279,176,139,224,662,343,319,0,1,5,p_1.30.24_LL3f_mi,16
280,173,139,224,666,347,319,0,1,5,p_1.30.24_LL3f_mi,16
281,174,133,223,663,348,315,0,1,5,p_1.30.24_LL3f_mi,16
282,176,135,224,666,345,321,0,1,5,p_1.30.24_LL3f_mi,16
283,173,137,225,660,349,311,0,1,5,p_1.30.24_LL3f_mi,16
284,174,130,226,660,331,329,0,1,5,p_1.30.24_LL3f_mi,16
285,173,130,222,671,314,357,0,1,5,p_1.30.24_LL3f_mi,16
286,176,136,224,671,338,333,0,1,5,p_1.30.24_LL3f_mi,16
287,171,131,223,668,321,347,0,1,5,p_1.30.24_LL3f_mi,16
288,181,128,230,643,320,323,0,1,5,p_1.30.24_LL3f_mi,16
289,173,135,224,661,326,335,0,1,5,p_1.30.24_LL3f_mi,16
290,170,136,223,669,320,349,0,1,5,p_1.30.24_LL3f_mi,16
291,174,128,225,662,314,348,0,1,5,p_1.30.24_LL3f_mi,16
292,173,140,220,670,323,347,0,1,5,p_1.30.24_LL3f_mi,16
293,176,140,220,676,349,327,0,1,5,p_1.30.24_LL3f_mi,16
294,178,136,227,656,324,332,0,1,5,p_1.30.24_LL3f_mi,16
295,174,132,220,677,330,347,0,1,5,p_1.30.24_LL3f_mi,16
296,168,130,222,662,334,328,0,1,5,p_1.30.24_LL3f_mi,16
297,176,136,226,659,323,336,0,1,5,p_1.30.24_LL3f_mi,16
298,170,137,226,652,311,341,0,1,5,p_1.30.24_LL3f_mi,16
299,172,135,226,657,342,315,0,1,5,p_1.30.24_LL3f_mi,16
300,176,135,224,666,343,323,0,1,5,p_1.30.24_LL3f_mi,16
301,159,131,204,719,353,366,0,1,5,p_1.30.24_LL3f_mi,16
302,169,133,218,679,336,343,0,1,5,p_1.30.24_LL3f_mi,16
303,173,141,223,663,322,341,0,1,5,p_1.30.24_LL3f_mi,16
304,176,141,229,645,320,325,0,1,5,p_1.30.24_LL3f_mi,16
305,167,133,220,673,345,328,0,1,5,p_1.30.24_LL3f_mi,16
306,178,134,232,636,331,305,0,1,5,p_1.30.24_LL3f_mi,16
307,181,145,230,643,332,311,0,1,5,p_1.30.24_LL3f_mi,16
308,175,138,228,652,333,319,0,1,5,p_1.30.24_LL3f_mi,16
309,181,140,223,663,339,324,0,1,5,p_1.30.24_LL3f_mi,16
310,177,132,224,676,346,330,0,1,5,p_1.30.24_LL3f_mi,16
311,178,131,225,663,345,318,0,1,5,p_1.30.24_LL3f_mi,16
312,176,130,226,655,337,318,0,1,5,p_1.30.24_LL3f_mi,16
313,169,137,222,676,339,337,0,1,5,p_1.30.24_LL3f_mi,16
314,173,133,222,671,325,346,0,1,5,p_1.30.24_LL3f_mi,16
315,173,135,222,668,335,333,0,1,5,p_1.30.24_LL3f_mi,16
316,174,141,222,670,329,341,0,1,5,p_1.30.24_LL3f_mi,16
317,174,141,227,662,312,350,0,1,5,p_1.30.24_LL3f_mi,16
318,174,139,234,631,302,329,0,1,5,p_1.30.24_LL3f_mi,16
319,179,138,224,667,318,349,0,1,5,p_1.30.24_LL3f_mi,16
320,174,138,222,669,331,338,0,1,5,p_1.30.24_LL3f_mi,16
321,166,125,228,656,319,337,0,1,5,p_1.30.24_LL3f_mi,16
322,166,129,217,680,329,351,0,1,5,p_1.30.24_LL3f_mi,16
323,173,139,231,645,317,328,0,1,5,p_1.30.24_LL3f_mi,16
324,178,131,231,642,321,321,0,1,5,p_1.30.24_LL3f_mi,16
325,170,127,227,654,313,341,0,1,5,p_1.30.24_LL3f_mi,16
326,159,126,214,696,347,349,0,1,5,p_1.30.24_LL3f_mi,16
327,182,145,236,631,319,312,0,1,5,p_1.30.24_LL3f_mi,16
328,178,145,230,650,329,321,0,1,5,p_1.30.24_LL3f_mi,16
329,183,135,233,637,314,323,0,1,5,p_1.30.24_LL3f_mi,16
330,172,131,222,666,322,344,0,1,5,p_1.30.24_LL3f_mi,16
331,182,144,226,665,328,337,0,1,5,p_1.30.24_LL3f_mi,16
332,176,145,223,664,326,338,0,1,5,p_1.30.24_LL3f_mi,16
333,170,138,219,677,345,332,0,1,5,p_1.30.24_LL3f_mi,16
334,175,135,224,671,341,330,0,1,5,p_1.30.24_LL3f_mi,16
335,173,132,223,665,326,339,0,1,5,p_1.30.24_LL3f_mi,16
336,173,136,218,678,339,339,0,1,5,p_1.30.24_LL3f_mi,16
337,180,144,230,646,315,331,0,1,5,p_1.30.24_LL3f_mi,16
338,175,140,230,645,312,333,0,1,5,p_1.30.24_LL3f_mi,16
339,177,140,230,644,299,345,0,1,5,p_1.30.24_LL3f_mi,16
340,176,133,223,664,323,341,0,1,5,p_1.30.24_LL3f_mi,16
341,180,137,229,647,320,327,0,1,5,p_1.30.24_LL3f_mi,16
342,173,142,221,678,335,343,0,1,5,p_1.30.24_LL3f_mi,16
343,179,139,226,660,327,333,0,1,5,p_1.30.24_LL3f_mi,16
344,178,130,226,658,329,329,0,1,5,p_1.30.24_LL3f_mi,16
345,174,139,217,684,345,339,0,1,5,p_1.30.24_LL3f_mi,16
346,162,127,214,691,363,328,0,1,5,p_1.30.24_LL3f_mi,16
347,175,138,219,676,361,315,0,1,5,p_1.30.24_LL3f_mi,16
348,178,125,222,672,366,306,0,1,5,p_1.30.24_LL3f_mi,16
349,170,135,224,672,358,314,0,1,5,p_1.30.24_LL3f_mi,16
350,170,126,227,655,348,307,0,1,5,p_1.30.24_LL3f_mi,16
1,4,4,6,631,316,315,0,1,1,p_1.30.24_LL3f_mi,17
2,116,103,138,834,418,416,0,1,1,p_1.30.24_LL3f_mi,17
3,138,122,175,779,389,390,0,1,1,p_1.30.24_LL3f_mi,17
4,160,127,200,731,377,354,0,1,1,p_1.30.24_LL3f_mi,17
5,175,140,221,669,340,329,0,1,1,p_1.30.24_LL3f_mi,17
6,182,138,229,642,337,305,0,1,1,p_1.30.24_LL3f_mi,17
7,180,138,230,647,345,302,0,1,1,p_1.30.24_LL3f_mi,17
8,179,135,228,652,343,309,0,1,1,p_1.30.24_LL3f_mi,17
9,159,126,213,692,354,338,0,1,1,p_1.30.24_LL3f_mi,17
10,173,129,222,672,336,336,0,1,1,p_1.30.24_LL3f_mi,17
11,174,138,230,647,323,324,0,1,1,p_1.30.24_LL3f_mi,17
12,178,141,214,688,358,330,0,1,1,p_1.30.24_LL3f_mi,17
13,169,135,220,676,337,339,0,1,1,p_1.30.24_LL3f_mi,17
14,175,135,221,672,340,332,0,1,1,p_1.30.24_LL3f_mi,17
15,162,125,217,679,359,320,0,1,1,p_1.30.24_LL3f_mi,17
16,174,139,224,664,342,322,0,1,1,p_1.30.24_LL3f_mi,17
17,178,137,226,660,330,330,0,1,1,p_1.30.24_LL3f_mi,17
18,185,146,231,640,320,320,0,1,1,p_1.30.24_LL3f_mi,17
19,167,131,218,679,340,339,0,1,1,p_1.30.24_LL3f_mi,17
20,189,134,231,639,334,305,0,1,1,p_1.30.24_LL3f_mi,17
21,172,138,224,662,347,315,0,1,1,p_1.30.24_LL3f_mi,17
22,176,135,220,673,359,314,0,1,1,p_1.30.24_LL3f_mi,17
23,174,138,223,664,350,314,0,1,1,p_1.30.24_LL3f_mi,17
24,170,126,221,677,360,317,0,1,1,p_1.30.24_LL3f_mi,17
25,166,131,219,676,362,314,0,1,1,p_1.30.24_LL3f_mi,17
26,163,127,205,714,380,334,0,1,1,p_1.30.24_LL3f_mi,17
27,166,136,220,679,354,325,0,1,1,p_1.30.24_LL3f_mi,17
28,165,131,216,683,353,330,0,1,1,p_1.30.24_LL3f_mi,17
29,173,139,216,682,351,331,0,1,1,p_1.30.24_LL3f_mi,17
30,164,124,216,687,360,327,0,1,1,p_1.30.24_LL3f_mi,17
31,177,132,222,665,350,315,0,1,1,p_1.30.24_LL3f_mi,17
32,170,128,219,674,335,339,0,1,1,p_1.30.24_LL3f_mi,17
33,163,133,216,688,349,339,0,1,1,p_1.30.24_LL3f_mi,17
34,174,135,225,659,325,334,0,1,1,p_1.30.24_LL3f_mi,17
35,173,132,219,678,345,333,0,1,1,p_1.30.24_LL3f_mi,17
36,166,134,219,667,341,326,0,1,1,p_1.30.24_LL3f_mi,17
37,175,142,228,651,332,319,0,1,1,p_1.30.24_LL3f_mi,17
38,167,126,223,667,321,346,0,1,1,p_1.30.24_LL3f_mi,17
39,171,144,217,680,324,356,0,1,1,p_1.30.24_LL3f_mi,17
40,176,147,226,655,320,335,0,1,1,p_1.30.24_LL3f_mi,17
41,178,139,230,652,328,324,0,1,1,p_1.30.24_LL3f_mi,17
42,172,137,221,671,324,347,0,1,1,p_1.30.24_LL3f_mi,17
43,171,135,223,668,322,346,0,1,1,p_1.30.24_LL3f_mi,17
44,177,138,226,656,319,337,0,1,1,p_1.30.24_LL3f_mi,17
45,175,146,226,658,325,333,0,1,1,p_1.30.24_LL3f_mi,17
46,168,132,225,662,312,350,0,1,1,p_1.30.24_LL3f_mi,17
47,176,132,222,670,329,341,0,1,1,p_1.30.24_LL3f_mi,17
48,172,133,222,677,322,355,0,1,1,p_1.30.24_LL3f_mi,17
49,171,134,223,666,321,345,0,1,1,p_1.30.24_LL3f_mi,17
50,168,133,219,673,323,350,0,1,1,p_1.30.24_LL3f_mi,17
51,151,122,201,721,352,369,0,1,1,p_1.30.24_LL3f_mi,17
52,174,133,218,677,343,334,0,1,1,p_1.30.24_LL3f_mi,17
53,177,143,231,641,319,322,0,1,1,p_1.30.24_LL3f_mi,17
54,177,136,220,674,344,330,0,1,1,p_1.30.24_LL3f_mi,17
55,174,135,218,680,346,334,0,1,1,p_1.30.24_LL3f_mi,17
56,176,134,224,661,334,327,0,1,1,p_1.30.24_LL3f_mi,17
57,181,141,231,648,338,310,0,1,1,p_1.30.24_LL3f_mi,17
58,177,132,228,651,347,304,0,1,1,p_1.30.24_LL3f_mi,17
59,170,136,221,685,369,316,0,1,1,p_1.30.24_LL3f_mi,17
60,191,140,235,630,335,295,0,1,1,p_1.30.24_LL3f_mi,17
61,178,137,229,657,341,316,0,1,1,p_1.30.24_LL3f_mi,17
62,165,135,211,701,350,351,0,1,1,p_1.30.24_LL3f_mi,17
63,162,130,209,705,350,355,0,1,1,p_1.30.24_LL3f_mi,17
64,181,135,228,657,332,325,0,1,1,p_1.30.24_LL3f_mi,17
65,177,133,228,661,335,326,0,1,1,p_1.30.24_LL3f_mi,17
66,175,138,220,670,337,333,0,1,1,p_1.30.24_LL3f_mi,17
67,183,139,234,636,332,304,0,1,1,p_1.30.24_LL3f_mi,17
68,175,132,222,664,365,299,0,1,1,p_1.30.24_LL3f_mi,17
69,174,130,222,667,352,315,0,1,1,p_1.30.24_LL3f_mi,17
70,172,137,215,690,353,337,0,1,1,p_1.30.24_LL3f_mi,17
71,178,139,229,648,344,304,0,1,1,p_1.30.24_LL3f_mi,17
72,173,139,222,674,347,327,0,1,1,p_1.30.24_LL3f_mi,17
73,162,132,213,694,343,351,0,1,1,p_1.30.24_LL3f_mi,17
74,174,131,224,662,322,340,0,1,1,p_1.30.24_LL3f_mi,17
75,176,133,228,658,329,329,0,1,1,p_1.30.24_LL3f_mi,17
76,167,135,208,710,351,359,0,1,1,p_1.30.24_LL3f_mi,17
77,173,135,225,662,330,332,0,1,1,p_1.30.24_LL3f_mi,17
78,180,145,222,670,322,348,0,1,1,p_1.30.24_LL3f_mi,17
79,177,145,226,661,310,351,0,1,1,p_1.30.24_LL3f_mi,17
80,172,133,220,677,335,342,0,1,1,p_1.30.24_LL3f_mi,17
81,173,132,227,652,328,324,0,1,1,p_1.30.24_LL3f_mi,17
82,169,128,224,659,330,329,0,1,1,p_1.30.24_LL3f_mi,17
83,172,128,222,670,333,337,0,1,1,p_1.30.24_LL3f_mi,17
84,171,142,219,678,337,341,0,1,1,p_1.30.24_LL3f_mi,17
85,178,137,231,637,308,329,0,1,1,p_1.30.24_LL3f_mi,17
86,174,142,227,657,310,347,0,1,1,p_1.30.24_LL3f_mi,17
87,174,133,224,665,311,354,0,1,1,p_1.30.24_LL3f_mi,17
88,156,134,209,709,355,354,0,1,1,p_1.30.24_LL3f_mi,17
89,173,136,221,675,358,317,0,1,1,p_1.30.24_LL3f_mi,17
90,185,132,235,637,327,310,0,1,1,p_1.30.24_LL3f_mi,17
91,175,134,225,654,329,325,0,1,1,p_1.30.24_LL3f_mi,17
92,169,130,221,672,349,323,0,1,1,p_1.30.24_LL3f_mi,17
93,162,122,216,682,355,327,0,1,1,p_1.30.24_LL3f_mi,17
94,178,134,225,665,330,335,0,1,1,p_1.30.24_LL3f_mi,17
95,178,131,231,648,329,319,0,1,1,p_1.30.24_LL3f_mi,17
96,172,136,218,674,343,331,0,1,1,p_1.30.24_LL3f_mi,17
97,171,132,216,685,355,330,0,1,1,p_1.30.24_LL3f_mi,17
98,174,133,219,676,334,342,0,1,1,p_1.30.24_LL3f_mi,17
99,174,135,227,657,328,329,0,1,1,p_1.30.24_LL3f_mi,17
100,158,131,199,643,311,332,0,1,1,p_1.30.24_LL3f_mi,17
101,110,89,148,673,335,338,0,1,1,p_1.30.24_LL3f_mi,17
102,116,97,154,583,280,303,0,1,1,p_1.30.24_LL3f_mi,17
103,104,85,138,535,262,273,0,1,1,p_1.30.24_LL3f_mi,17
104,97,78,126,479,238,241,0,1,1,p_1.30.24_LL3f_mi,17
105,84,69,105,441,222,219,0,1,1,p_1.30.24_LL3f_mi,17
106,70,60,90,396,189,207,0,1,1,p_1.30.24_LL3f_mi,17
107,63,54,83,330,163,167,0,1,1,p_1.30.24_LL3f_mi,17
108,43,37,53,310,153,157,0,1,1,p_1.30.24_LL3f_mi,17
109,32,27,42,248,121,127,0,1,1,p_1.30.24_LL3f_mi,17
110,22,19,29,210,104,106,0,1,1,p_1.30.24_LL3f_mi,17
111,30,26,38,155,79,76,0,1,1,p_1.30.24_LL3f_mi,17
112,30,24,36,131,70,61,0,1,1,p_1.30.24_LL3f_mi,17
113,30,25,38,117,62,55,0,1,1,p_1.30.24_LL3f_mi,17
114,30,24,37,122,64,58,0,1,1,p_1.30.24_LL3f_mi,17
115,29,20,36,130,73,57,0,1,1,p_1.30.24_LL3f_mi,17
116,27,18,35,120,66,54,0,1,1,p_1.30.24_LL3f_mi,17
117,29,18,36,114,65,49,0,1,1,p_1.30.24_LL3f_mi,17
118,28,20,35,109,64,45,0,1,1,p_1.30.24_LL3f_mi,17
119,24,17,34,109,62,47,0,1,1,p_1.30.24_LL3f_mi,17
120,26,22,33,111,64,47,0,1,1,p_1.30.24_LL3f_mi,17
121,25,20,32,107,60,47,0,1,1,p_1.30.24_LL3f_mi,17
122,25,21,35,106,54,52,0,1,1,p_1.30.24_LL3f_mi,17
123,27,19,36,114,60,54,0,1,1,p_1.30.24_LL3f_mi,17
124,27,21,34,108,56,52,0,1,1,p_1.30.24_LL3f_mi,17
125,25,13,37,127,65,62,18,1,1,p_1.30.24_LL3f_mi,17
126,27,22,37,129,73,56,10,1,1,p_1.30.24_LL3f_mi,17
127,28,22,36,115,58,57,5,1,1,p_1.30.24_LL3f_mi,17
128,29,23,36,126,65,61,2,1,1,p_1.30.24_LL3f_mi,17
129,29,26,33,113,55,58,1,1,1,p_1.30.24_LL3f_mi,17
130,32,24,36,109,47,62,0,1,1,p_1.30.24_LL3f_mi,17
131,29,19,35,112,51,61,0,1,1,p_1.30.24_LL3f_mi,17
132,27,22,35,110,51,59,0,1,1,p_1.30.24_LL3f_mi,17
133,28,21,34,105,47,58,0,1,1,p_1.30.24_LL3f_mi,17
134,28,18,35,102,38,64,0,1,1,p_1.30.24_LL3f_mi,17
135,25,23,32,98,38,60,0,1,1,p_1.30.24_LL3f_mi,17
136,28,23,34,99,34,65,0,1,1,p_1.30.24_LL3f_mi,17
137,24,19,31,94,31,63,0,1,1,p_1.30.24_LL3f_mi,17
138,25,22,32,95,35,60,0,1,1,p_1.30.24_LL3f_mi,17
139,24,16,31,89,33,56,0,1,1,p_1.30.24_LL3f_mi,17
140,25,21,37,111,47,64,19,1,1,p_1.30.24_LL3f_mi,17
141,25,22,33,102,44,58,4,1,1,p_1.30.24_LL3f_mi,17
142,24,18,33,107,49,58,1,1,1,p_1.30.24_LL3f_mi,17
143,26,21,33,104,43,61,0,1,1,p_1.30.24_LL3f_mi,17
144,26,20,34,101,47,54,0,1,1,p_1.30.24_LL3f_mi,17
145,26,22,32,96,46,50,0,1,1,p_1.30.24_LL3f_mi,17
146,28,21,34,101,50,51,0,1,1,p_1.30.24_LL3f_mi,17
147,25,20,35,104,49,55,0,1,1,p_1.30.24_LL3f_mi,17
148,27,22,32,94,47,47,0,1,1,p_1.30.24_LL3f_mi,17
149,25,20,34,98,50,48,0,1,1,p_1.30.24_LL3f_mi,17
150,24,21,34,110,60,50,0,1,1,p_1.30.24_LL3f_mi,17
151,51,30,77,107,56,51,0,1,1,p_1.30.24_LL3f_mi,17
152,68,41,98,149,73,76,0,1,1,p_1.30.24_LL3f_mi,17
153,82,60,121,201,94,107,0,1,1,p_1.30.24_LL3f_mi,17
154,115,82,145,280,135,145,0,1,1,p_1.30.24_LL3f_mi,17
155,121,87,161,360,192,168,19,1,1,p_1.30.24_LL3f_mi,17
156,138,92,178,408,211,197,9,1,1,p_1.30.24_LL3f_mi,17
157,143,98,189,475,247,228,4,1,1,p_1.30.24_LL3f_mi,17
158,162,118,211,487,253,234,1,1,1,p_1.30.24_LL3f_mi,17
159,173,129,229,528,278,250,0,1,1,p_1.30.24_LL3f_mi,17
160,189,129,244,579,307,272,0,1,1,p_1.30.24_LL3f_mi,17
161,186,133,239,617,319,298,0,1,1,p_1.30.24_LL3f_mi,17
162,176,138,227,657,338,319,0,1,1,p_1.30.24_LL3f_mi,17
163,182,142,228,650,334,316,0,1,1,p_1.30.24_LL3f_mi,17
164,171,140,223,664,338,326,0,1,1,p_1.30.24_LL3f_mi,17
165,170,132,219,674,332,342,0,1,1,p_1.30.24_LL3f_mi,17
166,174,133,218,684,348,336,0,1,1,p_1.30.24_LL3f_mi,17
167,167,131,215,687,340,347,0,1,1,p_1.30.24_LL3f_mi,17
168,175,127,227,647,334,313,0,1,1,p_1.30.24_LL3f_mi,17
169,172,136,226,655,315,340,0,1,1,p_1.30.24_LL3f_mi,17
170,173,139,224,665,294,371,17,1,1,p_1.30.24_LL3f_mi,17
171,171,140,223,668,294,374,13,1,1,p_1.30.24_LL3f_mi,17
172,173,138,223,661,305,356,4,1,1,p_1.30.24_LL3f_mi,17
173,163,125,214,689,331,358,2,1,1,p_1.30.24_LL3f_mi,17
174,170,135,213,693,349,344,0,1,1,p_1.30.24_LL3f_mi,17
175,174,125,224,663,330,333,0,1,1,p_1.30.24_LL3f_mi,17
176,159,122,205,712,361,351,0,1,1,p_1.30.24_LL3f_mi,17
177,176,139,226,649,345,304,0,1,1,p_1.30.24_LL3f_mi,17
178,174,136,227,660,335,325,0,1,1,p_1.30.24_LL3f_mi,17
179,178,133,227,660,343,317,0,1,1,p_1.30.24_LL3f_mi,17
180,182,145,226,661,333,328,0,1,1,p_1.30.24_LL3f_mi,17
181,174,136,219,679,341,338,0,1,1,p_1.30.24_LL3f_mi,17
182,180,134,228,652,334,318,0,1,1,p_1.30.24_LL3f_mi,17
183,178,138,229,648,339,309,0,1,1,p_1.30.24_LL3f_mi,17
184,183,130,221,675,345,330,0,1,1,p_1.30.24_LL3f_mi,17
185,172,130,222,667,341,326,0,1,1,p_1.30.24_LL3f_mi,17
186,171,131,220,671,333,338,0,1,1,p_1.30.24_LL3f_mi,17
187,180,136,227,654,333,321,0,1,1,p_1.30.24_LL3f_mi,17
188,179,142,225,663,333,330,0,1,1,p_1.30.24_LL3f_mi,17
189,173,138,230,646,325,321,0,1,1,p_1.30.24_LL3f_mi,17
190,178,135,231,638,313,325,0,1,1,p_1.30.24_LL3f_mi,17
191,171,140,223,667,326,341,0,1,1,p_1.30.24_LL3f_mi,17
192,164,125,213,693,341,352,0,1,1,p_1.30.24_LL3f_mi,17
193,178,135,221,670,339,331,0,1,1,p_1.30.24_LL3f_mi,17
194,176,136,230,643,322,321,0,1,1,p_1.30.24_LL3f_mi,17
195,178,130,230,646,327,319,0,1,1,p_1.30.24_LL3f_mi,17
196,179,148,223,666,330,336,0,1,1,p_1.30.24_LL3f_mi,17
197,166,136,207,707,357,350,0,1,1,p_1.30.24_LL3f_mi,17
198,175,126,226,656,334,322,0,1,1,p_1.30.24_LL3f_mi,17
199,178,136,227,652,317,335,0,1,1,p_1.30.24_LL3f_mi,17
200,173,135,223,666,340,326,0,1,1,p_1.30.24_LL3f_mi,17
201,155,122,201,723,385,338,0,1,1,p_1.30.24_LL3f_mi,17
202,182,133,232,639,329,310,0,1,1,p_1.30.24_LL3f_mi,17
203,183,141,230,642,335,307,0,1,1,p_1.30.24_LL3f_mi,17
204,177,135,229,650,340,310,0,1,1,p_1.30.24_LL3f_mi,17
205,188,136,230,642,340,302,0,1,1,p_1.30.24_LL3f_mi,17
206,181,133,228,654,334,320,0,1,1,p_1.30.24_LL3f_mi,17
207,169,135,216,687,348,339,0,1,1,p_1.30.24_LL3f_mi,17
208,179,146,223,658,338,320,0,1,1,p_1.30.24_LL3f_mi,17
209,178,132,225,670,333,337,0,1,1,p_1.30.24_LL3f_mi,17
210,175,138,227,655,317,338,0,1,1,p_1.30.24_LL3f_mi,17
211,169,134,225,660,336,324,0,1,1,p_1.30.24_LL3f_mi,17
212,168,128,221,668,320,348,0,1,1,p_1.30.24_LL3f_mi,17
213,169,135,214,698,352,346,0,1,1,p_1.30.24_LL3f_mi,17
214,170,128,225,658,315,343,0,1,1,p_1.30.24_LL3f_mi,17
215,172,136,222,670,321,349,0,1,1,p_1.30.24_LL3f_mi,17
216,171,129,220,674,334,340,0,1,1,p_1.30.24_LL3f_mi,17
217,171,130,223,678,340,338,0,1,1,p_1.30.24_LL3f_mi,17
218,160,140,209,703,349,354,0,1,1,p_1.30.24_LL3f_mi,17
219,178,129,230,649,328,321,0,1,1,p_1.30.24_LL3f_mi,17
220,172,137,230,652,315,337,0,1,1,p_1.30.24_LL3f_mi,17
221,172,132,220,680,334,346,0,1,1,p_1.30.24_LL3f_mi,17
222,179,140,224,669,338,331,0,1,1,p_1.30.24_LL3f_mi,17
223,165,136,222,664,341,323,0,1,1,p_1.30.24_LL3f_mi,17
224,172,139,224,664,327,337,0,1,1,p_1.30.24_LL3f_mi,17
225,173,138,220,677,323,354,0,1,1,p_1.30.24_LL3f_mi,17
226,163,129,212,698,353,345,0,1,1,p_1.30.24_LL3f_mi,17
227,161,122,217,682,336,346,0,1,1,p_1.30.24_LL3f_mi,17
228,182,136,233,641,321,320,0,1,1,p_1.30.24_LL3f_mi,17
229,172,130,227,650,319,331,0,1,1,p_1.30.24_LL3f_mi,17
230,166,130,225,660,327,333,0,1,1,p_1.30.24_LL3f_mi,17
231,189,145,237,616,315,301,0,1,1,p_1.30.24_LL3f_mi,17
232,173,138,224,667,326,341,0,1,1,p_1.30.24_LL3f_mi,17
233,168,139,219,672,339,333,0,1,1,p_1.30.24_LL3f_mi,17
234,177,141,226,658,322,336,0,1,1,p_1.30.24_LL3f_mi,17
235,174,139,216,679,329,350,0,1,1,p_1.30.24_LL3f_mi,17
236,170,133,223,667,317,350,0,1,1,p_1.30.24_LL3f_mi,17
237,172,136,218,677,307,370,0,1,1,p_1.30.24_LL3f_mi,17
238,175,141,229,656,292,364,0,1,1,p_1.30.24_LL3f_mi,17
239,178,134,222,668,321,347,0,1,1,p_1.30.24_LL3f_mi,17
240,177,130,226,657,334,323,0,1,1,p_1.30.24_LL3f_mi,17
241,167,133,220,678,342,336,0,1,1,p_1.30.24_LL3f_mi,17
242,166,139,225,664,335,329,0,1,1,p_1.30.24_LL3f_mi,17
243,170,129,219,682,349,333,0,1,1,p_1.30.24_LL3f_mi,17
244,170,136,219,678,338,340,0,1,1,p_1.30.24_LL3f_mi,17
245,175,134,224,662,322,340,0,1,1,p_1.30.24_LL3f_mi,17
246,180,151,229,652,311,341,0,1,1,p_1.30.24_LL3f_mi,17
247,173,132,227,654,315,339,0,1,1,p_1.30.24_LL3f_mi,17
248,176,135,224,662,320,342,0,1,1,p_1.30.24_LL3f_mi,17
249,171,131,221,670,328,342,0,1,1,p_1.30.24_LL3f_mi,17
250,175,140,228,653,319,334,0,1,1,p_1.30.24_LL3f_mi,17
251,172,137,213,695,328,367,0,1,1,p_1.30.24_LL3f_mi,17
252,171,136,222,670,323,347,0,1,1,p_1.30.24_LL3f_mi,17
253,178,147,225,665,313,352,0,1,1,p_1.30.24_LL3f_mi,17
254,177,137,227,664,320,344,0,1,1,p_1.30.24_LL3f_mi,17
255,179,136,221,674,332,342,0,1,1,p_1.30.24_LL3f_mi,17
256,175,133,220,671,340,331,0,1,1,p_1.30.24_LL3f_mi,17
257,175,135,228,656,333,323,0,1,1,p_1.30.24_LL3f_mi,17
258,182,140,227,655,333,322,0,1,1,p_1.30.24_LL3f_mi,17
259,179,133,234,634,320,314,0,1,1,p_1.30.24_LL3f_mi,17
260,171,132,221,674,356,318,0,1,1,p_1.30.24_LL3f_mi,17
261,163,130,216,693,366,327,0,1,1,p_1.30.24_LL3f_mi,17
262,182,130,228,656,346,310,0,1,1,p_1.30.24_LL3f_mi,17
263,179,134,230,643,318,325,0,1,1,p_1.30.24_LL3f_mi,17
264,175,127,228,649,325,324,0,1,1,p_1.30.24_LL3f_mi,17
265,172,142,219,672,346,326,0,1,1,p_1.30.24_LL3f_mi,17
266,173,132,229,656,336,320,0,1,1,p_1.30.24_LL3f_mi,17
267,175,139,220,670,337,333,0,1,1,p_1.30.24_LL3f_mi,17
268,174,144,223,660,322,338,0,1,1,p_1.30.24_LL3f_mi,17
269,187,145,232,635,318,317,0,1,1,p_1.30.24_LL3f_mi,17
270,180,142,228,656,345,311,0,1,1,p_1.30.24_LL3f_mi,17
271,177,132,222,671,344,327,0,1,1,p_1.30.24_LL3f_mi,17
272,167,133,226,658,330,328,0,1,1,p_1.30.24_LL3f_mi,17
273,171,134,215,693,348,345,0,1,1,p_1.30.24_LL3f_mi,17
274,174,138,221,677,339,338,0,1,1,p_1.30.24_LL3f_mi,17
275,172,139,221,669,340,329,0,1,1,p_1.30.24_LL3f_mi,17
276,154,125,200,728,367,361,0,1,1,p_1.30.24_LL3f_mi,17
277,171,136,222,666,327,339,0,1,1,p_1.30.24_LL3f_mi,17
278,176,144,223,663,329,334,0,1,1,p_1.30.24_LL3f_mi,17
279,183,137,232,642,328,314,0,1,1,p_1.30.24_LL3f_mi,17
280,173,131,224,663,345,318,0,1,1,p_1.30.24_LL3f_mi,17
281,175,129,224,671,360,311,0,1,1,p_1.30.24_LL3f_mi,17
282,167,138,216,681,351,330,0,1,1,p_1.30.24_LL3f_mi,17
283,171,136,218,681,340,341,0,1,1,p_1.30.24_LL3f_mi,17
284,166,133,216,685,344,341,0,1,1,p_1.30.24_LL3f_mi,17
285,167,129,224,665,341,324,0,1,1,p_1.30.24_LL3f_mi,17
286,168,133,220,680,333,347,0,1,1,p_1.30.24_LL3f_mi,17
287,177,134,221,668,316,352,0,1,1,p_1.30.24_LL3f_mi,17
288,179,139,230,646,314,332,0,1,1,p_1.30.24_LL3f_mi,17
289,172,142,221,669,333,336,0,1,1,p_1.30.24_LL3f_mi,17
290,174,145,225,662,329,333,0,1,1,p_1.30.24_LL3f_mi,17
291,170,132,212,689,343,346,0,1,1,p_1.30.24_LL3f_mi,17
292,170,138,223,671,322,349,0,1,1,p_1.30.24_LL3f_mi,17
293,178,140,227,655,312,343,0,1,1,p_1.30.24_LL3f_mi,17
294,176,131,225,659,346,313,0,1,1,p_1.30.24_LL3f_mi,17
295,173,132,228,662,338,324,0,1,1,p_1.30.24_LL3f_mi,17
296,175,134,222,670,336,334,0,1,1,p_1.30.24_LL3f_mi,17
297,172,136,221,672,331,341,0,1,1,p_1.30.24_LL3f_mi,17
298,175,149,219,673,309,364,0,1,1,p_1.30.24_LL3f_mi,17
299,174,148,227,657,316,341,0,1,1,p_1.30.24_LL3f_mi,17
300,172,136,221,671,319,352,0,1,1,p_1.30.24_LL3f_mi,17
301,162,127,207,708,345,363,0,1,1,p_1.30.24_LL3f_mi,17
302,169,135,216,681,331,350,0,1,1,p_1.30.24_LL3f_mi,17
303,180,125,227,657,314,343,0,1,1,p_1.30.24_LL3f_mi,17
304,183,144,230,642,301,341,0,1,1,p_1.30.24_LL3f_mi,17
305,168,130,217,683,330,353,0,1,1,p_1.30.24_LL3f_mi,17
306,177,145,222,666,322,344,0,1,1,p_1.30.24_LL3f_mi,17
307,180,133,233,644,323,321,0,1,1,p_1.30.24_LL3f_mi,17
308,187,135,235,632,331,301,0,1,1,p_1.30.24_LL3f_mi,17
309,169,129,218,677,351,326,0,1,1,p_1.30.24_LL3f_mi,17
310,180,131,226,660,341,319,0,1,1,p_1.30.24_LL3f_mi,17
311,175,138,226,654,326,328,0,1,1,p_1.30.24_LL3f_mi,17
312,180,140,227,656,327,329,0,1,1,p_1.30.24_LL3f_mi,17
313,175,139,226,665,336,329,0,1,1,p_1.30.24_LL3f_mi,17
314,173,136,222,671,340,331,0,1,1,p_1.30.24_LL3f_mi,17
315,180,143,227,655,336,319,0,1,1,p_1.30.24_LL3f_mi,17
316,179,141,224,661,333,328,0,1,1,p_1.30.24_LL3f_mi,17
317,184,137,225,665,318,347,0,1,1,p_1.30.24_LL3f_mi,17
318,178,132,232,644,318,326,0,1,1,p_1.30.24_LL3f_mi,17
319,180,133,231,640,318,322,0,1,1,p_1.30.24_LL3f_mi,17
320,174,135,224,664,342,322,0,1,1,p_1.30.24_LL3f_mi,17
321,180,138,228,660,340,320,0,1,1,p_1.30.24_LL3f_mi,17
322,167,134,219,681,357,324,0,1,1,p_1.30.24_LL3f_mi,17
323,183,133,230,646,341,305,0,1,1,p_1.30.24_LL3f_mi,17
324,172,137,224,661,345,316,0,1,1,p_1.30.24_LL3f_mi,17
325,173,134,222,667,359,308,0,1,1,p_1.30.24_LL3f_mi,17
326,159,126,214,698,371,327,0,1,1,p_1.30.24_LL3f_mi,17
327,176,135,222,666,354,312,0,1,1,p_1.30.24_LL3f_mi,17
328,178,142,230,649,325,324,0,1,1,p_1.30.24_LL3f_mi,17
329,172,134,223,664,327,337,0,1,1,p_1.30.24_LL3f_mi,17
330,168,130,220,679,346,333,0,1,1,p_1.30.24_LL3f_mi,17
331,179,138,226,669,325,344,0,1,1,p_1.30.24_LL3f_mi,17
332,176,136,222,670,345,325,0,1,1,p_1.30.24_LL3f_mi,17
333,170,137,223,669,337,332,0,1,1,p_1.30.24_LL3f_mi,17
334,178,137,225,668,337,331,0,1,1,p_1.30.24_LL3f_mi,17
335,172,134,225,661,332,329,0,1,1,p_1.30.24_LL3f_mi,17
336,182,129,231,643,318,325,0,1,1,p_1.30.24_LL3f_mi,17
337,167,136,219,678,327,351,0,1,1,p_1.30.24_LL3f_mi,17
338,176,132,221,672,343,329,0,1,1,p_1.30.24_LL3f_mi,17
339,173,137,222,669,358,311,0,1,1,p_1.30.24_LL3f_mi,17
340,169,126,216,683,353,330,0,1,1,p_1.30.24_LL3f_mi,17
341,178,136,228,654,331,323,0,1,1,p_1.30.24_LL3f_mi,17
342,176,144,228,650,306,344,0,1,1,p_1.30.24_LL3f_mi,17
343,186,143,234,636,307,329,0,1,1,p_1.30.24_LL3f_mi,17
344,181,138,229,645,313,332,0,1,1,p_1.30.24_LL3f_mi,17
345,171,139,224,656,325,331,0,1,1,p_1.30.24_LL3f_mi,17
346,182,143,232,648,327,321,0,1,1,p_1.30.24_LL3f_mi,17
347,171,136,218,680,336,344,0,1,1,p_1.30.24_LL3f_mi,17
348,169,127,221,673,331,342,0,1,1,p_1.30.24_LL3f_mi,17
349,168,140,219,679,323,356,0,1,1,p_1.30.24_LL3f_mi,17
350,164,137,215,685,330,355,0,1,1,p_1.30.24_LL3f_mi,17
1,6,6,7,592,285,307,0,1,2,p_1.30.24_LL3f_mi,17
2,93,84,124,854,426,428,0,1,2,p_1.30.24_LL3f_mi,17
3,140,111,178,773,389,384,0,1,2,p_1.30.24_LL3f_mi,17
4,168,128,208,708,348,360,0,1,2,p_1.30.24_LL3f_mi,17
5,177,143,224,663,336,327,0,1,2,p_1.30.24_LL3f_mi,17
6,177,135,229,643,320,323,0,1,2,p_1.30.24_LL3f_mi,17
7,171,135,226,658,328,330,0,1,2,p_1.30.24_LL3f_mi,17
8,180,145,225,662,332,330,0,1,2,p_1.30.24_LL3f_mi,17
9,167,133,218,679,343,336,0,1,2,p_1.30.24_LL3f_mi,17
10,161,132,215,692,356,336,0,1,2,p_1.30.24_LL3f_mi,17
11,173,140,222,665,336,329,0,1,2,p_1.30.24_LL3f_mi,17
12,174,131,222,676,344,332,0,1,2,p_1.30.24_LL3f_mi,17
13,172,138,225,661,321,340,0,1,2,p_1.30.24_LL3f_mi,17
14,176,141,223,670,324,346,0,1,2,p_1.30.24_LL3f_mi,17
15,176,138,226,651,313,338,0,1,2,p_1.30.24_LL3f_mi,17
16,172,137,221,676,318,358,0,1,2,p_1.30.24_LL3f_mi,17
17,178,143,224,662,317,345,0,1,2,p_1.30.24_LL3f_mi,17
18,175,146,225,664,318,346,0,1,2,p_1.30.24_LL3f_mi,17
19,170,135,217,684,325,359,0,1,2,p_1.30.24_LL3f_mi,17
20,173,135,227,652,310,342,0,1,2,p_1.30.24_LL3f_mi,17
21,183,146,230,646,301,345,0,1,2,p_1.30.24_LL3f_mi,17
22,179,149,233,641,310,331,0,1,2,p_1.30.24_LL3f_mi,17
23,161,132,215,683,338,345,0,1,2,p_1.30.24_LL3f_mi,17
24,167,130,221,677,337,340,0,1,2,p_1.30.24_LL3f_mi,17
25,167,134,214,690,333,357,0,1,2,p_1.30.24_LL3f_mi,17
26,159,133,205,716,361,355,0,1,2,p_1.30.24_LL3f_mi,17
27,174,130,231,640,327,313,0,1,2,p_1.30.24_LL3f_mi,17
28,165,135,217,683,341,342,0,1,2,p_1.30.24_LL3f_mi,17
29,179,137,226,653,328,325,0,1,2,p_1.30.24_LL3f_mi,17
30,178,138,231,643,315,328,0,1,2,p_1.30.24_LL3f_mi,17
31,175,136,229,651,317,334,0,1,2,p_1.30.24_LL3f_mi,17
32,183,138,221,673,321,352,0,1,2,p_1.30.24_LL3f_mi,17
33,159,127,216,686,340,346,0,1,2,p_1.30.24_LL3f_mi,17
34,178,146,226,664,307,357,0,1,2,p_1.30.24_LL3f_mi,17
35,170,127,226,658,299,359,0,1,2,p_1.30.24_LL3f_mi,17
36,176,140,225,662,302,360,0,1,2,p_1.30.24_LL3f_mi,17
37,175,140,226,664,320,344,0,1,2,p_1.30.24_LL3f_mi,17
38,167,130,222,669,339,330,0,1,2,p_1.30.24_LL3f_mi,17
39,169,134,222,670,328,342,0,1,2,p_1.30.24_LL3f_mi,17
40,170,133,222,672,340,332,0,1,2,p_1.30.24_LL3f_mi,17
41,176,135,223,669,349,320,0,1,2,p_1.30.24_LL3f_mi,17
42,179,136,232,630,322,308,0,1,2,p_1.30.24_LL3f_mi,17
43,176,135,229,646,332,314,0,1,2,p_1.30.24_LL3f_mi,17
44,173,142,229,648,321,327,0,1,2,p_1.30.24_LL3f_mi,17
45,169,132,217,685,340,345,0,1,2,p_1.30.24_LL3f_mi,17
46,171,135,213,690,341,349,0,1,2,p_1.30.24_LL3f_mi,17
47,170,131,220,676,320,356,0,1,2,p_1.30.24_LL3f_mi,17
48,185,144,234,626,299,327,0,1,2,p_1.30.24_LL3f_mi,17
49,178,140,229,653,331,322,0,1,2,p_1.30.24_LL3f_mi,17
50,177,133,223,666,331,335,0,1,2,p_1.30.24_LL3f_mi,17
51,163,131,207,716,360,356,0,1,2,p_1.30.24_LL3f_mi,17
52,186,142,225,663,326,337,0,1,2,p_1.30.24_LL3f_mi,17
53,176,137,223,673,329,344,0,1,2,p_1.30.24_LL3f_mi,17
54,173,130,228,655,329,326,0,1,2,p_1.30.24_LL3f_mi,17
55,169,128,219,672,344,328,0,1,2,p_1.30.24_LL3f_mi,17
56,172,129,224,661,319,342,0,1,2,p_1.30.24_LL3f_mi,17
57,176,139,227,654,309,345,0,1,2,p_1.30.24_LL3f_mi,17
58,168,132,215,689,323,366,0,1,2,p_1.30.24_LL3f_mi,17
59,173,135,219,678,308,370,0,1,2,p_1.30.24_LL3f_mi,17
60,170,129,225,665,315,350,0,1,2,p_1.30.24_LL3f_mi,17
61,183,139,224,668,331,337,0,1,2,p_1.30.24_LL3f_mi,17
62,178,133,224,661,318,343,0,1,2,p_1.30.24_LL3f_mi,17
63,171,137,224,658,310,348,0,1,2,p_1.30.24_LL3f_mi,17
64,173,137,220,673,333,340,0,1,2,p_1.30.24_LL3f_mi,17
65,170,137,224,662,332,330,0,1,2,p_1.30.24_LL3f_mi,17
66,173,140,228,650,333,317,0,1,2,p_1.30.24_LL3f_mi,17
67,181,142,227,660,333,327,0,1,2,p_1.30.24_LL3f_mi,17
68,176,131,219,687,342,345,0,1,2,p_1.30.24_LL3f_mi,17
69,181,138,227,651,331,320,0,1,2,p_1.30.24_LL3f_mi,17
70,167,127,218,681,327,354,0,1,2,p_1.30.24_LL3f_mi,17
71,176,136,222,669,311,358,0,1,2,p_1.30.24_LL3f_mi,17
72,178,137,227,659,325,334,0,1,2,p_1.30.24_LL3f_mi,17
73,175,137,225,663,335,328,0,1,2,p_1.30.24_LL3f_mi,17
74,178,139,226,657,338,319,0,1,2,p_1.30.24_LL3f_mi,17
75,176,133,221,672,354,318,0,1,2,p_1.30.24_LL3f_mi,17
76,164,129,203,723,373,350,0,1,2,p_1.30.24_LL3f_mi,17
77,182,141,224,659,335,324,0,1,2,p_1.30.24_LL3f_mi,17
78,182,142,230,644,335,309,0,1,2,p_1.30.24_LL3f_mi,17
79,177,141,229,654,321,333,0,1,2,p_1.30.24_LL3f_mi,17
80,182,139,226,657,325,332,0,1,2,p_1.30.24_LL3f_mi,17
81,178,138,223,664,335,329,0,1,2,p_1.30.24_LL3f_mi,17
82,175,139,220,679,343,336,0,1,2,p_1.30.24_LL3f_mi,17
83,180,138,222,677,346,331,0,1,2,p_1.30.24_LL3f_mi,17
84,178,138,228,644,328,316,0,1,2,p_1.30.24_LL3f_mi,17
85,167,137,223,665,332,333,0,1,2,p_1.30.24_LL3f_mi,17
86,178,134,225,661,319,342,0,1,2,p_1.30.24_LL3f_mi,17
87,177,134,227,658,303,355,0,1,2,p_1.30.24_LL3f_mi,17
88,174,143,228,660,315,345,0,1,2,p_1.30.24_LL3f_mi,17
89,178,128,225,666,334,332,0,1,2,p_1.30.24_LL3f_mi,17
90,171,138,224,664,336,328,0,1,2,p_1.30.24_LL3f_mi,17
91,169,124,216,682,346,336,0,1,2,p_1.30.24_LL3f_mi,17
92,179,140,228,656,329,327,0,1,2,p_1.30.24_LL3f_mi,17
93,186,145,230,639,324,315,0,1,2,p_1.30.24_LL3f_mi,17
94,186,137,231,642,326,316,0,1,2,p_1.30.24_LL3f_mi,17
95,171,126,226,655,325,330,0,1,2,p_1.30.24_LL3f_mi,17
96,173,143,218,676,317,359,0,1,2,p_1.30.24_LL3f_mi,17
97,184,140,228,657,318,339,0,1,2,p_1.30.24_LL3f_mi,17
98,172,137,224,666,322,344,0,1,2,p_1.30.24_LL3f_mi,17
99,178,136,228,652,328,324,0,1,2,p_1.30.24_LL3f_mi,17
100,139,111,183,687,325,362,0,1,2,p_1.30.24_LL3f_mi,17
101,117,99,150,665,319,346,0,1,2,p_1.30.24_LL3f_mi,17
102,118,97,154,580,280,300,0,1,2,p_1.30.24_LL3f_mi,17
103,116,95,145,521,255,266,0,1,2,p_1.30.24_LL3f_mi,17
104,93,79,118,496,255,241,0,1,2,p_1.30.24_LL3f_mi,17
105,86,65,110,435,228,207,0,1,2,p_1.30.24_LL3f_mi,17
106,73,63,95,391,202,189,0,1,2,p_1.30.24_LL3f_mi,17
107,49,41,58,376,191,185,0,1,2,p_1.30.24_LL3f_mi,17
108,49,39,62,293,140,153,0,1,2,p_1.30.24_LL3f_mi,17
109,31,27,42,250,121,129,0,1,2,p_1.30.24_LL3f_mi,17
110,25,21,32,207,103,104,0,1,2,p_1.30.24_LL3f_mi,17
111,32,23,40,155,83,72,0,1,2,p_1.30.24_LL3f_mi,17
112,28,23,36,127,68,59,0,1,2,p_1.30.24_LL3f_mi,17
113,31,22,36,113,55,58,0,1,2,p_1.30.24_LL3f_mi,17
114,26,21,34,112,59,53,0,1,2,p_1.30.24_LL3f_mi,17
115,26,22,35,119,64,55,0,1,2,p_1.30.24_LL3f_mi,17
116,28,21,35,110,56,54,0,1,2,p_1.30.24_LL3f_mi,17
117,24,18,34,107,50,57,0,1,2,p_1.30.24_LL3f_mi,17
118,28,22,35,111,52,59,0,1,2,p_1.30.24_LL3f_mi,17
119,26,22,34,109,48,61,0,1,2,p_1.30.24_LL3f_mi,17
120,26,20,32,96,42,54,0,1,2,p_1.30.24_LL3f_mi,17
121,29,25,34,106,46,60,0,1,2,p_1.30.24_LL3f_mi,17
122,28,24,35,108,48,60,0,1,2,p_1.30.24_LL3f_mi,17
123,26,18,33,101,49,52,0,1,2,p_1.30.24_LL3f_mi,17
124,26,17,34,97,47,50,0,1,2,p_1.30.24_LL3f_mi,17
125,22,17,37,130,66,64,22,1,2,p_1.30.24_LL3f_mi,17
126,26,19,36,118,62,56,10,1,2,p_1.30.24_LL3f_mi,17
127,27,18,35,113,60,53,3,1,2,p_1.30.24_LL3f_mi,17
128,28,24,35,113,57,56,1,1,2,p_1.30.24_LL3f_mi,17
129,27,20,37,116,62,54,0,1,2,p_1.30.24_LL3f_mi,17
130,23,18,35,112,64,48,0,1,2,p_1.30.24_LL3f_mi,17
131,27,23,35,111,58,53,0,1,2,p_1.30.24_LL3f_mi,17
132,28,21,35,107,56,51,0,1,2,p_1.30.24_LL3f_mi,17
133,26,19,35,113,64,49,0,1,2,p_1.30.24_LL3f_mi,17
134,24,17,33,101,55,46,0,1,2,p_1.30.24_LL3f_mi,17
135,27,20,34,105,54,51,0,1,2,p_1.30.24_LL3f_mi,17
136,27,22,34,114,49,65,0,1,2,p_1.30.24_LL3f_mi,17
137,27,21,35,116,54,62,0,1,2,p_1.30.24_LL3f_mi,17
138,33,23,37,113,52,61,0,1,2,p_1.30.24_LL3f_mi,17
139,28,21,36,112,51,61,0,1,2,p_1.30.24_LL3f_mi,17
140,29,24,38,126,59,67,15,1,2,p_1.30.24_LL3f_mi,17
141,28,23,37,126,59,67,14,1,2,p_1.30.24_LL3f_mi,17
142,29,27,37,115,49,66,6,1,2,p_1.30.24_LL3f_mi,17
143,26,25,37,120,48,72,2,1,2,p_1.30.24_LL3f_mi,17
144,28,22,37,121,55,66,1,1,2,p_1.30.24_LL3f_mi,17
145,27,23,36,113,59,54,0,1,2,p_1.30.24_LL3f_mi,17
146,27,21,33,110,57,53,0,1,2,p_1.30.24_LL3f_mi,17
147,30,24,34,114,57,57,0,1,2,p_1.30.24_LL3f_mi,17
148,29,23,36,115,58,57,0,1,2,p_1.30.24_LL3f_mi,17
149,26,21,35,119,64,55,0,1,2,p_1.30.24_LL3f_mi,17
150,28,24,33,106,60,46,0,1,2,p_1.30.24_LL3f_mi,17
151,55,29,78,109,66,43,0,1,2,p_1.30.24_LL3f_mi,17
152,74,44,101,151,84,67,0,1,2,p_1.30.24_LL3f_mi,17
153,90,56,124,203,108,95,0,1,2,p_1.30.24_LL3f_mi,17
154,111,76,143,264,135,129,0,1,2,p_1.30.24_LL3f_mi,17
155,127,90,160,366,189,177,18,1,2,p_1.30.24_LL3f_mi,17
156,135,98,178,396,195,201,11,1,2,p_1.30.24_LL3f_mi,17
157,147,106,193,447,239,208,6,1,2,p_1.30.24_LL3f_mi,17
158,161,112,206,523,268,255,2,1,2,p_1.30.24_LL3f_mi,17
159,174,129,223,563,294,269,0,1,2,p_1.30.24_LL3f_mi,17
160,190,139,246,574,293,281,0,1,2,p_1.30.24_LL3f_mi,17
161,187,139,239,610,310,300,0,1,2,p_1.30.24_LL3f_mi,17
162,173,136,222,664,324,340,0,1,2,p_1.30.24_LL3f_mi,17
163,176,140,228,647,317,330,0,1,2,p_1.30.24_LL3f_mi,17
164,171,133,213,689,336,353,0,1,2,p_1.30.24_LL3f_mi,17
165,173,130,221,674,321,353,0,1,2,p_1.30.24_LL3f_mi,17
166,166,140,216,684,334,350,0,1,2,p_1.30.24_LL3f_mi,17
167,178,133,228,659,325,334,0,1,2,p_1.30.24_LL3f_mi,17
168,166,130,211,701,350,351,0,1,2,p_1.30.24_LL3f_mi,17
169,168,135,214,692,340,352,0,1,2,p_1.30.24_LL3f_mi,17
170,174,138,224,664,327,337,16,1,2,p_1.30.24_LL3f_mi,17
171,176,123,226,653,345,308,8,1,2,p_1.30.24_LL3f_mi,17
172,181,138,235,632,322,310,4,1,2,p_1.30.24_LL3f_mi,17
173,173,129,221,677,338,339,2,1,2,p_1.30.24_LL3f_mi,17
174,177,142,219,674,331,343,0,1,2,p_1.30.24_LL3f_mi,17
175,172,132,227,661,329,332,0,1,2,p_1.30.24_LL3f_mi,17
176,163,130,210,707,353,354,0,1,2,p_1.30.24_LL3f_mi,17
177,184,145,229,653,331,322,0,1,2,p_1.30.24_LL3f_mi,17
178,172,138,223,665,328,337,0,1,2,p_1.30.24_LL3f_mi,17
179,176,136,226,664,337,327,0,1,2,p_1.30.24_LL3f_mi,17
180,174,132,222,669,329,340,0,1,2,p_1.30.24_LL3f_mi,17
181,168,136,226,652,319,333,0,1,2,p_1.30.24_LL3f_mi,17
182,183,143,227,650,310,340,0,1,2,p_1.30.24_LL3f_mi,17
183,173,135,221,680,328,352,0,1,2,p_1.30.24_LL3f_mi,17
184,174,136,222,667,313,354,0,1,2,p_1.30.24_LL3f_mi,17
185,175,135,222,664,326,338,0,1,2,p_1.30.24_LL3f_mi,17
186,172,131,225,663,326,337,0,1,2,p_1.30.24_LL3f_mi,17
187,169,129,221,671,336,335,0,1,2,p_1.30.24_LL3f_mi,17
188,175,137,223,667,343,324,0,1,2,p_1.30.24_LL3f_mi,17
189,176,130,225,661,330,331,0,1,2,p_1.30.24_LL3f_mi,17
190,166,131,222,666,332,334,0,1,2,p_1.30.24_LL3f_mi,17
191,177,139,220,680,331,349,0,1,2,p_1.30.24_LL3f_mi,17
192,175,138,220,675,342,333,0,1,2,p_1.30.24_LL3f_mi,17
193,170,134,224,666,319,347,0,1,2,p_1.30.24_LL3f_mi,17
194,165,134,220,676,337,339,0,1,2,p_1.30.24_LL3f_mi,17
195,174,136,226,655,337,318,0,1,2,p_1.30.24_LL3f_mi,17
196,161,125,218,677,349,328,0,1,2,p_1.30.24_LL3f_mi,17
197,162,137,213,689,341,348,0,1,2,p_1.30.24_LL3f_mi,17
198,170,131,222,664,318,346,0,1,2,p_1.30.24_LL3f_mi,17
199,173,135,223,666,318,348,0,1,2,p_1.30.24_LL3f_mi,17
200,177,135,227,656,326,330,0,1,2,p_1.30.24_LL3f_mi,17
201,162,138,201,725,345,380,0,1,2,p_1.30.24_LL3f_mi,17
202,172,136,221,671,303,368,0,1,2,p_1.30.24_LL3f_mi,17
203,174,142,227,654,297,357,0,1,2,p_1.30.24_LL3f_mi,17
204,176,132,225,660,297,363,0,1,2,p_1.30.24_LL3f_mi,17
205,172,128,225,658,294,364,0,1,2,p_1.30.24_LL3f_mi,17
206,176,138,225,661,321,340,0,1,2,p_1.30.24_LL3f_mi,17
207,177,139,228,654,328,326,0,1,2,p_1.30.24_LL3f_mi,17
208,180,142,232,632,321,311,0,1,2,p_1.30.24_LL3f_mi,17
209,178,139,226,657,325,332,0,1,2,p_1.30.24_LL3f_mi,17
210,172,137,229,647,325,322,0,1,2,p_1.30.24_LL3f_mi,17
211,167,135,226,665,326,339,0,1,2,p_1.30.24_LL3f_mi,17
212,181,141,228,659,325,334,0,1,2,p_1.30.24_LL3f_mi,17
213,172,133,222,670,336,334,0,1,2,p_1.30.24_LL3f_mi,17
214,177,139,224,660,342,318,0,1,2,p_1.30.24_LL3f_mi,17
215,171,136,218,683,354,329,0,1,2,p_1.30.24_LL3f_mi,17
216,176,134,224,664,337,327,0,1,2,p_1.30.24_LL3f_mi,17
217,167,131,219,677,336,341,0,1,2,p_1.30.24_LL3f_mi,17
218,179,141,227,657,329,328,0,1,2,p_1.30.24_LL3f_mi,17
219,178,139,225,654,324,330,0,1,2,p_1.30.24_LL3f_mi,17
220,170,138,223,673,333,340,0,1,2,p_1.30.24_LL3f_mi,17
221,176,142,217,687,329,358,0,1,2,p_1.30.24_LL3f_mi,17
222,181,143,226,665,305,360,0,1,2,p_1.30.24_LL3f_mi,17
223,181,135,237,616,302,314,0,1,2,p_1.30.24_LL3f_mi,17
224,180,137,227,653,323,330,0,1,2,p_1.30.24_LL3f_mi,17
225,173,140,224,664,341,323,0,1,2,p_1.30.24_LL3f_mi,17
226,171,133,206,715,361,354,0,1,2,p_1.30.24_LL3f_mi,17
227,175,132,219,672,353,319,0,1,2,p_1.30.24_LL3f_mi,17
228,185,141,229,649,341,308,0,1,2,p_1.30.24_LL3f_mi,17
229,178,126,228,648,325,323,0,1,2,p_1.30.24_LL3f_mi,17
230,166,135,217,683,328,355,0,1,2,p_1.30.24_LL3f_mi,17
231,174,142,227,654,325,329,0,1,2,p_1.30.24_LL3f_mi,17
232,175,135,230,651,314,337,0,1,2,p_1.30.24_LL3f_mi,17
233,171,139,222,674,321,353,0,1,2,p_1.30.24_LL3f_mi,17
234,173,137,224,665,326,339,0,1,2,p_1.30.24_LL3f_mi,17
235,177,143,226,660,316,344,0,1,2,p_1.30.24_LL3f_mi,17
236,171,132,229,649,318,331,0,1,2,p_1.30.24_LL3f_mi,17
237,179,138,230,640,308,332,0,1,2,p_1.30.24_LL3f_mi,17
238,169,139,216,688,338,350,0,1,2,p_1.30.24_LL3f_mi,17
239,169,140,217,682,335,347,0,1,2,p_1.30.24_LL3f_mi,17
240,170,135,222,663,311,352,0,1,2,p_1.30.24_LL3f_mi,17
241,186,144,233,640,300,340,0,1,2,p_1.30.24_LL3f_mi,17
242,175,140,227,659,308,351,0,1,2,p_1.30.24_LL3f_mi,17
243,169,135,226,658,297,361,0,1,2,p_1.30.24_LL3f_mi,17
244,173,135,221,675,324,351,0,1,2,p_1.30.24_LL3f_mi,17
245,177,142,222,670,314,356,0,1,2,p_1.30.24_LL3f_mi,17
246,170,131,225,661,318,343,0,1,2,p_1.30.24_LL3f_mi,17
247,180,145,221,671,328,343,0,1,2,p_1.30.24_LL3f_mi,17
248,169,133,225,660,327,333,0,1,2,p_1.30.24_LL3f_mi,17
249,172,134,224,668,342,326,0,1,2,p_1.30.24_LL3f_mi,17
250,166,120,222,667,338,329,0,1,2,p_1.30.24_LL3f_mi,17
251,160,126,206,710,358,352,0,1,2,p_1.30.24_LL3f_mi,17
252,184,136,232,634,323,311,0,1,2,p_1.30.24_LL3f_mi,17
253,183,141,235,629,318,311,0,1,2,p_1.30.24_LL3f_mi,17
254,179,141,224,667,308,359,0,1,2,p_1.30.24_LL3f_mi,17
255,173,140,224,668,313,355,0,1,2,p_1.30.24_LL3f_mi,17
256,180,128,229,647,313,334,0,1,2,p_1.30.24_LL3f_mi,17
257,170,139,219,683,334,349,0,1,2,p_1.30.24_LL3f_mi,17
258,164,134,215,682,326,356,0,1,2,p_1.30.24_LL3f_mi,17
259,171,131,219,677,339,338,0,1,2,p_1.30.24_LL3f_mi,17
260,178,135,229,647,338,309,0,1,2,p_1.30.24_LL3f_mi,17
261,176,136,223,667,346,321,0,1,2,p_1.30.24_LL3f_mi,17
262,172,130,221,672,343,329,0,1,2,p_1.30.24_LL3f_mi,17
263,169,140,221,675,336,339,0,1,2,p_1.30.24_LL3f_mi,17
264,174,142,225,660,323,337,0,1,2,p_1.30.24_LL3f_mi,17
265,173,137,224,664,310,354,0,1,2,p_1.30.24_LL3f_mi,17
266,169,142,221,677,339,338,0,1,2,p_1.30.24_LL3f_mi,17
267,187,148,230,647,332,315,0,1,2,p_1.30.24_LL3f_mi,17
268,171,130,220,666,351,315,0,1,2,p_1.30.24_LL3f_mi,17
269,167,123,217,684,365,319,0,1,2,p_1.30.24_LL3f_mi,17
270,174,138,228,651,343,308,0,1,2,p_1.30.24_LL3f_mi,17
271,184,135,223,661,357,304,0,1,2,p_1.30.24_LL3f_mi,17
272,178,133,223,665,340,325,0,1,2,p_1.30.24_LL3f_mi,17
273,167,132,219,678,336,342,0,1,2,p_1.30.24_LL3f_mi,17
274,173,137,220,680,325,355,0,1,2,p_1.30.24_LL3f_mi,17
275,172,139,222,671,318,353,0,1,2,p_1.30.24_LL3f_mi,17
276,154,130,203,716,345,371,0,1,2,p_1.30.24_LL3f_mi,17
277,177,134,226,655,325,330,0,1,2,p_1.30.24_LL3f_mi,17
278,178,131,225,658,345,313,0,1,2,p_1.30.24_LL3f_mi,17
279,182,141,227,658,345,313,0,1,2,p_1.30.24_LL3f_mi,17
280,165,137,216,684,358,326,0,1,2,p_1.30.24_LL3f_mi,17
281,170,138,219,672,348,324,0,1,2,p_1.30.24_LL3f_mi,17
282,172,135,226,660,326,334,0,1,2,p_1.30.24_LL3f_mi,17
283,167,128,222,669,338,331,0,1,2,p_1.30.24_LL3f_mi,17
284,177,136,221,673,331,342,0,1,2,p_1.30.24_LL3f_mi,17
285,171,138,219,682,336,346,0,1,2,p_1.30.24_LL3f_mi,17
286,172,133,220,680,345,335,0,1,2,p_1.30.24_LL3f_mi,17
287,178,137,228,656,322,334,0,1,2,p_1.30.24_LL3f_mi,17
288,173,140,227,650,316,334,0,1,2,p_1.30.24_LL3f_mi,17
289,181,144,222,669,316,353,0,1,2,p_1.30.24_LL3f_mi,17
290,178,133,225,664,330,334,0,1,2,p_1.30.24_LL3f_mi,17
291,177,128,225,661,326,335,0,1,2,p_1.30.24_LL3f_mi,17
292,185,149,232,643,318,325,0,1,2,p_1.30.24_LL3f_mi,17
293,179,144,221,672,326,346,0,1,2,p_1.30.24_LL3f_mi,17
294,177,136,230,643,332,311,0,1,2,p_1.30.24_LL3f_mi,17
295,168,139,214,696,346,350,0,1,2,p_1.30.24_LL3f_mi,17
296,175,139,222,668,329,339,0,1,2,p_1.30.24_LL3f_mi,17
297,171,142,229,647,313,334,0,1,2,p_1.30.24_LL3f_mi,17
298,174,143,223,671,307,364,0,1,2,p_1.30.24_LL3f_mi,17
299,174,142,226,661,305,356,0,1,2,p_1.30.24_LL3f_mi,17
300,189,146,233,634,286,348,0,1,2,p_1.30.24_LL3f_mi,17
301,174,134,220,671,317,354,0,1,2,p_1.30.24_LL3f_mi,17
302,177,138,227,651,317,334,0,1,2,p_1.30.24_LL3f_mi,17
303,178,146,229,654,306,348,0,1,2,p_1.30.24_LL3f_mi,17
304,170,133,232,644,299,345,0,1,2,p_1.30.24_LL3f_mi,17
305,172,137,217,684,325,359,0,1,2,p_1.30.24_LL3f_mi,17
306,188,137,230,642,318,324,0,1,2,p_1.30.24_LL3f_mi,17
307,173,144,227,653,325,328,0,1,2,p_1.30.24_LL3f_mi,17
308,177,142,219,675,324,351,0,1,2,p_1.30.24_LL3f_mi,17
309,166,142,225,661,305,356,0,1,2,p_1.30.24_LL3f_mi,17
310,177,138,223,661,321,340,0,1,2,p_1.30.24_LL3f_mi,17
311,172,127,228,654,334,320,0,1,2,p_1.30.24_LL3f_mi,17
312,175,138,224,662,319,343,0,1,2,p_1.30.24_LL3f_mi,17
313,175,130,222,670,336,334,0,1,2,p_1.30.24_LL3f_mi,17
314,176,144,221,670,331,339,0,1,2,p_1.30.24_LL3f_mi,17
315,178,135,223,673,354,319,0,1,2,p_1.30.24_LL3f_mi,17
316,160,130,215,693,357,336,0,1,2,p_1.30.24_LL3f_mi,17
317,168,134,221,674,344,330,0,1,2,p_1.30.24_LL3f_mi,17
318,177,134,227,650,353,297,0,1,2,p_1.30.24_LL3f_mi,17
319,176,141,224,660,339,321,0,1,2,p_1.30.24_LL3f_mi,17
320,182,136,229,643,335,308,0,1,2,p_1.30.24_LL3f_mi,17
321,177,135,224,672,353,319,0,1,2,p_1.30.24_LL3f_mi,17
322,171,133,216,684,349,335,0,1,2,p_1.30.24_LL3f_mi,17
323,184,145,229,649,331,318,0,1,2,p_1.30.24_LL3f_mi,17
324,181,138,230,648,335,313,0,1,2,p_1.30.24_LL3f_mi,17
325,177,134,226,651,342,309,0,1,2,p_1.30.24_LL3f_mi,17
326,167,131,210,708,367,341,0,1,2,p_1.30.24_LL3f_mi,17
327,180,140,226,661,329,332,0,1,2,p_1.30.24_LL3f_mi,17
328,181,143,229,650,314,336,0,1,2,p_1.30.24_LL3f_mi,17
329,176,138,223,671,322,349,0,1,2,p_1.30.24_LL3f_mi,17
330,188,152,235,620,295,325,0,1,2,p_1.30.24_LL3f_mi,17
331,181,139,228,652,319,333,0,1,2,p_1.30.24_LL3f_mi,17
332,174,142,219,677,329,348,0,1,2,p_1.30.24_LL3f_mi,17
333,169,130,223,671,317,354,0,1,2,p_1.30.24_LL3f_mi,17
334,161,128,208,703,334,369,0,1,2,p_1.30.24_LL3f_mi,17
335,176,140,224,674,327,347,0,1,2,p_1.30.24_LL3f_mi,17
336,179,145,221,667,328,339,0,1,2,p_1.30.24_LL3f_mi,17
337,172,141,222,668,346,322,0,1,2,p_1.30.24_LL3f_mi,17
338,179,131,233,640,332,308,0,1,2,p_1.30.24_LL3f_mi,17
339,173,130,226,655,331,324,0,1,2,p_1.30.24_LL3f_mi,17
340,171,133,222,671,334,337,0,1,2,p_1.30.24_LL3f_mi,17
341,169,128,219,679,342,337,0,1,2,p_1.30.24_LL3f_mi,17
342,175,130,228,653,342,311,0,1,2,p_1.30.24_LL3f_mi,17
343,179,145,225,665,333,332,0,1,2,p_1.30.24_LL3f_mi,17
344,178,132,226,656,315,341,0,1,2,p_1.30.24_LL3f_mi,17
345,177,138,227,650,295,355,0,1,2,p_1.30.24_LL3f_mi,17
346,181,137,233,634,307,327,0,1,2,p_1.30.24_LL3f_mi,17
347,172,136,224,665,330,335,0,1,2,p_1.30.24_LL3f_mi,17
348,183,135,231,645,318,327,0,1,2,p_1.30.24_LL3f_mi,17
349,165,128,219,671,319,352,0,1,2,p_1.30.24_LL3f_mi,17
350,170,136,221,676,317,359,0,1,2,p_1.30.24_LL3f_mi,17
1,3,3,3,611,330,281,0,1,3,p_1.30.24_LL3f_mi,17
2,102,85,123,857,459,398,0,1,3,p_1.30.24_LL3f_mi,17
3,136,119,175,782,408,374,0,1,3,p_1.30.24_LL3f_mi,17
4,165,126,217,679,353,326,0,1,3,p_1.30.24_LL3f_mi,17
5,179,137,233,638,323,315,0,1,3,p_1.30.24_LL3f_mi,17
6,178,138,232,640,336,304,0,1,3,p_1.30.24_LL3f_mi,17
7,174,133,224,665,338,327,0,1,3,p_1.30.24_LL3f_mi,17
8,173,144,226,661,331,330,0,1,3,p_1.30.24_LL3f_mi,17
9,165,136,214,698,359,339,0,1,3,p_1.30.24_LL3f_mi,17
10,174,127,215,687,361,326,0,1,3,p_1.30.24_LL3f_mi,17
11,181,140,231,640,316,324,0,1,3,p_1.30.24_LL3f_mi,17
12,173,134,220,679,342,337,0,1,3,p_1.30.24_LL3f_mi,17
13,173,134,221,670,324,346,0,1,3,p_1.30.24_LL3f_mi,17
14,176,135,230,645,321,324,0,1,3,p_1.30.24_LL3f_mi,17
15,185,140,231,641,320,321,0,1,3,p_1.30.24_LL3f_mi,17
16,180,138,227,658,329,329,0,1,3,p_1.30.24_LL3f_mi,17
17,177,135,223,668,335,333,0,1,3,p_1.30.24_LL3f_mi,17
18,177,137,225,672,339,333,0,1,3,p_1.30.24_LL3f_mi,17
19,173,135,223,665,333,332,0,1,3,p_1.30.24_LL3f_mi,17
20,175,140,227,658,331,327,0,1,3,p_1.30.24_LL3f_mi,17
21,176,140,227,665,316,349,0,1,3,p_1.30.24_LL3f_mi,17
22,172,138,226,661,321,340,0,1,3,p_1.30.24_LL3f_mi,17
23,173,137,224,663,333,330,0,1,3,p_1.30.24_LL3f_mi,17
24,168,131,215,683,337,346,0,1,3,p_1.30.24_LL3f_mi,17
25,170,135,219,684,334,350,0,1,3,p_1.30.24_LL3f_mi,17
26,156,124,197,732,356,376,0,1,3,p_1.30.24_LL3f_mi,17
27,162,137,215,685,332,353,0,1,3,p_1.30.24_LL3f_mi,17
28,169,135,223,662,335,327,0,1,3,p_1.30.24_LL3f_mi,17
29,175,136,222,673,333,340,0,1,3,p_1.30.24_LL3f_mi,17
30,173,135,220,668,333,335,0,1,3,p_1.30.24_LL3f_mi,17
31,173,136,222,668,332,336,0,1,3,p_1.30.24_LL3f_mi,17
32,177,128,219,682,328,354,0,1,3,p_1.30.24_LL3f_mi,17
33,176,135,225,659,322,337,0,1,3,p_1.30.24_LL3f_mi,17
34,180,135,225,655,327,328,0,1,3,p_1.30.24_LL3f_mi,17
35,182,133,230,650,316,334,0,1,3,p_1.30.24_LL3f_mi,17
36,177,136,221,674,332,342,0,1,3,p_1.30.24_LL3f_mi,17
37,171,135,222,672,333,339,0,1,3,p_1.30.24_LL3f_mi,17
38,181,147,222,665,336,329,0,1,3,p_1.30.24_LL3f_mi,17
39,172,133,221,670,332,338,0,1,3,p_1.30.24_LL3f_mi,17
40,167,136,218,680,345,335,0,1,3,p_1.30.24_LL3f_mi,17
41,162,130,221,674,337,337,0,1,3,p_1.30.24_LL3f_mi,17
42,166,128,214,690,347,343,0,1,3,p_1.30.24_LL3f_mi,17
43,177,134,228,648,316,332,0,1,3,p_1.30.24_LL3f_mi,17
44,169,126,224,661,308,353,0,1,3,p_1.30.24_LL3f_mi,17
45,180,140,228,656,312,344,0,1,3,p_1.30.24_LL3f_mi,17
46,168,135,220,670,315,355,0,1,3,p_1.30.24_LL3f_mi,17
47,178,139,227,661,324,337,0,1,3,p_1.30.24_LL3f_mi,17
48,175,138,219,675,340,335,0,1,3,p_1.30.24_LL3f_mi,17
49,179,132,220,674,349,325,0,1,3,p_1.30.24_LL3f_mi,17
50,173,141,228,651,323,328,0,1,3,p_1.30.24_LL3f_mi,17
51,170,140,218,684,355,329,0,1,3,p_1.30.24_LL3f_mi,17
52,170,124,223,665,328,337,0,1,3,p_1.30.24_LL3f_mi,17
53,175,138,220,672,316,356,0,1,3,p_1.30.24_LL3f_mi,17
54,170,139,220,675,316,359,0,1,3,p_1.30.24_LL3f_mi,17
55,172,136,233,634,316,318,0,1,3,p_1.30.24_LL3f_mi,17
56,169,131,219,680,348,332,0,1,3,p_1.30.24_LL3f_mi,17
57,173,139,221,671,334,337,0,1,3,p_1.30.24_LL3f_mi,17
58,171,130,224,668,315,353,0,1,3,p_1.30.24_LL3f_mi,17
59,172,137,227,650,302,348,0,1,3,p_1.30.24_LL3f_mi,17
60,173,140,229,650,300,350,0,1,3,p_1.30.24_LL3f_mi,17
61,180,140,219,679,315,364,0,1,3,p_1.30.24_LL3f_mi,17
62,168,140,221,671,321,350,0,1,3,p_1.30.24_LL3f_mi,17
63,170,137,223,665,297,368,0,1,3,p_1.30.24_LL3f_mi,17
64,171,138,222,668,311,357,0,1,3,p_1.30.24_LL3f_mi,17
65,183,141,231,640,304,336,0,1,3,p_1.30.24_LL3f_mi,17
66,182,136,230,644,309,335,0,1,3,p_1.30.24_LL3f_mi,17
67,170,127,226,652,306,346,0,1,3,p_1.30.24_LL3f_mi,17
68,179,141,227,651,295,356,0,1,3,p_1.30.24_LL3f_mi,17
69,175,144,221,676,316,360,0,1,3,p_1.30.24_LL3f_mi,17
70,167,128,220,676,324,352,0,1,3,p_1.30.24_LL3f_mi,17
71,171,131,226,659,316,343,0,1,3,p_1.30.24_LL3f_mi,17
72,180,143,234,633,317,316,0,1,3,p_1.30.24_LL3f_mi,17
73,168,123,219,679,329,350,0,1,3,p_1.30.24_LL3f_mi,17
74,170,137,222,679,322,357,0,1,3,p_1.30.24_LL3f_mi,17
75,171,135,215,688,320,368,0,1,3,p_1.30.24_LL3f_mi,17
76,159,130,205,716,352,364,0,1,3,p_1.30.24_LL3f_mi,17
77,171,137,225,662,325,337,0,1,3,p_1.30.24_LL3f_mi,17
78,172,132,225,664,337,327,0,1,3,p_1.30.24_LL3f_mi,17
79,178,134,232,645,340,305,0,1,3,p_1.30.24_LL3f_mi,17
80,181,138,227,655,339,316,0,1,3,p_1.30.24_LL3f_mi,17
81,172,130,226,659,327,332,0,1,3,p_1.30.24_LL3f_mi,17
82,177,137,225,664,309,355,0,1,3,p_1.30.24_LL3f_mi,17
83,175,131,224,671,316,355,0,1,3,p_1.30.24_LL3f_mi,17
84,174,128,223,666,332,334,0,1,3,p_1.30.24_LL3f_mi,17
85,171,137,217,686,322,364,0,1,3,p_1.30.24_LL3f_mi,17
86,176,145,225,658,307,351,0,1,3,p_1.30.24_LL3f_mi,17
87,169,135,221,671,317,354,0,1,3,p_1.30.24_LL3f_mi,17
88,180,145,226,652,318,334,0,1,3,p_1.30.24_LL3f_mi,17
89,173,138,222,674,332,342,0,1,3,p_1.30.24_LL3f_mi,17
90,180,146,229,653,317,336,0,1,3,p_1.30.24_LL3f_mi,17
91,169,132,214,693,324,369,0,1,3,p_1.30.24_LL3f_mi,17
92,183,146,232,633,295,338,0,1,3,p_1.30.24_LL3f_mi,17
93,161,131,215,690,318,372,0,1,3,p_1.30.24_LL3f_mi,17
94,176,138,226,661,325,336,0,1,3,p_1.30.24_LL3f_mi,17
95,172,136,219,677,339,338,0,1,3,p_1.30.24_LL3f_mi,17
96,173,134,228,653,321,332,0,1,3,p_1.30.24_LL3f_mi,17
97,179,138,228,650,301,349,0,1,3,p_1.30.24_LL3f_mi,17
98,167,134,221,674,316,358,0,1,3,p_1.30.24_LL3f_mi,17
99,175,136,223,667,308,359,0,1,3,p_1.30.24_LL3f_mi,17
100,157,123,204,628,300,328,0,1,3,p_1.30.24_LL3f_mi,17
101,116,103,150,668,332,336,0,1,3,p_1.30.24_LL3f_mi,17
102,128,103,165,559,289,270,0,1,3,p_1.30.24_LL3f_mi,17
103,109,89,143,523,282,241,0,1,3,p_1.30.24_LL3f_mi,17
104,99,79,123,489,255,234,0,1,3,p_1.30.24_LL3f_mi,17
105,82,67,109,437,225,212,0,1,3,p_1.30.24_LL3f_mi,17
106,74,60,95,385,182,203,0,1,3,p_1.30.24_LL3f_mi,17
107,59,48,74,345,161,184,0,1,3,p_1.30.24_LL3f_mi,17
108,47,36,59,299,157,142,0,1,3,p_1.30.24_LL3f_mi,17
109,28,24,39,255,133,122,0,1,3,p_1.30.24_LL3f_mi,17
110,25,23,30,212,109,103,0,1,3,p_1.30.24_LL3f_mi,17
111,27,20,37,148,78,70,0,1,3,p_1.30.24_LL3f_mi,17
112,31,26,36,124,66,58,0,1,3,p_1.30.24_LL3f_mi,17
113,23,20,31,102,49,53,0,1,3,p_1.30.24_LL3f_mi,17
114,27,21,33,101,44,57,0,1,3,p_1.30.24_LL3f_mi,17
115,24,18,31,97,45,52,0,1,3,p_1.30.24_LL3f_mi,17
116,27,20,35,97,48,49,0,1,3,p_1.30.24_LL3f_mi,17
117,27,24,34,104,55,49,0,1,3,p_1.30.24_LL3f_mi,17
118,26,21,33,99,56,43,0,1,3,p_1.30.24_LL3f_mi,17
119,26,19,34,102,57,45,0,1,3,p_1.30.24_LL3f_mi,17
120,25,20,32,97,60,37,0,1,3,p_1.30.24_LL3f_mi,17
121,24,18,33,95,56,39,0,1,3,p_1.30.24_LL3f_mi,17
122,25,18,32,94,50,44,0,1,3,p_1.30.24_LL3f_mi,17
123,27,17,34,100,46,54,0,1,3,p_1.30.24_LL3f_mi,17
124,27,22,33,101,48,53,0,1,3,p_1.30.24_LL3f_mi,17
125,23,15,36,106,60,46,16,1,3,p_1.30.24_LL3f_mi,17
126,26,17,36,117,63,54,12,1,3,p_1.30.24_LL3f_mi,17
127,27,18,35,105,58,47,5,1,3,p_1.30.24_LL3f_mi,17
128,28,22,36,116,57,59,2,1,3,p_1.30.24_LL3f_mi,17
129,28,21,34,108,58,50,2,1,3,p_1.30.24_LL3f_mi,17
130,24,16,33,102,62,40,1,1,3,p_1.30.24_LL3f_mi,17
131,26,21,31,92,51,41,0,1,3,p_1.30.24_LL3f_mi,17
132,27,20,32,93,52,41,0,1,3,p_1.30.24_LL3f_mi,17
133,25,20,32,96,54,42,0,1,3,p_1.30.24_LL3f_mi,17
134,23,19,31,88,49,39,0,1,3,p_1.30.24_LL3f_mi,17
135,27,18,32,90,52,38,0,1,3,p_1.30.24_LL3f_mi,17
136,26,21,34,101,56,45,0,1,3,p_1.30.24_LL3f_mi,17
137,26,19,33,92,48,44,0,1,3,p_1.30.24_LL3f_mi,17
138,24,15,32,92,46,46,0,1,3,p_1.30.24_LL3f_mi,17
139,24,18,31,98,45,53,0,1,3,p_1.30.24_LL3f_mi,17
140,22,17,34,110,45,65,20,1,3,p_1.30.24_LL3f_mi,17
141,25,20,31,97,45,52,4,1,3,p_1.30.24_LL3f_mi,17
142,28,21,35,99,49,50,3,1,3,p_1.30.24_LL3f_mi,17
143,25,17,35,106,49,57,1,1,3,p_1.30.24_LL3f_mi,17
144,30,20,34,99,56,43,0,1,3,p_1.30.24_LL3f_mi,17
145,26,18,34,106,60,46,0,1,3,p_1.30.24_LL3f_mi,17
146,24,18,31,93,52,41,0,1,3,p_1.30.24_LL3f_mi,17
147,25,18,32,95,54,41,0,1,3,p_1.30.24_LL3f_mi,17
148,23,18,33,102,58,44,0,1,3,p_1.30.24_LL3f_mi,17
149,23,19,32,98,53,45,0,1,3,p_1.30.24_LL3f_mi,17
150,26,20,31,88,41,47,0,1,3,p_1.30.24_LL3f_mi,17
151,47,31,73,102,47,55,0,1,3,p_1.30.24_LL3f_mi,17
152,66,45,91,132,66,66,0,1,3,p_1.30.24_LL3f_mi,17
153,88,57,116,180,96,84,0,1,3,p_1.30.24_LL3f_mi,17
154,103,67,140,248,134,114,0,1,3,p_1.30.24_LL3f_mi,17
155,122,91,163,336,184,152,23,1,3,p_1.30.24_LL3f_mi,17
156,142,98,180,408,213,195,10,1,3,p_1.30.24_LL3f_mi,17
157,154,109,191,458,233,225,8,1,3,p_1.30.24_LL3f_mi,17
158,160,123,208,498,257,241,1,1,3,p_1.30.24_LL3f_mi,17
159,176,136,225,561,286,275,0,1,3,p_1.30.24_LL3f_mi,17
160,181,130,237,610,305,305,0,1,3,p_1.30.24_LL3f_mi,17
161,178,134,227,659,338,321,0,1,3,p_1.30.24_LL3f_mi,17
162,182,140,229,654,329,325,0,1,3,p_1.30.24_LL3f_mi,17
163,168,139,217,684,355,329,0,1,3,p_1.30.24_LL3f_mi,17
164,162,130,210,703,360,343,0,1,3,p_1.30.24_LL3f_mi,17
165,179,133,229,648,320,328,0,1,3,p_1.30.24_LL3f_mi,17
166,183,142,234,627,326,301,0,1,3,p_1.30.24_LL3f_mi,17
167,179,135,231,646,338,308,0,1,3,p_1.30.24_LL3f_mi,17
168,176,142,224,667,345,322,0,1,3,p_1.30.24_LL3f_mi,17
169,169,130,225,665,321,344,0,1,3,p_1.30.24_LL3f_mi,17
170,158,134,211,703,326,377,18,1,3,p_1.30.24_LL3f_mi,17
171,170,133,225,660,311,349,12,1,3,p_1.30.24_LL3f_mi,17
172,181,135,229,646,311,335,4,1,3,p_1.30.24_LL3f_mi,17
173,175,135,217,683,341,342,2,1,3,p_1.30.24_LL3f_mi,17
174,173,135,220,677,329,348,2,1,3,p_1.30.24_LL3f_mi,17
175,169,133,220,671,334,337,0,1,3,p_1.30.24_LL3f_mi,17
176,157,119,208,706,369,337,0,1,3,p_1.30.24_LL3f_mi,17
177,178,138,224,670,343,327,0,1,3,p_1.30.24_LL3f_mi,17
178,180,142,228,658,322,336,0,1,3,p_1.30.24_LL3f_mi,17
179,173,149,223,671,332,339,0,1,3,p_1.30.24_LL3f_mi,17
180,171,132,224,664,328,336,0,1,3,p_1.30.24_LL3f_mi,17
181,162,130,216,688,351,337,0,1,3,p_1.30.24_LL3f_mi,17
182,182,143,233,630,312,318,0,1,3,p_1.30.24_LL3f_mi,17
183,172,133,226,659,328,331,0,1,3,p_1.30.24_LL3f_mi,17
184,179,132,230,638,320,318,0,1,3,p_1.30.24_LL3f_mi,17
185,171,130,222,678,340,338,0,1,3,p_1.30.24_LL3f_mi,17
186,165,134,213,690,347,343,0,1,3,p_1.30.24_LL3f_mi,17
187,178,136,228,650,331,319,0,1,3,p_1.30.24_LL3f_mi,17
188,175,144,228,653,317,336,0,1,3,p_1.30.24_LL3f_mi,17
189,172,132,227,653,323,330,0,1,3,p_1.30.24_LL3f_mi,17
190,162,128,219,679,332,347,0,1,3,p_1.30.24_LL3f_mi,17
191,162,124,210,699,345,354,0,1,3,p_1.30.24_LL3f_mi,17
192,179,129,230,644,324,320,0,1,3,p_1.30.24_LL3f_mi,17
193,178,132,234,631,325,306,0,1,3,p_1.30.24_LL3f_mi,17
194,173,137,218,678,343,335,0,1,3,p_1.30.24_LL3f_mi,17
195,174,134,221,671,329,342,0,1,3,p_1.30.24_LL3f_mi,17
196,172,128,227,651,338,313,0,1,3,p_1.30.24_LL3f_mi,17
197,175,140,229,645,323,322,0,1,3,p_1.30.24_LL3f_mi,17
198,178,137,225,666,344,322,0,1,3,p_1.30.24_LL3f_mi,17
199,167,133,218,679,342,337,0,1,3,p_1.30.24_LL3f_mi,17
200,174,138,230,646,324,322,0,1,3,p_1.30.24_LL3f_mi,17
201,153,123,210,705,367,338,0,1,3,p_1.30.24_LL3f_mi,17
202,168,133,216,682,351,331,0,1,3,p_1.30.24_LL3f_mi,17
203,172,134,234,641,334,307,0,1,3,p_1.30.24_LL3f_mi,17
204,168,136,216,689,348,341,0,1,3,p_1.30.24_LL3f_mi,17
205,177,141,221,674,342,332,0,1,3,p_1.30.24_LL3f_mi,17
206,174,131,227,656,341,315,0,1,3,p_1.30.24_LL3f_mi,17
207,174,132,227,659,339,320,0,1,3,p_1.30.24_LL3f_mi,17
208,178,136,224,657,346,311,0,1,3,p_1.30.24_LL3f_mi,17
209,175,140,222,663,344,319,0,1,3,p_1.30.24_LL3f_mi,17
210,172,129,223,668,348,320,0,1,3,p_1.30.24_LL3f_mi,17
211,170,132,223,671,350,321,0,1,3,p_1.30.24_LL3f_mi,17
212,182,146,229,655,329,326,0,1,3,p_1.30.24_LL3f_mi,17
213,178,143,227,660,331,329,0,1,3,p_1.30.24_LL3f_mi,17
214,176,136,226,651,338,313,0,1,3,p_1.30.24_LL3f_mi,17
215,162,126,215,687,341,346,0,1,3,p_1.30.24_LL3f_mi,17
216,165,138,219,674,343,331,0,1,3,p_1.30.24_LL3f_mi,17
217,185,136,232,637,335,302,0,1,3,p_1.30.24_LL3f_mi,17
218,176,131,227,656,339,317,0,1,3,p_1.30.24_LL3f_mi,17
219,171,134,220,674,335,339,0,1,3,p_1.30.24_LL3f_mi,17
220,167,123,214,691,336,355,0,1,3,p_1.30.24_LL3f_mi,17
221,178,136,226,668,345,323,0,1,3,p_1.30.24_LL3f_mi,17
222,182,138,225,665,338,327,0,1,3,p_1.30.24_LL3f_mi,17
223,178,141,226,655,304,351,0,1,3,p_1.30.24_LL3f_mi,17
224,174,134,224,665,314,351,0,1,3,p_1.30.24_LL3f_mi,17
225,177,137,232,637,302,335,0,1,3,p_1.30.24_LL3f_mi,17
226,160,139,201,725,363,362,0,1,3,p_1.30.24_LL3f_mi,17
227,175,127,230,645,332,313,0,1,3,p_1.30.24_LL3f_mi,17
228,180,134,227,652,329,323,0,1,3,p_1.30.24_LL3f_mi,17
229,184,137,230,645,316,329,0,1,3,p_1.30.24_LL3f_mi,17
230,173,127,226,658,346,312,0,1,3,p_1.30.24_LL3f_mi,17
231,165,134,216,686,356,330,0,1,3,p_1.30.24_LL3f_mi,17
232,168,129,223,661,339,322,0,1,3,p_1.30.24_LL3f_mi,17
233,176,137,226,656,341,315,0,1,3,p_1.30.24_LL3f_mi,17
234,173,134,224,663,343,320,0,1,3,p_1.30.24_LL3f_mi,17
235,168,138,219,687,360,327,0,1,3,p_1.30.24_LL3f_mi,17
236,176,139,223,666,327,339,0,1,3,p_1.30.24_LL3f_mi,17
237,173,138,222,669,331,338,0,1,3,p_1.30.24_LL3f_mi,17
238,171,132,222,676,335,341,0,1,3,p_1.30.24_LL3f_mi,17
239,171,132,225,663,330,333,0,1,3,p_1.30.24_LL3f_mi,17
240,176,140,225,658,314,344,0,1,3,p_1.30.24_LL3f_mi,17
241,168,142,222,672,328,344,0,1,3,p_1.30.24_LL3f_mi,17
242,176,134,219,685,336,349,0,1,3,p_1.30.24_LL3f_mi,17
243,159,129,214,697,334,363,0,1,3,p_1.30.24_LL3f_mi,17
244,178,138,228,652,307,345,0,1,3,p_1.30.24_LL3f_mi,17
245,176,144,229,654,307,347,0,1,3,p_1.30.24_LL3f_mi,17
246,176,139,226,655,318,337,0,1,3,p_1.30.24_LL3f_mi,17
247,178,142,227,657,304,353,0,1,3,p_1.30.24_LL3f_mi,17
248,172,139,221,672,340,332,0,1,3,p_1.30.24_LL3f_mi,17
249,173,134,222,666,342,324,0,1,3,p_1.30.24_LL3f_mi,17
250,162,126,213,699,362,337,0,1,3,p_1.30.24_LL3f_mi,17
251,160,125,204,715,369,346,0,1,3,p_1.30.24_LL3f_mi,17
252,176,140,229,647,317,330,0,1,3,p_1.30.24_LL3f_mi,17
253,174,140,227,657,319,338,0,1,3,p_1.30.24_LL3f_mi,17
254,189,145,237,623,301,322,0,1,3,p_1.30.24_LL3f_mi,17
255,174,138,222,675,333,342,0,1,3,p_1.30.24_LL3f_mi,17
256,178,143,227,657,325,332,0,1,3,p_1.30.24_LL3f_mi,17
257,171,130,222,668,355,313,0,1,3,p_1.30.24_LL3f_mi,17
258,176,130,227,656,355,301,0,1,3,p_1.30.24_LL3f_mi,17
259,174,131,224,667,356,311,0,1,3,p_1.30.24_LL3f_mi,17
260,177,140,229,648,322,326,0,1,3,p_1.30.24_LL3f_mi,17
261,175,134,227,662,327,335,0,1,3,p_1.30.24_LL3f_mi,17
262,185,145,231,645,311,334,0,1,3,p_1.30.24_LL3f_mi,17
263,175,145,227,659,325,334,0,1,3,p_1.30.24_LL3f_mi,17
264,176,145,228,656,314,342,0,1,3,p_1.30.24_LL3f_mi,17
265,182,140,228,655,312,343,0,1,3,p_1.30.24_LL3f_mi,17
266,171,141,222,670,311,359,0,1,3,p_1.30.24_LL3f_mi,17
267,173,138,223,662,298,364,0,1,3,p_1.30.24_LL3f_mi,17
268,173,138,223,673,319,354,0,1,3,p_1.30.24_LL3f_mi,17
269,176,137,231,635,315,320,0,1,3,p_1.30.24_LL3f_mi,17
270,175,145,225,666,328,338,0,1,3,p_1.30.24_LL3f_mi,17
271,178,136,229,649,325,324,0,1,3,p_1.30.24_LL3f_mi,17
272,179,145,227,649,335,314,0,1,3,p_1.30.24_LL3f_mi,17
273,176,144,228,655,331,324,0,1,3,p_1.30.24_LL3f_mi,17
274,176,135,219,682,325,357,0,1,3,p_1.30.24_LL3f_mi,17
275,161,136,207,708,351,357,0,1,3,p_1.30.24_LL3f_mi,17
276,163,131,209,709,357,352,0,1,3,p_1.30.24_LL3f_mi,17
277,178,135,231,646,332,314,0,1,3,p_1.30.24_LL3f_mi,17
278,169,128,228,651,325,326,0,1,3,p_1.30.24_LL3f_mi,17
279,171,137,221,670,329,341,0,1,3,p_1.30.24_LL3f_mi,17
280,166,134,216,689,346,343,0,1,3,p_1.30.24_LL3f_mi,17
281,185,137,232,635,308,327,0,1,3,p_1.30.24_LL3f_mi,17
282,182,141,227,660,336,324,0,1,3,p_1.30.24_LL3f_mi,17
283,176,136,225,663,343,320,0,1,3,p_1.30.24_LL3f_mi,17
284,172,136,228,645,329,316,0,1,3,p_1.30.24_LL3f_mi,17
285,170,133,222,675,346,329,0,1,3,p_1.30.24_LL3f_mi,17
286,174,134,223,667,330,337,0,1,3,p_1.30.24_LL3f_mi,17
287,172,134,218,678,331,347,0,1,3,p_1.30.24_LL3f_mi,17
288,178,148,223,665,326,339,0,1,3,p_1.30.24_LL3f_mi,17
289,169,132,226,665,337,328,0,1,3,p_1.30.24_LL3f_mi,17
290,173,132,219,678,342,336,0,1,3,p_1.30.24_LL3f_mi,17
291,171,135,224,664,336,328,0,1,3,p_1.30.24_LL3f_mi,17
292,168,134,223,670,344,326,0,1,3,p_1.30.24_LL3f_mi,17
293,162,125,211,697,356,341,0,1,3,p_1.30.24_LL3f_mi,17
294,171,136,218,678,354,324,0,1,3,p_1.30.24_LL3f_mi,17
295,179,129,229,644,344,300,0,1,3,p_1.30.24_LL3f_mi,17
296,178,133,224,665,357,308,0,1,3,p_1.30.24_LL3f_mi,17
297,182,139,229,639,340,299,0,1,3,p_1.30.24_LL3f_mi,17
298,177,131,230,644,334,310,0,1,3,p_1.30.24_LL3f_mi,17
299,178,140,219,677,339,338,0,1,3,p_1.30.24_LL3f_mi,17
300,181,143,220,674,324,350,0,1,3,p_1.30.24_LL3f_mi,17
301,156,125,203,716,355,361,0,1,3,p_1.30.24_LL3f_mi,17
302,172,144,221,669,319,350,0,1,3,p_1.30.24_LL3f_mi,17
303,174,137,227,659,304,355,0,1,3,p_1.30.24_LL3f_mi,17
304,177,135,227,660,310,350,0,1,3,p_1.30.24_LL3f_mi,17
305,180,137,224,668,315,353,0,1,3,p_1.30.24_LL3f_mi,17
306,172,132,225,661,312,349,0,1,3,p_1.30.24_LL3f_mi,17
307,171,132,221,672,312,360,0,1,3,p_1.30.24_LL3f_mi,17
308,174,127,224,658,314,344,0,1,3,p_1.30.24_LL3f_mi,17
309,179,131,227,656,332,324,0,1,3,p_1.30.24_LL3f_mi,17
310,175,131,225,660,349,311,0,1,3,p_1.30.24_LL3f_mi,17
311,181,138,231,642,324,318,0,1,3,p_1.30.24_LL3f_mi,17
312,171,136,218,682,343,339,0,1,3,p_1.30.24_LL3f_mi,17
313,162,133,213,695,344,351,0,1,3,p_1.30.24_LL3f_mi,17
314,177,145,218,681,337,344,0,1,3,p_1.30.24_LL3f_mi,17
315,174,133,227,659,331,328,0,1,3,p_1.30.24_LL3f_mi,17
316,170,127,223,668,341,327,0,1,3,p_1.30.24_LL3f_mi,17
317,168,133,218,677,328,349,0,1,3,p_1.30.24_LL3f_mi,17
318,163,128,214,690,329,361,0,1,3,p_1.30.24_LL3f_mi,17
319,164,130,218,676,323,353,0,1,3,p_1.30.24_LL3f_mi,17
320,174,142,222,668,337,331,0,1,3,p_1.30.24_LL3f_mi,17
321,181,133,229,647,328,319,0,1,3,p_1.30.24_LL3f_mi,17
322,178,136,222,671,331,340,0,1,3,p_1.30.24_LL3f_mi,17
323,160,128,216,685,344,341,0,1,3,p_1.30.24_LL3f_mi,17
324,161,124,216,682,342,340,0,1,3,p_1.30.24_LL3f_mi,17
325,174,140,226,657,313,344,0,1,3,p_1.30.24_LL3f_mi,17
326,162,126,210,702,337,365,0,1,3,p_1.30.24_LL3f_mi,17
327,178,133,222,674,354,320,0,1,3,p_1.30.24_LL3f_mi,17
328,168,128,225,652,324,328,0,1,3,p_1.30.24_LL3f_mi,17
329,180,137,229,649,332,317,0,1,3,p_1.30.24_LL3f_mi,17
330,174,139,223,665,335,330,0,1,3,p_1.30.24_LL3f_mi,17
331,167,125,220,678,332,346,0,1,3,p_1.30.24_LL3f_mi,17
332,167,136,221,667,309,358,0,1,3,p_1.30.24_LL3f_mi,17
333,177,142,221,667,315,352,0,1,3,p_1.30.24_LL3f_mi,17
334,181,141,224,665,314,351,0,1,3,p_1.30.24_LL3f_mi,17
335,169,139,222,672,335,337,0,1,3,p_1.30.24_LL3f_mi,17
336,169,120,221,666,345,321,0,1,3,p_1.30.24_LL3f_mi,17
337,169,133,218,674,336,338,0,1,3,p_1.30.24_LL3f_mi,17
338,171,131,216,687,346,341,0,1,3,p_1.30.24_LL3f_mi,17
339,170,128,225,662,339,323,0,1,3,p_1.30.24_LL3f_mi,17
340,173,135,221,670,335,335,0,1,3,p_1.30.24_LL3f_mi,17
341,172,133,222,671,335,336,0,1,3,p_1.30.24_LL3f_mi,17
342,176,135,226,660,325,335,0,1,3,p_1.30.24_LL3f_mi,17
343,180,144,228,659,324,335,0,1,3,p_1.30.24_LL3f_mi,17
344,174,141,223,662,341,321,0,1,3,p_1.30.24_LL3f_mi,17
345,179,134,227,657,353,304,0,1,3,p_1.30.24_LL3f_mi,17
346,172,132,219,679,363,316,0,1,3,p_1.30.24_LL3f_mi,17
347,177,142,223,663,340,323,0,1,3,p_1.30.24_LL3f_mi,17
348,172,137,218,676,333,343,0,1,3,p_1.30.24_LL3f_mi,17
349,174,129,221,680,348,332,0,1,3,p_1.30.24_LL3f_mi,17
350,181,136,235,628,309,319,0,1,3,p_1.30.24_LL3f_mi,17
1,5,5,6,657,309,348,0,1,4,p_1.30.24_LL3f_mi,17
2,91,81,117,863,413,450,0,1,4,p_1.30.24_LL3f_mi,17
3,137,116,180,770,389,381,0,1,4,p_1.30.24_LL3f_mi,17
4,167,132,214,694,359,335,0,1,4,p_1.30.24_LL3f_mi,17
5,180,137,229,644,342,302,0,1,4,p_1.30.24_LL3f_mi,17
6,181,131,227,653,334,319,0,1,4,p_1.30.24_LL3f_mi,17
7,172,126,225,657,341,316,0,1,4,p_1.30.24_LL3f_mi,17
8,179,134,224,668,341,327,0,1,4,p_1.30.24_LL3f_mi,17
9,168,134,226,660,330,330,0,1,4,p_1.30.24_LL3f_mi,17
10,171,135,220,677,326,351,0,1,4,p_1.30.24_LL3f_mi,17
11,175,140,220,676,335,341,0,1,4,p_1.30.24_LL3f_mi,17
12,173,135,224,665,320,345,0,1,4,p_1.30.24_LL3f_mi,17
13,174,134,224,662,317,345,0,1,4,p_1.30.24_LL3f_mi,17
14,188,137,236,624,299,325,0,1,4,p_1.30.24_LL3f_mi,17
15,168,133,211,695,337,358,0,1,4,p_1.30.24_LL3f_mi,17
16,172,140,220,676,336,340,0,1,4,p_1.30.24_LL3f_mi,17
17,172,132,224,664,333,331,0,1,4,p_1.30.24_LL3f_mi,17
18,173,139,228,644,314,330,0,1,4,p_1.30.24_LL3f_mi,17
19,181,141,226,658,328,330,0,1,4,p_1.30.24_LL3f_mi,17
20,182,142,228,649,332,317,0,1,4,p_1.30.24_LL3f_mi,17
21,168,133,217,683,334,349,0,1,4,p_1.30.24_LL3f_mi,17
22,169,135,227,661,326,335,0,1,4,p_1.30.24_LL3f_mi,17
23,173,149,224,662,321,341,0,1,4,p_1.30.24_LL3f_mi,17
24,175,136,224,663,322,341,0,1,4,p_1.30.24_LL3f_mi,17
25,168,132,219,678,337,341,0,1,4,p_1.30.24_LL3f_mi,17
26,165,133,198,728,365,363,0,1,4,p_1.30.24_LL3f_mi,17
27,172,128,223,659,330,329,0,1,4,p_1.30.24_LL3f_mi,17
28,177,130,234,635,311,324,0,1,4,p_1.30.24_LL3f_mi,17
29,175,125,227,654,331,323,0,1,4,p_1.30.24_LL3f_mi,17
30,178,136,224,661,331,330,0,1,4,p_1.30.24_LL3f_mi,17
31,168,137,225,660,330,330,0,1,4,p_1.30.24_LL3f_mi,17
32,173,132,223,674,344,330,0,1,4,p_1.30.24_LL3f_mi,17
33,172,132,223,661,337,324,0,1,4,p_1.30.24_LL3f_mi,17
34,168,133,222,668,336,332,0,1,4,p_1.30.24_LL3f_mi,17
35,177,135,226,656,317,339,0,1,4,p_1.30.24_LL3f_mi,17
36,174,136,224,663,327,336,0,1,4,p_1.30.24_LL3f_mi,17
37,177,135,225,659,328,331,0,1,4,p_1.30.24_LL3f_mi,17
38,172,140,222,674,347,327,0,1,4,p_1.30.24_LL3f_mi,17
39,170,128,221,674,344,330,0,1,4,p_1.30.24_LL3f_mi,17
40,170,129,221,668,326,342,0,1,4,p_1.30.24_LL3f_mi,17
41,173,137,226,661,323,338,0,1,4,p_1.30.24_LL3f_mi,17
42,168,137,222,672,332,340,0,1,4,p_1.30.24_LL3f_mi,17
43,179,144,223,669,313,356,0,1,4,p_1.30.24_LL3f_mi,17
44,176,137,228,661,319,342,0,1,4,p_1.30.24_LL3f_mi,17
45,177,136,225,661,339,322,0,1,4,p_1.30.24_LL3f_mi,17
46,174,135,218,676,340,336,0,1,4,p_1.30.24_LL3f_mi,17
47,171,133,228,650,312,338,0,1,4,p_1.30.24_LL3f_mi,17
48,172,135,222,666,332,334,0,1,4,p_1.30.24_LL3f_mi,17
49,170,130,226,663,327,336,0,1,4,p_1.30.24_LL3f_mi,17
50,170,141,223,668,329,339,0,1,4,p_1.30.24_LL3f_mi,17
51,163,132,205,715,354,361,0,1,4,p_1.30.24_LL3f_mi,17
52,163,121,215,691,345,346,0,1,4,p_1.30.24_LL3f_mi,17
53,172,141,226,656,321,335,0,1,4,p_1.30.24_LL3f_mi,17
54,173,138,222,666,324,342,0,1,4,p_1.30.24_LL3f_mi,17
55,182,137,227,655,318,337,0,1,4,p_1.30.24_LL3f_mi,17
56,174,130,225,658,320,338,0,1,4,p_1.30.24_LL3f_mi,17
57,180,144,230,642,315,327,0,1,4,p_1.30.24_LL3f_mi,17
58,188,138,229,649,345,304,0,1,4,p_1.30.24_LL3f_mi,17
59,177,140,227,659,342,317,0,1,4,p_1.30.24_LL3f_mi,17
60,173,140,215,691,357,334,0,1,4,p_1.30.24_LL3f_mi,17
61,180,128,231,644,339,305,0,1,4,p_1.30.24_LL3f_mi,17
62,174,141,222,669,355,314,0,1,4,p_1.30.24_LL3f_mi,17
63,180,136,225,667,353,314,0,1,4,p_1.30.24_LL3f_mi,17
64,173,141,220,680,340,340,0,1,4,p_1.30.24_LL3f_mi,17
65,181,139,230,643,312,331,0,1,4,p_1.30.24_LL3f_mi,17
66,173,133,224,667,325,342,0,1,4,p_1.30.24_LL3f_mi,17
67,169,131,224,668,330,338,0,1,4,p_1.30.24_LL3f_mi,17
68,170,133,218,679,330,349,0,1,4,p_1.30.24_LL3f_mi,17
69,178,137,230,644,306,338,0,1,4,p_1.30.24_LL3f_mi,17
70,174,146,215,687,320,367,0,1,4,p_1.30.24_LL3f_mi,17
71,164,133,212,693,325,368,0,1,4,p_1.30.24_LL3f_mi,17
72,178,136,225,662,315,347,0,1,4,p_1.30.24_LL3f_mi,17
73,177,139,229,649,301,348,0,1,4,p_1.30.24_LL3f_mi,17
74,184,143,231,635,286,349,0,1,4,p_1.30.24_LL3f_mi,17
75,172,136,225,661,319,342,0,1,4,p_1.30.24_LL3f_mi,17
76,161,130,209,707,344,363,0,1,4,p_1.30.24_LL3f_mi,17
77,172,132,229,644,326,318,0,1,4,p_1.30.24_LL3f_mi,17
78,180,136,223,664,343,321,0,1,4,p_1.30.24_LL3f_mi,17
79,172,138,225,661,335,326,0,1,4,p_1.30.24_LL3f_mi,17
80,166,139,224,662,333,329,0,1,4,p_1.30.24_LL3f_mi,17
81,160,126,215,687,346,341,0,1,4,p_1.30.24_LL3f_mi,17
82,181,137,232,642,311,331,0,1,4,p_1.30.24_LL3f_mi,17
83,170,128,217,688,344,344,0,1,4,p_1.30.24_LL3f_mi,17
84,176,136,222,664,314,350,0,1,4,p_1.30.24_LL3f_mi,17
85,164,133,218,681,329,352,0,1,4,p_1.30.24_LL3f_mi,17
86,168,132,224,662,324,338,0,1,4,p_1.30.24_LL3f_mi,17
87,175,149,218,678,344,334,0,1,4,p_1.30.24_LL3f_mi,17
88,160,134,217,683,337,346,0,1,4,p_1.30.24_LL3f_mi,17
89,177,136,225,666,329,337,0,1,4,p_1.30.24_LL3f_mi,17
90,173,131,226,657,332,325,0,1,4,p_1.30.24_LL3f_mi,17
91,180,137,229,643,331,312,0,1,4,p_1.30.24_LL3f_mi,17
92,174,136,231,637,334,303,0,1,4,p_1.30.24_LL3f_mi,17
93,176,144,228,646,314,332,0,1,4,p_1.30.24_LL3f_mi,17
94,172,142,221,679,337,342,0,1,4,p_1.30.24_LL3f_mi,17
95,173,136,222,673,341,332,0,1,4,p_1.30.24_LL3f_mi,17
96,175,132,223,660,328,332,0,1,4,p_1.30.24_LL3f_mi,17
97,173,144,221,678,347,331,0,1,4,p_1.30.24_LL3f_mi,17
98,177,145,216,684,374,310,0,1,4,p_1.30.24_LL3f_mi,17
99,178,131,227,647,356,291,0,1,4,p_1.30.24_LL3f_mi,17
100,150,120,192,661,346,315,0,1,4,p_1.30.24_LL3f_mi,17
101,106,86,137,692,366,326,0,1,4,p_1.30.24_LL3f_mi,17
102,129,105,171,542,269,273,0,1,4,p_1.30.24_LL3f_mi,17
103,119,97,151,512,257,255,0,1,4,p_1.30.24_LL3f_mi,17
104,91,80,119,492,248,244,0,1,4,p_1.30.24_LL3f_mi,17
105,89,72,114,431,221,210,0,1,4,p_1.30.24_LL3f_mi,17
106,67,57,90,394,201,193,0,1,4,p_1.30.24_LL3f_mi,17
107,59,46,78,340,166,174,0,1,4,p_1.30.24_LL3f_mi,17
108,39,35,51,308,166,142,0,1,4,p_1.30.24_LL3f_mi,17
109,35,27,44,249,132,117,0,1,4,p_1.30.24_LL3f_mi,17
110,26,23,33,197,100,97,0,1,4,p_1.30.24_LL3f_mi,17
111,31,22,37,147,73,74,0,1,4,p_1.30.24_LL3f_mi,17
112,23,22,34,133,70,63,0,1,4,p_1.30.24_LL3f_mi,17
113,28,24,35,128,68,60,0,1,4,p_1.30.24_LL3f_mi,17
114,31,24,35,111,58,53,0,1,4,p_1.30.24_LL3f_mi,17
115,27,22,34,107,51,56,0,1,4,p_1.30.24_LL3f_mi,17
116,26,24,35,106,48,58,0,1,4,p_1.30.24_LL3f_mi,17
117,26,24,33,107,49,58,0,1,4,p_1.30.24_LL3f_mi,17
118,27,21,32,100,44,56,0,1,4,p_1.30.24_LL3f_mi,17
119,24,22,33,98,41,57,0,1,4,p_1.30.24_LL3f_mi,17
120,27,18,32,97,42,55,0,1,4,p_1.30.24_LL3f_mi,17
121,27,21,32,103,53,50,0,1,4,p_1.30.24_LL3f_mi,17
122,22,18,31,87,37,50,0,1,4,p_1.30.24_LL3f_mi,17
123,25,21,32,93,47,46,0,1,4,p_1.30.24_LL3f_mi,17
124,26,20,34,99,54,45,0,1,4,p_1.30.24_LL3f_mi,17
125,28,21,38,136,69,67,17,1,4,p_1.30.24_LL3f_mi,17
126,24,20,35,123,66,57,10,1,4,p_1.30.24_LL3f_mi,17
127,27,21,35,117,64,53,7,1,4,p_1.30.24_LL3f_mi,17
128,28,24,35,102,55,47,1,1,4,p_1.30.24_LL3f_mi,17
129,30,21,36,106,54,52,0,1,4,p_1.30.24_LL3f_mi,17
130,26,20,31,99,43,56,0,1,4,p_1.30.24_LL3f_mi,17
131,26,20,31,93,36,57,0,1,4,p_1.30.24_LL3f_mi,17
132,26,23,32,92,40,52,0,1,4,p_1.30.24_LL3f_mi,17
133,26,20,31,89,37,52,0,1,4,p_1.30.24_LL3f_mi,17
134,26,19,33,98,47,51,0,1,4,p_1.30.24_LL3f_mi,17
135,24,17,33,99,55,44,0,1,4,p_1.30.24_LL3f_mi,17
136,27,24,36,108,60,48,0,1,4,p_1.30.24_LL3f_mi,17
137,24,17,33,98,53,45,0,1,4,p_1.30.24_LL3f_mi,17
138,25,17,32,101,52,49,0,1,4,p_1.30.24_LL3f_mi,17
139,26,20,34,101,53,48,0,1,4,p_1.30.24_LL3f_mi,17
140,27,19,35,127,62,65,17,1,4,p_1.30.24_LL3f_mi,17
141,25,18,35,117,61,56,12,1,4,p_1.30.24_LL3f_mi,17
142,31,21,36,116,54,62,7,1,4,p_1.30.24_LL3f_mi,17
143,25,19,33,97,41,56,1,1,4,p_1.30.24_LL3f_mi,17
144,28,25,34,107,43,64,1,1,4,p_1.30.24_LL3f_mi,17
145,22,19,30,92,44,48,0,1,4,p_1.30.24_LL3f_mi,17
146,25,21,30,85,41,44,0,1,4,p_1.30.24_LL3f_mi,17
147,26,20,31,88,42,46,0,1,4,p_1.30.24_LL3f_mi,17
148,23,19,30,86,44,42,0,1,4,p_1.30.24_LL3f_mi,17
149,24,23,29,87,42,45,0,1,4,p_1.30.24_LL3f_mi,17
150,23,18,31,84,40,44,0,1,4,p_1.30.24_LL3f_mi,17
151,45,27,67,90,48,42,0,1,4,p_1.30.24_LL3f_mi,17
152,61,36,86,117,64,53,0,1,4,p_1.30.24_LL3f_mi,17
153,79,45,113,164,85,79,0,1,4,p_1.30.24_LL3f_mi,17
154,100,68,139,228,111,117,0,1,4,p_1.30.24_LL3f_mi,17
155,122,82,164,320,152,168,17,1,4,p_1.30.24_LL3f_mi,17
156,138,100,181,379,181,198,12,1,4,p_1.30.24_LL3f_mi,17
157,150,102,196,444,213,231,5,1,4,p_1.30.24_LL3f_mi,17
158,160,133,210,491,227,264,2,1,4,p_1.30.24_LL3f_mi,17
159,183,136,226,552,258,294,0,1,4,p_1.30.24_LL3f_mi,17
160,194,146,244,582,260,322,0,1,4,p_1.30.24_LL3f_mi,17
161,183,144,229,652,311,341,0,1,4,p_1.30.24_LL3f_mi,17
162,182,140,224,669,306,363,0,1,4,p_1.30.24_LL3f_mi,17
163,173,143,231,638,297,341,0,1,4,p_1.30.24_LL3f_mi,17
164,179,136,226,663,303,360,0,1,4,p_1.30.24_LL3f_mi,17
165,176,144,224,672,301,371,0,1,4,p_1.30.24_LL3f_mi,17
166,176,144,221,670,313,357,0,1,4,p_1.30.24_LL3f_mi,17
167,176,136,229,651,332,319,0,1,4,p_1.30.24_LL3f_mi,17
168,177,139,231,644,340,304,0,1,4,p_1.30.24_LL3f_mi,17
169,176,133,226,658,359,299,0,1,4,p_1.30.24_LL3f_mi,17
170,167,125,214,693,357,336,17,1,4,p_1.30.24_LL3f_mi,17
171,173,138,224,662,330,332,9,1,4,p_1.30.24_LL3f_mi,17
172,168,134,224,661,319,342,7,1,4,p_1.30.24_LL3f_mi,17
173,171,137,224,662,325,337,1,1,4,p_1.30.24_LL3f_mi,17
174,182,143,230,640,320,320,1,1,4,p_1.30.24_LL3f_mi,17
175,177,139,229,653,323,330,0,1,4,p_1.30.24_LL3f_mi,17
176,164,126,205,715,349,366,0,1,4,p_1.30.24_LL3f_mi,17
177,175,132,226,668,334,334,0,1,4,p_1.30.24_LL3f_mi,17
178,177,138,225,660,328,332,0,1,4,p_1.30.24_LL3f_mi,17
179,174,133,227,655,324,331,0,1,4,p_1.30.24_LL3f_mi,17
180,185,133,231,640,329,311,0,1,4,p_1.30.24_LL3f_mi,17
181,167,131,215,687,326,361,0,1,4,p_1.30.24_LL3f_mi,17
182,173,138,223,662,305,357,0,1,4,p_1.30.24_LL3f_mi,17
183,172,138,229,650,297,353,0,1,4,p_1.30.24_LL3f_mi,17
184,180,129,232,645,315,330,0,1,4,p_1.30.24_LL3f_mi,17
185,174,133,225,656,318,338,0,1,4,p_1.30.24_LL3f_mi,17
186,169,139,229,655,323,332,0,1,4,p_1.30.24_LL3f_mi,17
187,173,136,231,644,319,325,0,1,4,p_1.30.24_LL3f_mi,17
188,172,138,222,671,330,341,0,1,4,p_1.30.24_LL3f_mi,17
189,172,135,228,648,312,336,0,1,4,p_1.30.24_LL3f_mi,17
190,183,136,227,657,327,330,0,1,4,p_1.30.24_LL3f_mi,17
191,174,135,219,682,332,350,0,1,4,p_1.30.24_LL3f_mi,17
192,177,141,225,663,337,326,0,1,4,p_1.30.24_LL3f_mi,17
193,168,132,221,673,324,349,0,1,4,p_1.30.24_LL3f_mi,17
194,180,151,221,669,312,357,0,1,4,p_1.30.24_LL3f_mi,17
195,167,137,222,666,308,358,0,1,4,p_1.30.24_LL3f_mi,17
196,174,135,224,663,312,351,0,1,4,p_1.30.24_LL3f_mi,17
197,175,137,219,677,328,349,0,1,4,p_1.30.24_LL3f_mi,17
198,169,136,222,672,329,343,0,1,4,p_1.30.24_LL3f_mi,17
199,169,133,216,681,325,356,0,1,4,p_1.30.24_LL3f_mi,17
200,165,135,217,686,347,339,0,1,4,p_1.30.24_LL3f_mi,17
201,147,122,192,741,372,369,0,1,4,p_1.30.24_LL3f_mi,17
202,178,141,227,656,331,325,0,1,4,p_1.30.24_LL3f_mi,17
203,173,138,221,673,351,322,0,1,4,p_1.30.24_LL3f_mi,17
204,171,131,227,657,336,321,0,1,4,p_1.30.24_LL3f_mi,17
205,181,144,226,656,327,329,0,1,4,p_1.30.24_LL3f_mi,17
206,173,141,220,673,345,328,0,1,4,p_1.30.24_LL3f_mi,17
207,179,139,229,649,325,324,0,1,4,p_1.30.24_LL3f_mi,17
208,177,140,222,666,336,330,0,1,4,p_1.30.24_LL3f_mi,17
209,173,136,217,685,338,347,0,1,4,p_1.30.24_LL3f_mi,17
210,183,143,226,657,316,341,0,1,4,p_1.30.24_LL3f_mi,17
211,172,145,223,668,321,347,0,1,4,p_1.30.24_LL3f_mi,17
212,177,143,226,664,321,343,0,1,4,p_1.30.24_LL3f_mi,17
213,177,124,226,657,332,325,0,1,4,p_1.30.24_LL3f_mi,17
214,181,136,228,658,352,306,0,1,4,p_1.30.24_LL3f_mi,17
215,174,136,231,639,334,305,0,1,4,p_1.30.24_LL3f_mi,17
216,172,127,222,682,341,341,0,1,4,p_1.30.24_LL3f_mi,17
217,172,131,227,660,319,341,0,1,4,p_1.30.24_LL3f_mi,17
218,176,131,226,652,312,340,0,1,4,p_1.30.24_LL3f_mi,17
219,167,135,221,674,342,332,0,1,4,p_1.30.24_LL3f_mi,17
220,169,128,224,662,346,316,0,1,4,p_1.30.24_LL3f_mi,17
221,180,129,232,639,344,295,0,1,4,p_1.30.24_LL3f_mi,17
222,185,144,230,647,350,297,0,1,4,p_1.30.24_LL3f_mi,17
223,174,135,222,667,340,327,0,1,4,p_1.30.24_LL3f_mi,17
224,165,124,217,686,361,325,0,1,4,p_1.30.24_LL3f_mi,17
225,179,144,224,664,326,338,0,1,4,p_1.30.24_LL3f_mi,17
226,163,133,204,715,330,385,0,1,4,p_1.30.24_LL3f_mi,17
227,171,130,220,672,325,347,0,1,4,p_1.30.24_LL3f_mi,17
228,174,143,230,651,320,331,0,1,4,p_1.30.24_LL3f_mi,17
229,186,143,228,654,318,336,0,1,4,p_1.30.24_LL3f_mi,17
230,171,132,218,683,345,338,0,1,4,p_1.30.24_LL3f_mi,17
231,170,131,217,689,347,342,0,1,4,p_1.30.24_LL3f_mi,17
232,173,135,225,658,339,319,0,1,4,p_1.30.24_LL3f_mi,17
233,179,137,220,676,354,322,0,1,4,p_1.30.24_LL3f_mi,17
234,174,141,222,667,348,319,0,1,4,p_1.30.24_LL3f_mi,17
235,186,145,227,653,336,317,0,1,4,p_1.30.24_LL3f_mi,17
236,162,135,215,690,348,342,0,1,4,p_1.30.24_LL3f_mi,17
237,168,126,219,682,351,331,0,1,4,p_1.30.24_LL3f_mi,17
238,175,130,227,651,324,327,0,1,4,p_1.30.24_LL3f_mi,17
239,183,143,236,629,314,315,0,1,4,p_1.30.24_LL3f_mi,17
240,175,138,227,660,318,342,0,1,4,p_1.30.24_LL3f_mi,17
241,169,140,217,682,333,349,0,1,4,p_1.30.24_LL3f_mi,17
242,162,133,214,689,339,350,0,1,4,p_1.30.24_LL3f_mi,17
243,167,136,218,682,327,355,0,1,4,p_1.30.24_LL3f_mi,17
244,177,135,229,649,323,326,0,1,4,p_1.30.24_LL3f_mi,17
245,177,135,227,649,310,339,0,1,4,p_1.30.24_LL3f_mi,17
246,171,125,233,639,316,323,0,1,4,p_1.30.24_LL3f_mi,17
247,169,132,223,667,331,336,0,1,4,p_1.30.24_LL3f_mi,17
248,177,136,228,650,322,328,0,1,4,p_1.30.24_LL3f_mi,17
249,176,137,228,661,341,320,0,1,4,p_1.30.24_LL3f_mi,17
250,185,138,231,641,332,309,0,1,4,p_1.30.24_LL3f_mi,17
251,157,127,206,717,363,354,0,1,4,p_1.30.24_LL3f_mi,17
252,175,130,226,662,338,324,0,1,4,p_1.30.24_LL3f_mi,17
253,174,136,227,656,313,343,0,1,4,p_1.30.24_LL3f_mi,17
254,182,144,228,656,336,320,0,1,4,p_1.30.24_LL3f_mi,17
255,170,133,222,671,333,338,0,1,4,p_1.30.24_LL3f_mi,17
256,166,136,218,681,346,335,0,1,4,p_1.30.24_LL3f_mi,17
257,179,141,218,679,342,337,0,1,4,p_1.30.24_LL3f_mi,17
258,168,132,216,689,354,335,0,1,4,p_1.30.24_LL3f_mi,17
259,175,143,223,669,344,325,0,1,4,p_1.30.24_LL3f_mi,17
260,177,134,222,677,351,326,0,1,4,p_1.30.24_LL3f_mi,17
261,168,133,228,653,324,329,0,1,4,p_1.30.24_LL3f_mi,17
262,177,138,227,663,330,333,0,1,4,p_1.30.24_LL3f_mi,17
263,177,133,231,637,317,320,0,1,4,p_1.30.24_LL3f_mi,17
264,168,132,222,663,335,328,0,1,4,p_1.30.24_LL3f_mi,17
265,174,130,225,656,340,316,0,1,4,p_1.30.24_LL3f_mi,17
266,168,126,224,667,348,319,0,1,4,p_1.30.24_LL3f_mi,17
267,177,138,228,653,332,321,0,1,4,p_1.30.24_LL3f_mi,17
268,179,142,227,658,319,339,0,1,4,p_1.30.24_LL3f_mi,17
269,176,129,223,666,325,341,0,1,4,p_1.30.24_LL3f_mi,17
270,175,130,228,648,319,329,0,1,4,p_1.30.24_LL3f_mi,17
271,171,130,224,667,334,333,0,1,4,p_1.30.24_LL3f_mi,17
272,167,134,217,677,341,336,0,1,4,p_1.30.24_LL3f_mi,17
273,180,138,230,648,316,332,0,1,4,p_1.30.24_LL3f_mi,17
274,176,130,223,668,339,329,0,1,4,p_1.30.24_LL3f_mi,17
275,178,136,226,661,324,337,0,1,4,p_1.30.24_LL3f_mi,17
276,171,132,212,696,334,362,0,1,4,p_1.30.24_LL3f_mi,17
277,172,134,227,652,317,335,0,1,4,p_1.30.24_LL3f_mi,17
278,166,135,218,683,329,354,0,1,4,p_1.30.24_LL3f_mi,17
279,181,140,224,658,312,346,0,1,4,p_1.30.24_LL3f_mi,17
280,174,142,219,681,319,362,0,1,4,p_1.30.24_LL3f_mi,17
281,173,130,220,674,315,359,0,1,4,p_1.30.24_LL3f_mi,17
282,170,133,215,689,334,355,0,1,4,p_1.30.24_LL3f_mi,17
283,181,139,224,662,329,333,0,1,4,p_1.30.24_LL3f_mi,17
284,168,138,224,665,321,344,0,1,4,p_1.30.24_LL3f_mi,17
285,178,138,229,656,307,349,0,1,4,p_1.30.24_LL3f_mi,17
286,177,138,225,664,304,360,0,1,4,p_1.30.24_LL3f_mi,17
287,177,142,227,657,310,347,0,1,4,p_1.30.24_LL3f_mi,17
288,176,143,220,677,320,357,0,1,4,p_1.30.24_LL3f_mi,17
289,177,137,227,657,323,334,0,1,4,p_1.30.24_LL3f_mi,17
290,179,135,230,646,330,316,0,1,4,p_1.30.24_LL3f_mi,17
291,173,133,226,656,327,329,0,1,4,p_1.30.24_LL3f_mi,17
292,173,134,219,675,346,329,0,1,4,p_1.30.24_LL3f_mi,17
293,178,136,223,669,347,322,0,1,4,p_1.30.24_LL3f_mi,17
294,183,140,232,639,320,319,0,1,4,p_1.30.24_LL3f_mi,17
295,169,128,219,674,318,356,0,1,4,p_1.30.24_LL3f_mi,17
296,174,135,222,673,317,356,0,1,4,p_1.30.24_LL3f_mi,17
297,173,145,222,669,321,348,0,1,4,p_1.30.24_LL3f_mi,17
298,177,141,227,652,318,334,0,1,4,p_1.30.24_LL3f_mi,17
299,169,140,219,680,343,337,0,1,4,p_1.30.24_LL3f_mi,17
300,159,129,216,688,346,342,0,1,4,p_1.30.24_LL3f_mi,17
301,158,125,203,720,380,340,0,1,4,p_1.30.24_LL3f_mi,17
302,189,134,232,638,350,288,0,1,4,p_1.30.24_LL3f_mi,17
303,178,133,228,656,346,310,0,1,4,p_1.30.24_LL3f_mi,17
304,174,142,228,651,328,323,0,1,4,p_1.30.24_LL3f_mi,17
305,182,138,231,642,322,320,0,1,4,p_1.30.24_LL3f_mi,17
306,184,136,232,636,317,319,0,1,4,p_1.30.24_LL3f_mi,17
307,171,135,221,674,328,346,0,1,4,p_1.30.24_LL3f_mi,17
308,173,138,223,670,332,338,0,1,4,p_1.30.24_LL3f_mi,17
309,171,126,218,683,351,332,0,1,4,p_1.30.24_LL3f_mi,17
310,180,132,227,650,361,289,0,1,4,p_1.30.24_LL3f_mi,17
311,172,140,216,685,368,317,0,1,4,p_1.30.24_LL3f_mi,17
312,160,126,213,700,365,335,0,1,4,p_1.30.24_LL3f_mi,17
313,179,140,227,655,333,322,0,1,4,p_1.30.24_LL3f_mi,17
314,183,143,231,639,324,315,0,1,4,p_1.30.24_LL3f_mi,17
315,175,128,229,646,334,312,0,1,4,p_1.30.24_LL3f_mi,17
316,172,132,220,674,353,321,0,1,4,p_1.30.24_LL3f_mi,17
317,172,130,215,687,355,332,0,1,4,p_1.30.24_LL3f_mi,17
318,172,125,220,678,347,331,0,1,4,p_1.30.24_LL3f_mi,17
319,172,136,219,674,363,311,0,1,4,p_1.30.24_LL3f_mi,17
320,170,136,221,672,342,330,0,1,4,p_1.30.24_LL3f_mi,17
321,167,132,221,666,330,336,0,1,4,p_1.30.24_LL3f_mi,17
322,180,132,223,676,335,341,0,1,4,p_1.30.24_LL3f_mi,17
323,174,137,222,673,325,348,0,1,4,p_1.30.24_LL3f_mi,17
324,172,141,221,671,335,336,0,1,4,p_1.30.24_LL3f_mi,17
325,165,133,220,674,345,329,0,1,4,p_1.30.24_LL3f_mi,17
326,162,126,208,701,356,345,0,1,4,p_1.30.24_LL3f_mi,17
327,166,129,220,668,355,313,0,1,4,p_1.30.24_LL3f_mi,17
328,167,132,221,668,344,324,0,1,4,p_1.30.24_LL3f_mi,17
329,169,127,221,668,330,338,0,1,4,p_1.30.24_LL3f_mi,17
330,185,139,239,614,292,322,0,1,4,p_1.30.24_LL3f_mi,17
331,188,144,232,641,325,316,0,1,4,p_1.30.24_LL3f_mi,17
332,178,139,225,662,317,345,0,1,4,p_1.30.24_LL3f_mi,17
333,165,129,221,677,347,330,0,1,4,p_1.30.24_LL3f_mi,17
334,169,134,214,696,337,359,0,1,4,p_1.30.24_LL3f_mi,17
335,163,128,217,681,322,359,0,1,4,p_1.30.24_LL3f_mi,17
336,178,142,226,655,307,348,0,1,4,p_1.30.24_LL3f_mi,17
337,168,132,222,662,327,335,0,1,4,p_1.30.24_LL3f_mi,17
338,176,140,226,655,323,332,0,1,4,p_1.30.24_LL3f_mi,17
339,173,135,224,665,329,336,0,1,4,p_1.30.24_LL3f_mi,17
340,169,133,216,687,324,363,0,1,4,p_1.30.24_LL3f_mi,17
341,180,140,227,661,309,352,0,1,4,p_1.30.24_LL3f_mi,17
342,184,140,228,647,291,356,0,1,4,p_1.30.24_LL3f_mi,17
343,184,152,228,656,303,353,0,1,4,p_1.30.24_LL3f_mi,17
344,175,136,224,663,294,369,0,1,4,p_1.30.24_LL3f_mi,17
345,167,136,221,674,305,369,0,1,4,p_1.30.24_LL3f_mi,17
346,175,134,224,658,302,356,0,1,4,p_1.30.24_LL3f_mi,17
347,166,136,218,682,318,364,0,1,4,p_1.30.24_LL3f_mi,17
348,179,142,224,666,317,349,0,1,4,p_1.30.24_LL3f_mi,17
349,172,137,225,663,307,356,0,1,4,p_1.30.24_LL3f_mi,17
350,175,137,222,668,332,336,0,1,4,p_1.30.24_LL3f_mi,17
1,3,3,4,651,323,328,0,1,5,p_1.30.24_LL3f_mi,17
2,102,89,130,848,433,415,0,1,5,p_1.30.24_LL3f_mi,17
3,130,111,167,784,397,387,0,1,5,p_1.30.24_LL3f_mi,17
4,165,125,209,707,357,350,0,1,5,p_1.30.24_LL3f_mi,17
5,177,138,222,666,329,337,0,1,5,p_1.30.24_LL3f_mi,17
6,180,138,230,639,329,310,0,1,5,p_1.30.24_LL3f_mi,17
7,172,138,225,661,331,330,0,1,5,p_1.30.24_LL3f_mi,17
8,177,145,223,663,318,345,0,1,5,p_1.30.24_LL3f_mi,17
9,182,136,226,661,297,364,0,1,5,p_1.30.24_LL3f_mi,17
10,174,144,225,661,297,364,0,1,5,p_1.30.24_LL3f_mi,17
11,174,136,217,686,321,365,0,1,5,p_1.30.24_LL3f_mi,17
12,176,138,226,659,302,357,0,1,5,p_1.30.24_LL3f_mi,17
13,185,143,230,640,301,339,0,1,5,p_1.30.24_LL3f_mi,17
14,173,137,219,678,326,352,0,1,5,p_1.30.24_LL3f_mi,17
15,177,143,228,650,302,348,0,1,5,p_1.30.24_LL3f_mi,17
16,183,140,225,664,326,338,0,1,5,p_1.30.24_LL3f_mi,17
17,175,133,224,661,344,317,0,1,5,p_1.30.24_LL3f_mi,17
18,166,127,220,675,348,327,0,1,5,p_1.30.24_LL3f_mi,17
19,180,134,229,647,336,311,0,1,5,p_1.30.24_LL3f_mi,17
20,161,130,217,690,357,333,0,1,5,p_1.30.24_LL3f_mi,17
21,169,138,218,681,332,349,0,1,5,p_1.30.24_LL3f_mi,17
22,167,132,217,682,338,344,0,1,5,p_1.30.24_LL3f_mi,17
23,178,141,222,677,322,355,0,1,5,p_1.30.24_LL3f_mi,17
24,167,134,217,688,336,352,0,1,5,p_1.30.24_LL3f_mi,17
25,175,137,222,672,332,340,0,1,5,p_1.30.24_LL3f_mi,17
26,155,129,202,723,377,346,0,1,5,p_1.30.24_LL3f_mi,17
27,190,143,235,628,317,311,0,1,5,p_1.30.24_LL3f_mi,17
28,180,142,225,661,342,319,0,1,5,p_1.30.24_LL3f_mi,17
29,176,147,224,659,337,322,0,1,5,p_1.30.24_LL3f_mi,17
30,167,136,216,684,334,350,0,1,5,p_1.30.24_LL3f_mi,17
31,167,131,218,692,352,340,0,1,5,p_1.30.24_LL3f_mi,17
32,168,127,224,666,341,325,0,1,5,p_1.30.24_LL3f_mi,17
33,168,136,223,669,339,330,0,1,5,p_1.30.24_LL3f_mi,17
34,175,131,226,656,331,325,0,1,5,p_1.30.24_LL3f_mi,17
35,178,144,225,656,324,332,0,1,5,p_1.30.24_LL3f_mi,17
36,179,130,233,632,308,324,0,1,5,p_1.30.24_LL3f_mi,17
37,177,136,223,669,343,326,0,1,5,p_1.30.24_LL3f_mi,17
38,179,145,226,650,334,316,0,1,5,p_1.30.24_LL3f_mi,17
39,182,147,223,665,326,339,0,1,5,p_1.30.24_LL3f_mi,17
40,178,136,226,660,318,342,0,1,5,p_1.30.24_LL3f_mi,17
41,181,144,228,645,318,327,0,1,5,p_1.30.24_LL3f_mi,17
42,176,147,223,672,337,335,0,1,5,p_1.30.24_LL3f_mi,17
43,171,133,218,681,334,347,0,1,5,p_1.30.24_LL3f_mi,17
44,176,143,221,673,338,335,0,1,5,p_1.30.24_LL3f_mi,17
45,179,139,228,655,321,334,0,1,5,p_1.30.24_LL3f_mi,17
46,173,132,226,665,333,332,0,1,5,p_1.30.24_LL3f_mi,17
47,172,138,221,670,319,351,0,1,5,p_1.30.24_LL3f_mi,17
48,170,132,221,664,321,343,0,1,5,p_1.30.24_LL3f_mi,17
49,167,134,228,647,318,329,0,1,5,p_1.30.24_LL3f_mi,17
50,176,138,227,656,320,336,0,1,5,p_1.30.24_LL3f_mi,17
51,160,130,211,702,349,353,0,1,5,p_1.30.24_LL3f_mi,17
52,173,144,222,667,324,343,0,1,5,p_1.30.24_LL3f_mi,17
53,170,139,221,674,306,368,0,1,5,p_1.30.24_LL3f_mi,17
54,171,131,222,671,301,370,0,1,5,p_1.30.24_LL3f_mi,17
55,171,137,223,673,312,361,0,1,5,p_1.30.24_LL3f_mi,17
56,174,136,228,656,323,333,0,1,5,p_1.30.24_LL3f_mi,17
57,181,136,233,642,320,322,0,1,5,p_1.30.24_LL3f_mi,17
58,174,137,228,652,330,322,0,1,5,p_1.30.24_LL3f_mi,17
59,179,131,228,651,326,325,0,1,5,p_1.30.24_LL3f_mi,17
60,172,136,220,672,341,331,0,1,5,p_1.30.24_LL3f_mi,17
61,163,135,210,706,360,346,0,1,5,p_1.30.24_LL3f_mi,17
62,174,133,225,657,335,322,0,1,5,p_1.30.24_LL3f_mi,17
63,175,136,223,665,334,331,0,1,5,p_1.30.24_LL3f_mi,17
64,175,131,223,670,340,330,0,1,5,p_1.30.24_LL3f_mi,17
65,177,139,229,656,325,331,0,1,5,p_1.30.24_LL3f_mi,17
66,179,137,221,675,343,332,0,1,5,p_1.30.24_LL3f_mi,17
67,176,135,225,662,332,330,0,1,5,p_1.30.24_LL3f_mi,17
68,178,133,230,646,328,318,0,1,5,p_1.30.24_LL3f_mi,17
69,169,134,222,672,343,329,0,1,5,p_1.30.24_LL3f_mi,17
70,174,142,216,690,346,344,0,1,5,p_1.30.24_LL3f_mi,17
71,173,134,226,670,321,349,0,1,5,p_1.30.24_LL3f_mi,17
72,181,136,228,658,314,344,0,1,5,p_1.30.24_LL3f_mi,17
73,178,141,223,672,321,351,0,1,5,p_1.30.24_LL3f_mi,17
74,164,132,218,680,325,355,0,1,5,p_1.30.24_LL3f_mi,17
75,178,135,232,642,318,324,0,1,5,p_1.30.24_LL3f_mi,17
76,161,136,205,716,350,366,0,1,5,p_1.30.24_LL3f_mi,17
77,176,140,222,667,326,341,0,1,5,p_1.30.24_LL3f_mi,17
78,173,138,224,670,321,349,0,1,5,p_1.30.24_LL3f_mi,17
79,167,130,216,681,328,353,0,1,5,p_1.30.24_LL3f_mi,17
80,175,130,233,630,310,320,0,1,5,p_1.30.24_LL3f_mi,17
81,170,137,219,679,343,336,0,1,5,p_1.30.24_LL3f_mi,17
82,177,142,222,669,325,344,0,1,5,p_1.30.24_LL3f_mi,17
83,171,132,223,670,317,353,0,1,5,p_1.30.24_LL3f_mi,17
84,177,136,225,664,298,366,0,1,5,p_1.30.24_LL3f_mi,17
85,179,137,227,656,325,331,0,1,5,p_1.30.24_LL3f_mi,17
86,175,137,227,656,333,323,0,1,5,p_1.30.24_LL3f_mi,17
87,169,129,219,685,355,330,0,1,5,p_1.30.24_LL3f_mi,17
88,182,136,223,672,359,313,0,1,5,p_1.30.24_LL3f_mi,17
89,173,134,225,659,345,314,0,1,5,p_1.30.24_LL3f_mi,17
90,179,137,230,640,321,319,0,1,5,p_1.30.24_LL3f_mi,17
91,172,126,217,687,339,348,0,1,5,p_1.30.24_LL3f_mi,17
92,169,137,220,674,331,343,0,1,5,p_1.30.24_LL3f_mi,17
93,170,137,222,679,322,357,0,1,5,p_1.30.24_LL3f_mi,17
94,165,135,219,679,321,358,0,1,5,p_1.30.24_LL3f_mi,17
95,163,134,221,678,323,355,0,1,5,p_1.30.24_LL3f_mi,17
96,172,133,218,680,324,356,0,1,5,p_1.30.24_LL3f_mi,17
97,181,139,232,641,314,327,0,1,5,p_1.30.24_LL3f_mi,17
98,173,139,225,660,332,328,0,1,5,p_1.30.24_LL3f_mi,17
99,172,134,221,675,347,328,0,1,5,p_1.30.24_LL3f_mi,17
100,142,105,185,678,351,327,0,1,5,p_1.30.24_LL3f_mi,17
101,95,82,126,709,373,336,0,1,5,p_1.30.24_LL3f_mi,17
102,113,93,146,600,306,294,0,1,5,p_1.30.24_LL3f_mi,17
103,120,89,152,503,255,248,0,1,5,p_1.30.24_LL3f_mi,17
104,96,79,127,483,232,251,0,1,5,p_1.30.24_LL3f_mi,17
105,81,73,103,455,213,242,0,1,5,p_1.30.24_LL3f_mi,17
106,70,60,89,393,193,200,0,1,5,p_1.30.24_LL3f_mi,17
107,54,48,69,354,173,181,0,1,5,p_1.30.24_LL3f_mi,17
108,50,39,66,288,147,141,0,1,5,p_1.30.24_LL3f_mi,17
109,32,28,41,251,125,126,0,1,5,p_1.30.24_LL3f_mi,17
110,27,22,34,193,98,95,0,1,5,p_1.30.24_LL3f_mi,17
111,30,25,37,155,74,81,0,1,5,p_1.30.24_LL3f_mi,17
112,28,27,36,132,62,70,0,1,5,p_1.30.24_LL3f_mi,17
113,26,21,35,120,65,55,0,1,5,p_1.30.24_LL3f_mi,17
114,28,26,37,121,66,55,0,1,5,p_1.30.24_LL3f_mi,17
115,28,23,37,119,70,49,0,1,5,p_1.30.24_LL3f_mi,17
116,28,21,34,107,62,45,0,1,5,p_1.30.24_LL3f_mi,17
117,28,23,35,112,62,50,0,1,5,p_1.30.24_LL3f_mi,17
118,31,19,37,114,66,48,0,1,5,p_1.30.24_LL3f_mi,17
119,30,18,35,115,71,44,0,1,5,p_1.30.24_LL3f_mi,17
120,27,17,33,102,67,35,0,1,5,p_1.30.24_LL3f_mi,17
121,29,21,36,123,77,46,0,1,5,p_1.30.24_LL3f_mi,17
122,26,20,33,103,62,41,0,1,5,p_1.30.24_LL3f_mi,17
123,26,19,34,105,55,50,0,1,5,p_1.30.24_LL3f_mi,17
124,26,22,32,96,54,42,0,1,5,p_1.30.24_LL3f_mi,17
125,26,17,37,125,73,52,20,1,5,p_1.30.24_LL3f_mi,17
126,30,21,39,137,76,61,14,1,5,p_1.30.24_LL3f_mi,17
127,30,23,38,122,59,63,6,1,5,p_1.30.24_LL3f_mi,17
128,29,24,37,119,58,61,0,1,5,p_1.30.24_LL3f_mi,17
129,26,21,34,119,64,55,0,1,5,p_1.30.24_LL3f_mi,17
130,24,21,33,106,52,54,0,1,5,p_1.30.24_LL3f_mi,17
131,26,24,34,106,54,52,0,1,5,p_1.30.24_LL3f_mi,17
132,28,22,33,103,59,44,0,1,5,p_1.30.24_LL3f_mi,17
133,26,19,34,108,58,50,0,1,5,p_1.30.24_LL3f_mi,17
134,25,23,33,96,50,46,0,1,5,p_1.30.24_LL3f_mi,17
135,25,20,33,99,59,40,0,1,5,p_1.30.24_LL3f_mi,17
136,26,22,33,104,61,43,0,1,5,p_1.30.24_LL3f_mi,17
137,28,19,34,99,53,46,0,1,5,p_1.30.24_LL3f_mi,17
138,25,20,31,92,49,43,0,1,5,p_1.30.24_LL3f_mi,17
139,24,19,31,91,47,44,0,1,5,p_1.30.24_LL3f_mi,17
140,24,20,34,114,61,53,17,1,5,p_1.30.24_LL3f_mi,17
141,27,20,34,109,57,52,6,1,5,p_1.30.24_LL3f_mi,17
142,26,19,34,107,57,50,3,1,5,p_1.30.24_LL3f_mi,17
143,26,22,35,105,53,52,1,1,5,p_1.30.24_LL3f_mi,17
144,24,17,34,105,54,51,1,1,5,p_1.30.24_LL3f_mi,17
145,24,21,33,103,56,47,1,1,5,p_1.30.24_LL3f_mi,17
146,26,19,35,93,47,46,1,1,5,p_1.30.24_LL3f_mi,17
147,28,22,34,104,54,50,0,1,5,p_1.30.24_LL3f_mi,17
148,25,21,34,106,54,52,0,1,5,p_1.30.24_LL3f_mi,17
149,24,19,33,101,53,48,0,1,5,p_1.30.24_LL3f_mi,17
150,25,22,32,103,50,53,0,1,5,p_1.30.24_LL3f_mi,17
151,53,35,79,112,55,57,0,1,5,p_1.30.24_LL3f_mi,17
152,69,50,102,157,74,83,0,1,5,p_1.30.24_LL3f_mi,17
153,95,65,125,219,109,110,0,1,5,p_1.30.24_LL3f_mi,17
154,110,73,146,277,135,142,0,1,5,p_1.30.24_LL3f_mi,17
155,121,93,162,362,170,192,18,1,5,p_1.30.24_LL3f_mi,17
156,136,106,179,395,172,223,7,1,5,p_1.30.24_LL3f_mi,17
157,152,106,194,441,197,244,1,1,5,p_1.30.24_LL3f_mi,17
158,157,119,206,515,243,272,0,1,5,p_1.30.24_LL3f_mi,17
159,175,129,225,550,281,269,0,1,5,p_1.30.24_LL3f_mi,17
160,180,136,239,607,324,283,0,1,5,p_1.30.24_LL3f_mi,17
161,179,137,227,657,348,309,0,1,5,p_1.30.24_LL3f_mi,17
162,172,141,220,679,364,315,0,1,5,p_1.30.24_LL3f_mi,17
163,169,133,230,651,338,313,0,1,5,p_1.30.24_LL3f_mi,17
164,167,130,220,672,346,326,0,1,5,p_1.30.24_LL3f_mi,17
165,180,141,232,642,313,329,0,1,5,p_1.30.24_LL3f_mi,17
166,173,138,222,670,327,343,0,1,5,p_1.30.24_LL3f_mi,17
167,168,135,217,684,322,362,0,1,5,p_1.30.24_LL3f_mi,17
168,156,126,213,695,330,365,0,1,5,p_1.30.24_LL3f_mi,17
169,172,140,223,665,318,347,0,1,5,p_1.30.24_LL3f_mi,17
170,169,133,222,670,330,340,18,1,5,p_1.30.24_LL3f_mi,17
171,180,142,224,664,309,355,9,1,5,p_1.30.24_LL3f_mi,17
172,175,136,228,645,305,340,5,1,5,p_1.30.24_LL3f_mi,17
173,182,138,227,650,321,329,2,1,5,p_1.30.24_LL3f_mi,17
174,169,134,220,672,334,338,0,1,5,p_1.30.24_LL3f_mi,17
175,176,143,218,679,337,342,1,1,5,p_1.30.24_LL3f_mi,17
176,158,129,198,726,376,350,0,1,5,p_1.30.24_LL3f_mi,17
177,178,141,227,655,340,315,0,1,5,p_1.30.24_LL3f_mi,17
178,183,140,224,663,344,319,0,1,5,p_1.30.24_LL3f_mi,17
179,175,145,223,666,336,330,0,1,5,p_1.30.24_LL3f_mi,17
180,178,139,228,654,312,342,0,1,5,p_1.30.24_LL3f_mi,17
181,163,139,215,689,326,363,0,1,5,p_1.30.24_LL3f_mi,17
182,168,136,220,673,315,358,0,1,5,p_1.30.24_LL3f_mi,17
183,177,145,224,664,316,348,0,1,5,p_1.30.24_LL3f_mi,17
184,178,143,225,659,301,358,0,1,5,p_1.30.24_LL3f_mi,17
185,173,141,222,662,326,336,0,1,5,p_1.30.24_LL3f_mi,17
186,170,135,226,662,338,324,0,1,5,p_1.30.24_LL3f_mi,17
187,170,127,222,666,353,313,0,1,5,p_1.30.24_LL3f_mi,17
188,173,133,232,641,331,310,0,1,5,p_1.30.24_LL3f_mi,17
189,171,141,220,675,354,321,0,1,5,p_1.30.24_LL3f_mi,17
190,180,132,231,639,331,308,0,1,5,p_1.30.24_LL3f_mi,17
191,175,128,222,673,358,315,0,1,5,p_1.30.24_LL3f_mi,17
192,178,134,224,663,348,315,0,1,5,p_1.30.24_LL3f_mi,17
193,176,138,225,659,349,310,0,1,5,p_1.30.24_LL3f_mi,17
194,172,132,224,665,341,324,0,1,5,p_1.30.24_LL3f_mi,17
195,169,123,218,682,345,337,0,1,5,p_1.30.24_LL3f_mi,17
196,162,126,212,694,332,362,0,1,5,p_1.30.24_LL3f_mi,17
197,164,129,219,682,327,355,0,1,5,p_1.30.24_LL3f_mi,17
198,170,126,225,658,321,337,0,1,5,p_1.30.24_LL3f_mi,17
199,175,123,220,672,321,351,0,1,5,p_1.30.24_LL3f_mi,17
200,176,138,221,668,314,354,0,1,5,p_1.30.24_LL3f_mi,17
201,168,140,214,701,326,375,0,1,5,p_1.30.24_LL3f_mi,17
202,171,142,221,673,304,369,0,1,5,p_1.30.24_LL3f_mi,17
203,171,146,221,666,309,357,0,1,5,p_1.30.24_LL3f_mi,17
204,173,140,222,673,326,347,0,1,5,p_1.30.24_LL3f_mi,17
205,170,134,220,680,330,350,0,1,5,p_1.30.24_LL3f_mi,17
206,179,140,228,656,325,331,0,1,5,p_1.30.24_LL3f_mi,17
207,174,130,227,657,325,332,0,1,5,p_1.30.24_LL3f_mi,17
208,171,138,221,677,341,336,0,1,5,p_1.30.24_LL3f_mi,17
209,170,131,225,655,319,336,0,1,5,p_1.30.24_LL3f_mi,17
210,173,143,221,672,324,348,0,1,5,p_1.30.24_LL3f_mi,17
211,168,131,223,667,327,340,0,1,5,p_1.30.24_LL3f_mi,17
212,173,134,218,677,341,336,0,1,5,p_1.30.24_LL3f_mi,17
213,179,137,232,642,307,335,0,1,5,p_1.30.24_LL3f_mi,17
214,169,126,222,665,334,331,0,1,5,p_1.30.24_LL3f_mi,17
215,179,127,233,637,314,323,0,1,5,p_1.30.24_LL3f_mi,17
216,171,136,226,656,341,315,0,1,5,p_1.30.24_LL3f_mi,17
217,164,134,212,692,365,327,0,1,5,p_1.30.24_LL3f_mi,17
218,173,140,225,661,351,310,0,1,5,p_1.30.24_LL3f_mi,17
219,180,128,223,663,364,299,0,1,5,p_1.30.24_LL3f_mi,17
220,177,132,223,672,370,302,0,1,5,p_1.30.24_LL3f_mi,17
221,175,140,223,669,350,319,0,1,5,p_1.30.24_LL3f_mi,17
222,164,132,213,701,359,342,0,1,5,p_1.30.24_LL3f_mi,17
223,179,138,227,657,321,336,0,1,5,p_1.30.24_LL3f_mi,17
224,173,146,220,671,340,331,0,1,5,p_1.30.24_LL3f_mi,17
225,164,131,219,678,322,356,0,1,5,p_1.30.24_LL3f_mi,17
226,160,135,201,729,332,397,0,1,5,p_1.30.24_LL3f_mi,17
227,165,129,215,690,320,370,0,1,5,p_1.30.24_LL3f_mi,17
228,171,133,218,682,316,366,0,1,5,p_1.30.24_LL3f_mi,17
229,179,134,234,631,309,322,0,1,5,p_1.30.24_LL3f_mi,17
230,175,131,227,656,328,328,0,1,5,p_1.30.24_LL3f_mi,17
231,168,128,226,652,335,317,0,1,5,p_1.30.24_LL3f_mi,17
232,169,127,222,672,356,316,0,1,5,p_1.30.24_LL3f_mi,17
233,170,135,214,689,364,325,0,1,5,p_1.30.24_LL3f_mi,17
234,178,136,220,676,357,319,0,1,5,p_1.30.24_LL3f_mi,17
235,175,131,225,658,355,303,0,1,5,p_1.30.24_LL3f_mi,17
236,174,130,224,669,367,302,0,1,5,p_1.30.24_LL3f_mi,17
237,182,131,231,642,339,303,0,1,5,p_1.30.24_LL3f_mi,17
238,165,133,220,681,352,329,0,1,5,p_1.30.24_LL3f_mi,17
239,176,134,224,664,334,330,0,1,5,p_1.30.24_LL3f_mi,17
240,176,137,224,666,358,308,0,1,5,p_1.30.24_LL3f_mi,17
241,175,131,225,657,336,321,0,1,5,p_1.30.24_LL3f_mi,17
242,178,133,229,653,332,321,0,1,5,p_1.30.24_LL3f_mi,17
243,163,131,215,690,350,340,0,1,5,p_1.30.24_LL3f_mi,17
244,172,136,219,675,335,340,0,1,5,p_1.30.24_LL3f_mi,17
245,172,136,223,664,334,330,0,1,5,p_1.30.24_LL3f_mi,17
246,176,135,227,658,329,329,0,1,5,p_1.30.24_LL3f_mi,17
247,184,141,227,654,324,330,0,1,5,p_1.30.24_LL3f_mi,17
248,174,137,223,666,344,322,0,1,5,p_1.30.24_LL3f_mi,17
249,176,140,228,656,340,316,0,1,5,p_1.30.24_LL3f_mi,17
250,175,138,222,675,352,323,0,1,5,p_1.30.24_LL3f_mi,17
251,166,130,206,710,379,331,0,1,5,p_1.30.24_LL3f_mi,17
252,178,139,224,665,339,326,0,1,5,p_1.30.24_LL3f_mi,17
253,170,139,222,670,330,340,0,1,5,p_1.30.24_LL3f_mi,17
254,172,136,222,672,328,344,0,1,5,p_1.30.24_LL3f_mi,17
255,179,148,233,640,321,319,0,1,5,p_1.30.24_LL3f_mi,17
256,185,138,230,647,321,326,0,1,5,p_1.30.24_LL3f_mi,17
257,166,124,214,695,355,340,0,1,5,p_1.30.24_LL3f_mi,17
258,178,131,219,682,341,341,0,1,5,p_1.30.24_LL3f_mi,17
259,170,136,225,667,332,335,0,1,5,p_1.30.24_LL3f_mi,17
260,169,142,214,694,358,336,0,1,5,p_1.30.24_LL3f_mi,17
261,166,126,217,689,358,331,0,1,5,p_1.30.24_LL3f_mi,17
262,173,136,222,669,337,332,0,1,5,p_1.30.24_LL3f_mi,17
263,174,137,217,679,322,357,0,1,5,p_1.30.24_LL3f_mi,17
264,172,134,219,676,316,360,0,1,5,p_1.30.24_LL3f_mi,17
265,164,130,221,672,327,345,0,1,5,p_1.30.24_LL3f_mi,17
266,168,128,219,680,341,339,0,1,5,p_1.30.24_LL3f_mi,17
267,174,136,225,661,333,328,0,1,5,p_1.30.24_LL3f_mi,17
268,173,133,225,661,316,345,0,1,5,p_1.30.24_LL3f_mi,17
269,179,137,227,663,331,332,0,1,5,p_1.30.24_LL3f_mi,17
270,167,122,218,685,334,351,0,1,5,p_1.30.24_LL3f_mi,17
271,176,133,230,647,339,308,0,1,5,p_1.30.24_LL3f_mi,17
272,171,138,228,655,344,311,0,1,5,p_1.30.24_LL3f_mi,17
273,172,124,226,655,337,318,0,1,5,p_1.30.24_LL3f_mi,17
274,165,123,213,687,352,335,0,1,5,p_1.30.24_LL3f_mi,17
275,179,139,221,673,329,344,0,1,5,p_1.30.24_LL3f_mi,17
276,165,141,207,706,341,365,0,1,5,p_1.30.24_LL3f_mi,17
277,166,131,216,680,342,338,0,1,5,p_1.30.24_LL3f_mi,17
278,170,138,223,663,323,340,0,1,5,p_1.30.24_LL3f_mi,17
279,179,138,229,648,319,329,0,1,5,p_1.30.24_LL3f_mi,17
280,177,140,228,655,315,340,0,1,5,p_1.30.24_LL3f_mi,17
281,173,135,226,664,316,348,0,1,5,p_1.30.24_LL3f_mi,17
282,183,137,230,638,299,339,0,1,5,p_1.30.24_LL3f_mi,17
283,175,143,222,666,314,352,0,1,5,p_1.30.24_LL3f_mi,17
284,175,144,224,670,334,336,0,1,5,p_1.30.24_LL3f_mi,17
285,174,136,224,662,332,330,0,1,5,p_1.30.24_LL3f_mi,17
286,187,145,234,641,327,314,0,1,5,p_1.30.24_LL3f_mi,17
287,181,136,226,658,325,333,0,1,5,p_1.30.24_LL3f_mi,17
288,174,124,227,661,327,334,0,1,5,p_1.30.24_LL3f_mi,17
289,169,135,223,665,320,345,0,1,5,p_1.30.24_LL3f_mi,17
290,173,139,222,673,323,350,0,1,5,p_1.30.24_LL3f_mi,17
291,168,132,217,685,342,343,0,1,5,p_1.30.24_LL3f_mi,17
292,163,135,216,692,342,350,0,1,5,p_1.30.24_LL3f_mi,17
293,172,140,218,677,343,334,0,1,5,p_1.30.24_LL3f_mi,17
294,178,136,231,645,324,321,0,1,5,p_1.30.24_LL3f_mi,17
295,183,136,233,636,317,319,0,1,5,p_1.30.24_LL3f_mi,17
296,180,136,225,665,323,342,0,1,5,p_1.30.24_LL3f_mi,17
297,175,142,220,675,323,352,0,1,5,p_1.30.24_LL3f_mi,17
298,175,132,224,664,331,333,0,1,5,p_1.30.24_LL3f_mi,17
299,174,138,232,640,310,330,0,1,5,p_1.30.24_LL3f_mi,17
300,181,140,225,654,324,330,0,1,5,p_1.30.24_LL3f_mi,17
301,158,123,214,704,352,352,0,1,5,p_1.30.24_LL3f_mi,17
302,171,134,216,685,333,352,0,1,5,p_1.30.24_LL3f_mi,17
303,183,140,230,640,300,340,0,1,5,p_1.30.24_LL3f_mi,17
304,170,130,228,647,293,354,0,1,5,p_1.30.24_LL3f_mi,17
305,181,139,233,634,299,335,0,1,5,p_1.30.24_LL3f_mi,17
306,172,140,220,672,346,326,0,1,5,p_1.30.24_LL3f_mi,17
307,167,139,217,675,338,337,0,1,5,p_1.30.24_LL3f_mi,17
308,162,131,210,699,345,354,0,1,5,p_1.30.24_LL3f_mi,17
309,180,133,234,635,307,328,0,1,5,p_1.30.24_LL3f_mi,17
310,184,138,233,633,299,334,0,1,5,p_1.30.24_LL3f_mi,17
311,178,145,223,668,320,348,0,1,5,p_1.30.24_LL3f_mi,17
312,174,136,224,668,339,329,0,1,5,p_1.30.24_LL3f_mi,17
313,175,128,224,665,335,330,0,1,5,p_1.30.24_LL3f_mi,17
314,172,134,221,673,336,337,0,1,5,p_1.30.24_LL3f_mi,17
315,172,129,228,647,323,324,0,1,5,p_1.30.24_LL3f_mi,17
316,186,144,235,628,318,310,0,1,5,p_1.30.24_LL3f_mi,17
317,177,136,231,644,311,333,0,1,5,p_1.30.24_LL3f_mi,17
318,172,136,224,665,341,324,0,1,5,p_1.30.24_LL3f_mi,17
319,184,138,229,647,334,313,0,1,5,p_1.30.24_LL3f_mi,17
320,167,133,221,674,337,337,0,1,5,p_1.30.24_LL3f_mi,17
321,162,136,211,694,339,355,0,1,5,p_1.30.24_LL3f_mi,17
322,169,137,216,686,337,349,0,1,5,p_1.30.24_LL3f_mi,17
323,175,144,218,684,332,352,0,1,5,p_1.30.24_LL3f_mi,17
324,166,132,221,672,337,335,0,1,5,p_1.30.24_LL3f_mi,17
325,167,128,221,671,340,331,0,1,5,p_1.30.24_LL3f_mi,17
326,156,126,207,714,355,359,0,1,5,p_1.30.24_LL3f_mi,17
327,174,130,227,651,315,336,0,1,5,p_1.30.24_LL3f_mi,17
328,164,132,218,686,334,352,0,1,5,p_1.30.24_LL3f_mi,17
329,179,133,229,649,320,329,0,1,5,p_1.30.24_LL3f_mi,17
330,182,137,229,650,329,321,0,1,5,p_1.30.24_LL3f_mi,17
331,179,139,228,654,323,331,0,1,5,p_1.30.24_LL3f_mi,17
332,170,132,214,690,345,345,0,1,5,p_1.30.24_LL3f_mi,17
333,177,136,224,659,328,331,0,1,5,p_1.30.24_LL3f_mi,17
334,175,129,225,663,320,343,0,1,5,p_1.30.24_LL3f_mi,17
335,164,124,211,694,329,365,0,1,5,p_1.30.24_LL3f_mi,17
336,170,135,215,687,336,351,0,1,5,p_1.30.24_LL3f_mi,17
337,181,146,230,646,304,342,0,1,5,p_1.30.24_LL3f_mi,17
338,177,139,227,651,316,335,0,1,5,p_1.30.24_LL3f_mi,17
339,179,137,228,646,320,326,0,1,5,p_1.30.24_LL3f_mi,17
340,179,143,223,666,344,322,0,1,5,p_1.30.24_LL3f_mi,17
341,178,147,225,664,337,327,0,1,5,p_1.30.24_LL3f_mi,17
342,168,134,224,663,340,323,0,1,5,p_1.30.24_LL3f_mi,17
343,171,130,219,681,333,348,0,1,5,p_1.30.24_LL3f_mi,17
344,170,138,224,667,350,317,0,1,5,p_1.30.24_LL3f_mi,17
345,176,133,226,659,332,327,0,1,5,p_1.30.24_LL3f_mi,17
346,169,134,222,666,340,326,0,1,5,p_1.30.24_LL3f_mi,17
347,183,134,225,662,330,332,0,1,5,p_1.30.24_LL3f_mi,17
348,173,129,222,672,339,333,0,1,5,p_1.30.24_LL3f_mi,17
349,181,139,228,655,332,323,0,1,5,p_1.30.24_LL3f_mi,17
350,179,137,229,647,324,323,0,1,5,p_1.30.24_LL3f_mi,17
1,8,8,11,659,299,360,0,1,1,p_1.30.24_LL3f_mi,18
2,95,88,127,851,408,443,0,1,1,p_1.30.24_LL3f_mi,18
3,150,124,190,753,373,380,0,1,1,p_1.30.24_LL3f_mi,18
4,148,125,194,740,359,381,0,1,1,p_1.30.24_LL3f_mi,18
5,170,137,220,671,328,343,0,1,1,p_1.30.24_LL3f_mi,18
6,173,135,229,640,315,325,0,1,1,p_1.30.24_LL3f_mi,18
7,176,132,224,666,339,327,0,1,1,p_1.30.24_LL3f_mi,18
8,174,132,227,653,315,338,0,1,1,p_1.30.24_LL3f_mi,18
9,176,136,220,676,347,329,0,1,1,p_1.30.24_LL3f_mi,18
10,179,140,229,648,331,317,0,1,1,p_1.30.24_LL3f_mi,18
11,177,138,231,638,313,325,0,1,1,p_1.30.24_LL3f_mi,18
12,182,136,229,648,327,321,0,1,1,p_1.30.24_LL3f_mi,18
13,174,127,226,662,336,326,0,1,1,p_1.30.24_LL3f_mi,18
14,168,129,214,694,344,350,0,1,1,p_1.30.24_LL3f_mi,18
15,176,136,219,674,319,355,0,1,1,p_1.30.24_LL3f_mi,18
16,182,141,228,649,297,352,0,1,1,p_1.30.24_LL3f_mi,18
17,169,130,222,675,328,347,0,1,1,p_1.30.24_LL3f_mi,18
18,169,132,217,683,330,353,0,1,1,p_1.30.24_LL3f_mi,18
19,175,136,221,668,312,356,0,1,1,p_1.30.24_LL3f_mi,18
20,168,139,220,673,312,361,0,1,1,p_1.30.24_LL3f_mi,18
21,171,130,220,673,330,343,0,1,1,p_1.30.24_LL3f_mi,18
22,175,137,222,669,328,341,0,1,1,p_1.30.24_LL3f_mi,18
23,169,130,222,665,326,339,0,1,1,p_1.30.24_LL3f_mi,18
24,177,138,222,673,335,338,0,1,1,p_1.30.24_LL3f_mi,18
25,166,129,223,671,335,336,0,1,1,p_1.30.24_LL3f_mi,18
26,153,128,200,726,361,365,0,1,1,p_1.30.24_LL3f_mi,18
27,180,139,226,664,321,343,0,1,1,p_1.30.24_LL3f_mi,18
28,179,142,224,666,307,359,0,1,1,p_1.30.24_LL3f_mi,18
29,172,132,223,662,301,361,0,1,1,p_1.30.24_LL3f_mi,18
30,175,148,228,645,288,357,0,1,1,p_1.30.24_LL3f_mi,18
31,178,147,224,663,316,347,0,1,1,p_1.30.24_LL3f_mi,18
32,173,141,219,677,312,365,0,1,1,p_1.30.24_LL3f_mi,18
33,169,140,225,665,303,362,0,1,1,p_1.30.24_LL3f_mi,18
34,173,137,221,671,297,374,0,1,1,p_1.30.24_LL3f_mi,18
35,172,135,223,665,311,354,0,1,1,p_1.30.24_LL3f_mi,18
36,174,130,220,676,330,346,0,1,1,p_1.30.24_LL3f_mi,18
37,173,133,223,666,330,336,0,1,1,p_1.30.24_LL3f_mi,18
38,167,133,210,700,358,342,0,1,1,p_1.30.24_LL3f_mi,18
39,181,137,230,653,329,324,0,1,1,p_1.30.24_LL3f_mi,18
40,176,139,226,659,326,333,0,1,1,p_1.30.24_LL3f_mi,18
41,173,136,224,665,337,328,0,1,1,p_1.30.24_LL3f_mi,18
42,178,140,224,657,343,314,0,1,1,p_1.30.24_LL3f_mi,18
43,172,136,226,658,364,294,0,1,1,p_1.30.24_LL3f_mi,18
44,168,128,222,672,366,306,0,1,1,p_1.30.24_LL3f_mi,18
45,174,131,223,668,361,307,0,1,1,p_1.30.24_LL3f_mi,18
46,165,127,215,686,350,336,0,1,1,p_1.30.24_LL3f_mi,18
47,175,129,223,670,348,322,0,1,1,p_1.30.24_LL3f_mi,18
48,170,132,221,674,332,342,0,1,1,p_1.30.24_LL3f_mi,18
49,169,125,229,650,325,325,0,1,1,p_1.30.24_LL3f_mi,18
50,171,134,225,660,322,338,0,1,1,p_1.30.24_LL3f_mi,18
51,162,137,203,722,326,396,0,1,1,p_1.30.24_LL3f_mi,18
52,182,135,227,659,312,347,0,1,1,p_1.30.24_LL3f_mi,18
53,175,136,218,677,334,343,0,1,1,p_1.30.24_LL3f_mi,18
54,171,136,219,680,331,349,0,1,1,p_1.30.24_LL3f_mi,18
55,173,133,222,669,323,346,0,1,1,p_1.30.24_LL3f_mi,18
56,183,148,230,646,316,330,0,1,1,p_1.30.24_LL3f_mi,18
57,177,132,227,651,314,337,0,1,1,p_1.30.24_LL3f_mi,18
58,175,137,225,664,322,342,0,1,1,p_1.30.24_LL3f_mi,18
59,172,138,224,661,322,339,0,1,1,p_1.30.24_LL3f_mi,18
60,171,137,226,657,314,343,0,1,1,p_1.30.24_LL3f_mi,18
61,174,137,220,675,333,342,0,1,1,p_1.30.24_LL3f_mi,18
62,176,139,229,650,326,324,0,1,1,p_1.30.24_LL3f_mi,18
63,181,142,228,651,325,326,0,1,1,p_1.30.24_LL3f_mi,18
64,170,136,220,677,330,347,0,1,1,p_1.30.24_LL3f_mi,18
65,176,137,221,675,332,343,0,1,1,p_1.30.24_LL3f_mi,18
66,168,139,219,675,323,352,0,1,1,p_1.30.24_LL3f_mi,18
67,178,131,228,654,325,329,0,1,1,p_1.30.24_LL3f_mi,18
68,170,140,222,666,337,329,0,1,1,p_1.30.24_LL3f_mi,18
69,172,134,224,657,334,323,0,1,1,p_1.30.24_LL3f_mi,18
70,168,128,217,685,332,353,0,1,1,p_1.30.24_LL3f_mi,18
71,174,138,225,658,310,348,0,1,1,p_1.30.24_LL3f_mi,18
72,180,140,225,666,328,338,0,1,1,p_1.30.24_LL3f_mi,18
73,173,128,225,661,349,312,0,1,1,p_1.30.24_LL3f_mi,18
74,158,120,212,698,372,326,0,1,1,p_1.30.24_LL3f_mi,18
75,168,131,219,679,366,313,0,1,1,p_1.30.24_LL3f_mi,18
76,163,121,208,706,384,322,0,1,1,p_1.30.24_LL3f_mi,18
77,181,137,236,622,327,295,0,1,1,p_1.30.24_LL3f_mi,18
78,172,140,222,666,352,314,0,1,1,p_1.30.24_LL3f_mi,18
79,175,134,218,682,347,335,0,1,1,p_1.30.24_LL3f_mi,18
80,179,137,227,659,312,347,0,1,1,p_1.30.24_LL3f_mi,18
81,179,142,227,656,319,337,0,1,1,p_1.30.24_LL3f_mi,18
82,174,142,224,657,330,327,0,1,1,p_1.30.24_LL3f_mi,18
83,169,132,226,662,336,326,0,1,1,p_1.30.24_LL3f_mi,18
84,170,136,219,678,336,342,0,1,1,p_1.30.24_LL3f_mi,18
85,167,137,213,700,339,361,0,1,1,p_1.30.24_LL3f_mi,18
86,172,135,222,667,318,349,0,1,1,p_1.30.24_LL3f_mi,18
87,174,133,226,659,329,330,0,1,1,p_1.30.24_LL3f_mi,18
88,187,141,235,634,306,328,0,1,1,p_1.30.24_LL3f_mi,18
89,176,136,225,653,304,349,0,1,1,p_1.30.24_LL3f_mi,18
90,169,145,220,681,334,347,0,1,1,p_1.30.24_LL3f_mi,18
91,168,133,220,673,334,339,0,1,1,p_1.30.24_LL3f_mi,18
92,169,122,225,661,333,328,0,1,1,p_1.30.24_LL3f_mi,18
93,180,145,227,660,330,330,0,1,1,p_1.30.24_LL3f_mi,18
94,178,141,221,673,338,335,0,1,1,p_1.30.24_LL3f_mi,18
95,170,132,223,664,334,330,0,1,1,p_1.30.24_LL3f_mi,18
96,177,132,224,662,328,334,0,1,1,p_1.30.24_LL3f_mi,18
97,183,141,226,656,325,331,0,1,1,p_1.30.24_LL3f_mi,18
98,174,134,223,669,316,353,0,1,1,p_1.30.24_LL3f_mi,18
99,181,143,225,662,322,340,0,1,1,p_1.30.24_LL3f_mi,18
100,152,124,193,655,340,315,0,1,1,p_1.30.24_LL3f_mi,18
101,110,90,142,680,357,323,0,1,1,p_1.30.24_LL3f_mi,18
102,121,97,158,578,302,276,0,1,1,p_1.30.24_LL3f_mi,18
103,111,96,148,518,276,242,0,1,1,p_1.30.24_LL3f_mi,18
104,94,74,125,477,238,239,0,1,1,p_1.30.24_LL3f_mi,18
105,91,77,112,432,213,219,0,1,1,p_1.30.24_LL3f_mi,18
106,74,62,95,388,188,200,0,1,1,p_1.30.24_LL3f_mi,18
107,57,50,76,348,158,190,0,1,1,p_1.30.24_LL3f_mi,18
108,39,36,55,305,150,155,0,1,1,p_1.30.24_LL3f_mi,18
109,39,36,47,241,118,123,0,1,1,p_1.30.24_LL3f_mi,18
110,25,23,31,207,99,108,0,1,1,p_1.30.24_LL3f_mi,18
111,28,22,36,171,75,96,0,1,1,p_1.30.24_LL3f_mi,18
112,29,25,38,144,68,76,0,1,1,p_1.30.24_LL3f_mi,18
113,29,22,36,136,74,62,0,1,1,p_1.30.24_LL3f_mi,18
114,29,23,35,116,52,64,0,1,1,p_1.30.24_LL3f_mi,18
115,29,24,37,120,57,63,0,1,1,p_1.30.24_LL3f_mi,18
116,26,22,34,108,52,56,0,1,1,p_1.30.24_LL3f_mi,18
117,26,20,36,108,50,58,0,1,1,p_1.30.24_LL3f_mi,18
118,24,19,32,108,48,60,0,1,1,p_1.30.24_LL3f_mi,18
119,27,20,33,103,55,48,0,1,1,p_1.30.24_LL3f_mi,18
120,29,21,36,109,57,52,0,1,1,p_1.30.24_LL3f_mi,18
121,24,23,33,98,45,53,0,1,1,p_1.30.24_LL3f_mi,18
122,26,18,33,99,48,51,0,1,1,p_1.30.24_LL3f_mi,18
123,25,20,33,97,47,50,0,1,1,p_1.30.24_LL3f_mi,18
124,28,20,35,106,57,49,0,1,1,p_1.30.24_LL3f_mi,18
125,28,22,37,127,65,62,21,1,1,p_1.30.24_LL3f_mi,18
126,24,18,33,112,60,52,5,1,1,p_1.30.24_LL3f_mi,18
127,27,20,35,102,44,58,3,1,1,p_1.30.24_LL3f_mi,18
128,28,21,35,108,49,59,2,1,1,p_1.30.24_LL3f_mi,18
129,29,20,36,112,54,58,0,1,1,p_1.30.24_LL3f_mi,18
130,28,22,36,108,47,61,0,1,1,p_1.30.24_LL3f_mi,18
131,27,22,35,108,44,64,0,1,1,p_1.30.24_LL3f_mi,18
132,29,24,37,119,47,72,0,1,1,p_1.30.24_LL3f_mi,18
133,25,23,34,113,51,62,0,1,1,p_1.30.24_LL3f_mi,18
134,26,21,34,107,53,54,0,1,1,p_1.30.24_LL3f_mi,18
135,27,23,34,102,54,48,0,1,1,p_1.30.24_LL3f_mi,18
136,27,21,33,94,44,50,0,1,1,p_1.30.24_LL3f_mi,18
137,26,21,34,106,54,52,0,1,1,p_1.30.24_LL3f_mi,18
138,30,21,34,100,53,47,0,1,1,p_1.30.24_LL3f_mi,18
139,28,20,34,100,50,50,0,1,1,p_1.30.24_LL3f_mi,18
140,29,24,35,121,63,58,17,1,1,p_1.30.24_LL3f_mi,18
141,25,19,36,121,64,57,14,1,1,p_1.30.24_LL3f_mi,18
142,26,23,36,122,62,60,5,1,1,p_1.30.24_LL3f_mi,18
143,27,18,36,119,61,58,4,1,1,p_1.30.24_LL3f_mi,18
144,25,20,33,102,50,52,0,1,1,p_1.30.24_LL3f_mi,18
145,23,16,33,101,50,51,1,1,1,p_1.30.24_LL3f_mi,18
146,22,20,34,103,49,54,0,1,1,p_1.30.24_LL3f_mi,18
147,24,20,33,99,47,52,0,1,1,p_1.30.24_LL3f_mi,18
148,25,17,32,96,48,48,0,1,1,p_1.30.24_LL3f_mi,18
149,25,20,33,106,50,56,0,1,1,p_1.30.24_LL3f_mi,18
150,26,21,35,101,47,54,0,1,1,p_1.30.24_LL3f_mi,18
151,50,33,74,102,51,51,0,1,1,p_1.30.24_LL3f_mi,18
152,63,39,92,135,68,67,0,1,1,p_1.30.24_LL3f_mi,18
153,89,56,119,187,100,87,0,1,1,p_1.30.24_LL3f_mi,18
154,103,71,142,255,136,119,0,1,1,p_1.30.24_LL3f_mi,18
155,131,92,162,329,170,159,18,1,1,p_1.30.24_LL3f_mi,18
156,140,101,181,378,194,184,11,1,1,p_1.30.24_LL3f_mi,18
157,154,101,197,432,222,210,5,1,1,p_1.30.24_LL3f_mi,18
158,164,125,210,500,250,250,5,1,1,p_1.30.24_LL3f_mi,18
159,171,124,225,553,274,279,2,1,1,p_1.30.24_LL3f_mi,18
160,186,141,239,594,286,308,0,1,1,p_1.30.24_LL3f_mi,18
161,174,141,227,656,302,354,0,1,1,p_1.30.24_LL3f_mi,18
162,182,133,223,671,309,362,0,1,1,p_1.30.24_LL3f_mi,18
163,179,139,227,657,312,345,0,1,1,p_1.30.24_LL3f_mi,18
164,181,143,234,631,310,321,0,1,1,p_1.30.24_LL3f_mi,18
165,175,133,226,659,335,324,0,1,1,p_1.30.24_LL3f_mi,18
166,180,130,227,649,341,308,0,1,1,p_1.30.24_LL3f_mi,18
167,169,138,224,668,348,320,0,1,1,p_1.30.24_LL3f_mi,18
168,171,136,222,671,344,327,0,1,1,p_1.30.24_LL3f_mi,18
169,182,142,227,652,320,332,0,1,1,p_1.30.24_LL3f_mi,18
170,173,129,220,674,348,326,17,1,1,p_1.30.24_LL3f_mi,18
171,170,130,216,695,361,334,11,1,1,p_1.30.24_LL3f_mi,18
172,174,134,219,678,332,346,7,1,1,p_1.30.24_LL3f_mi,18
173,168,135,216,687,348,339,3,1,1,p_1.30.24_LL3f_mi,18
174,175,142,227,663,336,327,1,1,1,p_1.30.24_LL3f_mi,18
175,183,139,231,640,329,311,0,1,1,p_1.30.24_LL3f_mi,18
176,162,127,214,695,360,335,0,1,1,p_1.30.24_LL3f_mi,18
177,179,136,219,676,326,350,0,1,1,p_1.30.24_LL3f_mi,18
178,173,135,219,676,329,347,0,1,1,p_1.30.24_LL3f_mi,18
179,171,131,216,689,331,358,0,1,1,p_1.30.24_LL3f_mi,18
180,173,136,224,666,316,350,0,1,1,p_1.30.24_LL3f_mi,18
181,180,135,227,649,323,326,0,1,1,p_1.30.24_LL3f_mi,18
182,175,145,218,682,344,338,0,1,1,p_1.30.24_LL3f_mi,18
183,176,132,223,663,341,322,0,1,1,p_1.30.24_LL3f_mi,18
184,175,130,228,655,346,309,0,1,1,p_1.30.24_LL3f_mi,18
185,168,127,216,686,365,321,0,1,1,p_1.30.24_LL3f_mi,18
186,168,131,226,655,350,305,0,1,1,p_1.30.24_LL3f_mi,18
187,182,132,228,653,349,304,0,1,1,p_1.30.24_LL3f_mi,18
188,173,139,222,669,355,314,0,1,1,p_1.30.24_LL3f_mi,18
189,170,135,214,689,358,331,0,1,1,p_1.30.24_LL3f_mi,18
190,174,133,225,659,345,314,0,1,1,p_1.30.24_LL3f_mi,18
191,170,129,225,660,342,318,0,1,1,p_1.30.24_LL3f_mi,18
192,169,131,219,675,351,324,0,1,1,p_1.30.24_LL3f_mi,18
193,172,141,223,669,335,334,0,1,1,p_1.30.24_LL3f_mi,18
194,179,143,230,649,327,322,0,1,1,p_1.30.24_LL3f_mi,18
195,177,138,228,650,331,319,0,1,1,p_1.30.24_LL3f_mi,18
196,174,127,222,665,361,304,0,1,1,p_1.30.24_LL3f_mi,18
197,182,123,231,646,346,300,0,1,1,p_1.30.24_LL3f_mi,18
198,180,137,228,650,333,317,0,1,1,p_1.30.24_LL3f_mi,18
199,175,140,226,659,329,330,0,1,1,p_1.30.24_LL3f_mi,18
200,175,139,223,675,332,343,0,1,1,p_1.30.24_LL3f_mi,18
201,163,136,213,701,339,362,0,1,1,p_1.30.24_LL3f_mi,18
202,169,129,223,663,322,341,0,1,1,p_1.30.24_LL3f_mi,18
203,177,144,232,645,319,326,0,1,1,p_1.30.24_LL3f_mi,18
204,176,137,229,653,338,315,0,1,1,p_1.30.24_LL3f_mi,18
205,180,142,234,628,318,310,0,1,1,p_1.30.24_LL3f_mi,18
206,179,138,229,655,331,324,0,1,1,p_1.30.24_LL3f_mi,18
207,174,123,226,654,344,310,0,1,1,p_1.30.24_LL3f_mi,18
208,175,130,228,655,335,320,0,1,1,p_1.30.24_LL3f_mi,18
209,176,134,225,662,336,326,0,1,1,p_1.30.24_LL3f_mi,18
210,174,129,222,669,341,328,0,1,1,p_1.30.24_LL3f_mi,18
211,177,133,230,642,333,309,0,1,1,p_1.30.24_LL3f_mi,18
212,178,138,226,659,328,331,0,1,1,p_1.30.24_LL3f_mi,18
213,169,133,218,685,344,341,0,1,1,p_1.30.24_LL3f_mi,18
214,170,132,224,664,338,326,0,1,1,p_1.30.24_LL3f_mi,18
215,179,139,223,664,334,330,0,1,1,p_1.30.24_LL3f_mi,18
216,180,138,225,660,338,322,0,1,1,p_1.30.24_LL3f_mi,18
217,180,136,228,647,336,311,0,1,1,p_1.30.24_LL3f_mi,18
218,182,138,230,650,332,318,0,1,1,p_1.30.24_LL3f_mi,18
219,180,143,229,658,314,344,0,1,1,p_1.30.24_LL3f_mi,18
220,177,136,228,664,330,334,0,1,1,p_1.30.24_LL3f_mi,18
221,177,142,221,669,329,340,0,1,1,p_1.30.24_LL3f_mi,18
222,178,137,226,652,336,316,0,1,1,p_1.30.24_LL3f_mi,18
223,168,134,223,666,358,308,0,1,1,p_1.30.24_LL3f_mi,18
224,173,128,224,663,340,323,0,1,1,p_1.30.24_LL3f_mi,18
225,177,132,223,671,338,333,0,1,1,p_1.30.24_LL3f_mi,18
226,151,118,203,717,351,366,0,1,1,p_1.30.24_LL3f_mi,18
227,169,133,217,683,356,327,0,1,1,p_1.30.24_LL3f_mi,18
228,189,149,232,639,322,317,0,1,1,p_1.30.24_LL3f_mi,18
229,175,133,222,666,317,349,0,1,1,p_1.30.24_LL3f_mi,18
230,188,138,229,651,328,323,0,1,1,p_1.30.24_LL3f_mi,18
231,173,127,226,664,332,332,0,1,1,p_1.30.24_LL3f_mi,18
232,167,131,222,675,353,322,0,1,1,p_1.30.24_LL3f_mi,18
233,175,131,224,659,346,313,0,1,1,p_1.30.24_LL3f_mi,18
234,168,126,215,692,339,353,0,1,1,p_1.30.24_LL3f_mi,18
235,176,132,222,667,339,328,0,1,1,p_1.30.24_LL3f_mi,18
236,178,135,226,660,330,330,0,1,1,p_1.30.24_LL3f_mi,18
237,177,135,228,654,330,324,0,1,1,p_1.30.24_LL3f_mi,18
238,181,145,234,637,317,320,0,1,1,p_1.30.24_LL3f_mi,18
239,171,129,218,679,324,355,0,1,1,p_1.30.24_LL3f_mi,18
240,181,147,230,654,310,344,0,1,1,p_1.30.24_LL3f_mi,18
241,173,138,222,673,319,354,0,1,1,p_1.30.24_LL3f_mi,18
242,174,136,224,668,300,368,0,1,1,p_1.30.24_LL3f_mi,18
243,173,136,222,669,303,366,0,1,1,p_1.30.24_LL3f_mi,18
244,173,139,222,674,317,357,0,1,1,p_1.30.24_LL3f_mi,18
245,172,139,223,662,317,345,0,1,1,p_1.30.24_LL3f_mi,18
246,177,140,220,680,338,342,0,1,1,p_1.30.24_LL3f_mi,18
247,182,134,232,639,341,298,0,1,1,p_1.30.24_LL3f_mi,18
248,174,133,227,657,352,305,0,1,1,p_1.30.24_LL3f_mi,18
249,175,136,219,678,354,324,0,1,1,p_1.30.24_LL3f_mi,18
250,178,142,225,663,350,313,0,1,1,p_1.30.24_LL3f_mi,18
251,154,126,203,719,372,347,0,1,1,p_1.30.24_LL3f_mi,18
252,173,137,220,676,349,327,0,1,1,p_1.30.24_LL3f_mi,18
253,177,130,226,652,332,320,0,1,1,p_1.30.24_LL3f_mi,18
254,179,139,232,643,328,315,0,1,1,p_1.30.24_LL3f_mi,18
255,172,128,222,668,337,331,0,1,1,p_1.30.24_LL3f_mi,18
256,176,140,222,669,326,343,0,1,1,p_1.30.24_LL3f_mi,18
257,173,139,219,676,313,363,0,1,1,p_1.30.24_LL3f_mi,18
258,180,144,231,645,289,356,0,1,1,p_1.30.24_LL3f_mi,18
259,181,140,229,646,305,341,0,1,1,p_1.30.24_LL3f_mi,18
260,174,136,221,677,329,348,0,1,1,p_1.30.24_LL3f_mi,18
261,178,140,220,678,335,343,0,1,1,p_1.30.24_LL3f_mi,18
262,178,142,226,661,343,318,0,1,1,p_1.30.24_LL3f_mi,18
263,169,129,222,662,346,316,0,1,1,p_1.30.24_LL3f_mi,18
264,172,129,219,677,350,327,0,1,1,p_1.30.24_LL3f_mi,18
265,177,139,230,657,324,333,0,1,1,p_1.30.24_LL3f_mi,18
266,178,135,228,657,322,335,0,1,1,p_1.30.24_LL3f_mi,18
267,176,139,229,650,320,330,0,1,1,p_1.30.24_LL3f_mi,18
268,176,141,224,660,316,344,0,1,1,p_1.30.24_LL3f_mi,18
269,177,145,227,660,338,322,0,1,1,p_1.30.24_LL3f_mi,18
270,173,131,226,660,333,327,0,1,1,p_1.30.24_LL3f_mi,18
271,169,126,223,668,344,324,0,1,1,p_1.30.24_LL3f_mi,18
272,169,127,218,685,341,344,0,1,1,p_1.30.24_LL3f_mi,18
273,165,129,227,650,333,317,0,1,1,p_1.30.24_LL3f_mi,18
274,173,127,221,667,331,336,0,1,1,p_1.30.24_LL3f_mi,18
275,161,129,214,695,338,357,0,1,1,p_1.30.24_LL3f_mi,18
276,169,135,214,701,352,349,0,1,1,p_1.30.24_LL3f_mi,18
277,180,140,227,648,328,320,0,1,1,p_1.30.24_LL3f_mi,18
278,171,144,222,672,340,332,0,1,1,p_1.30.24_LL3f_mi,18
279,168,135,216,688,335,353,0,1,1,p_1.30.24_LL3f_mi,18
280,171,144,213,696,349,347,0,1,1,p_1.30.24_LL3f_mi,18
281,176,137,224,666,339,327,0,1,1,p_1.30.24_LL3f_mi,18
282,176,136,227,653,336,317,0,1,1,p_1.30.24_LL3f_mi,18
283,169,131,219,679,365,314,0,1,1,p_1.30.24_LL3f_mi,18
284,171,130,221,679,370,309,0,1,1,p_1.30.24_LL3f_mi,18
285,174,138,226,656,353,303,0,1,1,p_1.30.24_LL3f_mi,18
286,170,130,222,671,342,329,0,1,1,p_1.30.24_LL3f_mi,18
287,169,123,220,674,338,336,0,1,1,p_1.30.24_LL3f_mi,18
288,169,133,215,683,331,352,0,1,1,p_1.30.24_LL3f_mi,18
289,167,130,218,683,326,357,0,1,1,p_1.30.24_LL3f_mi,18
290,178,151,226,659,308,351,0,1,1,p_1.30.24_LL3f_mi,18
291,179,135,228,647,306,341,0,1,1,p_1.30.24_LL3f_mi,18
292,184,140,228,648,313,335,0,1,1,p_1.30.24_LL3f_mi,18
293,173,138,223,669,331,338,0,1,1,p_1.30.24_LL3f_mi,18
294,168,135,216,689,343,346,0,1,1,p_1.30.24_LL3f_mi,18
295,183,137,232,636,307,329,0,1,1,p_1.30.24_LL3f_mi,18
296,170,136,221,672,325,347,0,1,1,p_1.30.24_LL3f_mi,18
297,162,135,212,698,355,343,0,1,1,p_1.30.24_LL3f_mi,18
298,177,142,222,670,328,342,0,1,1,p_1.30.24_LL3f_mi,18
299,176,142,225,658,304,354,0,1,1,p_1.30.24_LL3f_mi,18
300,174,132,225,660,317,343,0,1,1,p_1.30.24_LL3f_mi,18
301,163,125,213,701,343,358,0,1,1,p_1.30.24_LL3f_mi,18
302,173,126,217,684,342,342,0,1,1,p_1.30.24_LL3f_mi,18
303,168,134,219,674,338,336,0,1,1,p_1.30.24_LL3f_mi,18
304,177,139,221,678,346,332,0,1,1,p_1.30.24_LL3f_mi,18
305,179,140,228,649,329,320,0,1,1,p_1.30.24_LL3f_mi,18
306,174,139,228,649,327,322,0,1,1,p_1.30.24_LL3f_mi,18
307,168,124,221,666,344,322,0,1,1,p_1.30.24_LL3f_mi,18
308,184,142,229,650,322,328,0,1,1,p_1.30.24_LL3f_mi,18
309,163,133,214,689,334,355,0,1,1,p_1.30.24_LL3f_mi,18
310,171,138,218,680,348,332,0,1,1,p_1.30.24_LL3f_mi,18
311,171,139,222,672,344,328,0,1,1,p_1.30.24_LL3f_mi,18
312,170,142,210,698,342,356,0,1,1,p_1.30.24_LL3f_mi,18
313,179,137,226,659,322,337,0,1,1,p_1.30.24_LL3f_mi,18
314,168,132,222,667,329,338,0,1,1,p_1.30.24_LL3f_mi,18
315,177,137,223,666,334,332,0,1,1,p_1.30.24_LL3f_mi,18
316,170,128,220,675,362,313,0,1,1,p_1.30.24_LL3f_mi,18
317,183,135,229,646,325,321,0,1,1,p_1.30.24_LL3f_mi,18
318,177,146,232,636,310,326,0,1,1,p_1.30.24_LL3f_mi,18
319,167,124,226,660,315,345,0,1,1,p_1.30.24_LL3f_mi,18
320,183,147,227,657,313,344,0,1,1,p_1.30.24_LL3f_mi,18
321,169,137,226,662,325,337,0,1,1,p_1.30.24_LL3f_mi,18
322,177,133,228,648,311,337,0,1,1,p_1.30.24_LL3f_mi,18
323,184,144,232,640,328,312,0,1,1,p_1.30.24_LL3f_mi,18
324,170,128,220,669,343,326,0,1,1,p_1.30.24_LL3f_mi,18
325,180,130,226,665,340,325,0,1,1,p_1.30.24_LL3f_mi,18
326,152,130,195,738,368,370,0,1,1,p_1.30.24_LL3f_mi,18
327,176,124,226,659,351,308,0,1,1,p_1.30.24_LL3f_mi,18
328,176,134,223,671,346,325,0,1,1,p_1.30.24_LL3f_mi,18
329,173,134,226,660,341,319,0,1,1,p_1.30.24_LL3f_mi,18
330,174,134,229,658,355,303,0,1,1,p_1.30.24_LL3f_mi,18
331,161,125,215,682,360,322,0,1,1,p_1.30.24_LL3f_mi,18
332,166,129,217,685,360,325,0,1,1,p_1.30.24_LL3f_mi,18
333,159,125,210,698,379,319,0,1,1,p_1.30.24_LL3f_mi,18
334,177,138,229,646,351,295,0,1,1,p_1.30.24_LL3f_mi,18
335,176,131,219,677,357,320,0,1,1,p_1.30.24_LL3f_mi,18
336,172,135,218,681,348,333,0,1,1,p_1.30.24_LL3f_mi,18
337,165,135,219,680,349,331,0,1,1,p_1.30.24_LL3f_mi,18
338,179,136,230,651,338,313,0,1,1,p_1.30.24_LL3f_mi,18
339,171,129,215,689,357,332,0,1,1,p_1.30.24_LL3f_mi,18
340,172,134,222,664,343,321,0,1,1,p_1.30.24_LL3f_mi,18
341,165,128,216,682,362,320,0,1,1,p_1.30.24_LL3f_mi,18
342,176,143,228,657,342,315,0,1,1,p_1.30.24_LL3f_mi,18
343,171,137,222,664,344,320,0,1,1,p_1.30.24_LL3f_mi,18
344,171,137,221,677,353,324,0,1,1,p_1.30.24_LL3f_mi,18
345,175,137,223,664,346,318,0,1,1,p_1.30.24_LL3f_mi,18
346,170,135,228,651,332,319,0,1,1,p_1.30.24_LL3f_mi,18
347,179,133,226,662,340,322,0,1,1,p_1.30.24_LL3f_mi,18
348,177,132,227,654,333,321,0,1,1,p_1.30.24_LL3f_mi,18
349,179,136,225,668,338,330,0,1,1,p_1.30.24_LL3f_mi,18
350,175,138,225,663,332,331,0,1,1,p_1.30.24_LL3f_mi,18
1,10,9,14,607,294,313,0,1,2,p_1.30.24_LL3f_mi,18
2,95,85,123,858,434,424,0,1,2,p_1.30.24_LL3f_mi,18
3,128,109,161,800,408,392,0,1,2,p_1.30.24_LL3f_mi,18
4,161,129,203,718,367,351,0,1,2,p_1.30.24_LL3f_mi,18
5,173,140,222,667,317,350,0,1,2,p_1.30.24_LL3f_mi,18
6,179,133,230,642,305,337,0,1,2,p_1.30.24_LL3f_mi,18
7,174,140,228,649,299,350,0,1,2,p_1.30.24_LL3f_mi,18
8,178,136,226,665,302,363,0,1,2,p_1.30.24_LL3f_mi,18
9,172,145,225,668,326,342,0,1,2,p_1.30.24_LL3f_mi,18
10,176,131,222,667,328,339,0,1,2,p_1.30.24_LL3f_mi,18
11,171,132,219,687,338,349,0,1,2,p_1.30.24_LL3f_mi,18
12,176,138,223,670,328,342,0,1,2,p_1.30.24_LL3f_mi,18
13,175,136,227,658,327,331,0,1,2,p_1.30.24_LL3f_mi,18
14,178,129,227,657,325,332,0,1,2,p_1.30.24_LL3f_mi,18
15,177,134,224,659,333,326,0,1,2,p_1.30.24_LL3f_mi,18
16,178,138,228,652,303,349,0,1,2,p_1.30.24_LL3f_mi,18
17,168,137,223,674,311,363,0,1,2,p_1.30.24_LL3f_mi,18
18,177,137,226,663,301,362,0,1,2,p_1.30.24_LL3f_mi,18
19,172,138,221,670,313,357,0,1,2,p_1.30.24_LL3f_mi,18
20,173,136,222,670,327,343,0,1,2,p_1.30.24_LL3f_mi,18
21,176,140,227,656,330,326,0,1,2,p_1.30.24_LL3f_mi,18
22,167,135,215,692,339,353,0,1,2,p_1.30.24_LL3f_mi,18
23,182,145,227,657,309,348,0,1,2,p_1.30.24_LL3f_mi,18
24,170,129,222,667,318,349,0,1,2,p_1.30.24_LL3f_mi,18
25,184,145,226,656,317,339,0,1,2,p_1.30.24_LL3f_mi,18
26,162,132,212,700,350,350,0,1,2,p_1.30.24_LL3f_mi,18
27,175,136,223,665,319,346,0,1,2,p_1.30.24_LL3f_mi,18
28,177,142,224,659,325,334,0,1,2,p_1.30.24_LL3f_mi,18
29,173,135,216,685,336,349,0,1,2,p_1.30.24_LL3f_mi,18
30,160,130,214,691,343,348,0,1,2,p_1.30.24_LL3f_mi,18
31,173,138,225,665,322,343,0,1,2,p_1.30.24_LL3f_mi,18
32,171,137,220,682,346,336,0,1,2,p_1.30.24_LL3f_mi,18
33,173,136,218,683,347,336,0,1,2,p_1.30.24_LL3f_mi,18
34,175,128,217,686,334,352,0,1,2,p_1.30.24_LL3f_mi,18
35,177,133,228,645,311,334,0,1,2,p_1.30.24_LL3f_mi,18
36,167,133,221,671,310,361,0,1,2,p_1.30.24_LL3f_mi,18
37,176,136,222,662,296,366,0,1,2,p_1.30.24_LL3f_mi,18
38,190,145,234,639,306,333,0,1,2,p_1.30.24_LL3f_mi,18
39,166,130,215,690,340,350,0,1,2,p_1.30.24_LL3f_mi,18
40,161,132,213,685,362,323,0,1,2,p_1.30.24_LL3f_mi,18
41,177,136,224,671,353,318,0,1,2,p_1.30.24_LL3f_mi,18
42,174,130,220,673,345,328,0,1,2,p_1.30.24_LL3f_mi,18
43,167,140,217,686,357,329,0,1,2,p_1.30.24_LL3f_mi,18
44,159,123,214,692,356,336,0,1,2,p_1.30.24_LL3f_mi,18
45,169,140,211,699,345,354,0,1,2,p_1.30.24_LL3f_mi,18
46,169,138,222,670,312,358,0,1,2,p_1.30.24_LL3f_mi,18
47,179,137,231,639,300,339,0,1,2,p_1.30.24_LL3f_mi,18
48,175,137,227,659,311,348,0,1,2,p_1.30.24_LL3f_mi,18
49,175,141,222,671,318,353,0,1,2,p_1.30.24_LL3f_mi,18
50,177,140,217,686,333,353,0,1,2,p_1.30.24_LL3f_mi,18
51,163,132,209,702,339,363,0,1,2,p_1.30.24_LL3f_mi,18
52,167,133,222,664,314,350,0,1,2,p_1.30.24_LL3f_mi,18
53,176,136,229,643,310,333,0,1,2,p_1.30.24_LL3f_mi,18
54,173,140,224,671,317,354,0,1,2,p_1.30.24_LL3f_mi,18
55,168,139,220,679,334,345,0,1,2,p_1.30.24_LL3f_mi,18
56,176,130,221,674,341,333,0,1,2,p_1.30.24_LL3f_mi,18
57,171,137,225,658,322,336,0,1,2,p_1.30.24_LL3f_mi,18
58,174,130,221,676,319,357,0,1,2,p_1.30.24_LL3f_mi,18
59,171,139,222,674,318,356,0,1,2,p_1.30.24_LL3f_mi,18
60,171,148,221,668,309,359,0,1,2,p_1.30.24_LL3f_mi,18
61,175,143,224,663,311,352,0,1,2,p_1.30.24_LL3f_mi,18
62,177,139,233,635,304,331,0,1,2,p_1.30.24_LL3f_mi,18
63,174,135,223,660,318,342,0,1,2,p_1.30.24_LL3f_mi,18
64,171,134,228,647,327,320,0,1,2,p_1.30.24_LL3f_mi,18
65,168,127,220,680,350,330,0,1,2,p_1.30.24_LL3f_mi,18
66,173,128,220,676,346,330,0,1,2,p_1.30.24_LL3f_mi,18
67,172,143,225,664,338,326,0,1,2,p_1.30.24_LL3f_mi,18
68,172,142,221,675,332,343,0,1,2,p_1.30.24_LL3f_mi,18
69,173,141,223,669,332,337,0,1,2,p_1.30.24_LL3f_mi,18
70,174,137,223,662,322,340,0,1,2,p_1.30.24_LL3f_mi,18
71,175,136,228,651,316,335,0,1,2,p_1.30.24_LL3f_mi,18
72,171,138,222,671,334,337,0,1,2,p_1.30.24_LL3f_mi,18
73,178,136,223,669,319,350,0,1,2,p_1.30.24_LL3f_mi,18
74,176,141,223,667,329,338,0,1,2,p_1.30.24_LL3f_mi,18
75,175,138,223,673,323,350,0,1,2,p_1.30.24_LL3f_mi,18
76,153,120,201,722,373,349,0,1,2,p_1.30.24_LL3f_mi,18
77,187,138,232,638,316,322,0,1,2,p_1.30.24_LL3f_mi,18
78,174,139,228,652,308,344,0,1,2,p_1.30.24_LL3f_mi,18
79,186,148,234,632,311,321,0,1,2,p_1.30.24_LL3f_mi,18
80,173,136,231,643,328,315,0,1,2,p_1.30.24_LL3f_mi,18
81,172,133,223,670,349,321,0,1,2,p_1.30.24_LL3f_mi,18
82,178,132,229,646,316,330,0,1,2,p_1.30.24_LL3f_mi,18
83,174,133,225,665,332,333,0,1,2,p_1.30.24_LL3f_mi,18
84,174,140,223,665,325,340,0,1,2,p_1.30.24_LL3f_mi,18
85,169,129,223,670,328,342,0,1,2,p_1.30.24_LL3f_mi,18
86,180,134,218,686,344,342,0,1,2,p_1.30.24_LL3f_mi,18
87,187,150,230,646,330,316,0,1,2,p_1.30.24_LL3f_mi,18
88,178,132,228,652,331,321,0,1,2,p_1.30.24_LL3f_mi,18
89,173,140,226,661,338,323,0,1,2,p_1.30.24_LL3f_mi,18
90,172,136,220,676,335,341,0,1,2,p_1.30.24_LL3f_mi,18
91,181,139,224,661,342,319,0,1,2,p_1.30.24_LL3f_mi,18
92,174,137,224,668,332,336,0,1,2,p_1.30.24_LL3f_mi,18
93,177,136,227,658,325,333,0,1,2,p_1.30.24_LL3f_mi,18
94,180,146,227,659,326,333,0,1,2,p_1.30.24_LL3f_mi,18
95,174,134,223,672,332,340,0,1,2,p_1.30.24_LL3f_mi,18
96,179,141,223,662,332,330,0,1,2,p_1.30.24_LL3f_mi,18
97,173,130,228,652,321,331,0,1,2,p_1.30.24_LL3f_mi,18
98,177,135,228,659,325,334,0,1,2,p_1.30.24_LL3f_mi,18
99,174,134,222,670,330,340,0,1,2,p_1.30.24_LL3f_mi,18
100,148,117,192,662,321,341,0,1,2,p_1.30.24_LL3f_mi,18
101,112,100,147,671,338,333,0,1,2,p_1.30.24_LL3f_mi,18
102,145,114,176,532,272,260,0,1,2,p_1.30.24_LL3f_mi,18
103,117,91,146,519,279,240,0,1,2,p_1.30.24_LL3f_mi,18
104,99,86,124,488,271,217,0,1,2,p_1.30.24_LL3f_mi,18
105,86,72,106,444,242,202,0,1,2,p_1.30.24_LL3f_mi,18
106,75,59,94,386,201,185,0,1,2,p_1.30.24_LL3f_mi,18
107,55,48,71,349,169,180,0,1,2,p_1.30.24_LL3f_mi,18
108,45,38,64,289,135,154,0,1,2,p_1.30.24_LL3f_mi,18
109,44,37,53,236,111,125,0,1,2,p_1.30.24_LL3f_mi,18
110,25,24,34,203,100,103,0,1,2,p_1.30.24_LL3f_mi,18
111,29,23,36,174,86,88,0,1,2,p_1.30.24_LL3f_mi,18
112,31,26,37,138,70,68,0,1,2,p_1.30.24_LL3f_mi,18
113,27,21,36,132,65,67,0,1,2,p_1.30.24_LL3f_mi,18
114,26,22,34,113,56,57,0,1,2,p_1.30.24_LL3f_mi,18
115,27,22,34,113,51,62,0,1,2,p_1.30.24_LL3f_mi,18
116,26,21,34,105,46,59,0,1,2,p_1.30.24_LL3f_mi,18
117,24,19,33,102,51,51,0,1,2,p_1.30.24_LL3f_mi,18
118,28,24,35,103,48,55,0,1,2,p_1.30.24_LL3f_mi,18
119,27,23,34,111,53,58,0,1,2,p_1.30.24_LL3f_mi,18
120,28,20,36,106,49,57,0,1,2,p_1.30.24_LL3f_mi,18
121,26,21,34,107,52,55,0,1,2,p_1.30.24_LL3f_mi,18
122,31,25,36,112,57,55,0,1,2,p_1.30.24_LL3f_mi,18
123,27,22,33,103,53,50,0,1,2,p_1.30.24_LL3f_mi,18
124,28,22,34,104,52,52,0,1,2,p_1.30.24_LL3f_mi,18
125,28,19,35,116,56,60,13,1,2,p_1.30.24_LL3f_mi,18
126,29,22,37,118,55,63,14,1,2,p_1.30.24_LL3f_mi,18
127,28,25,34,111,51,60,7,1,2,p_1.30.24_LL3f_mi,18
128,29,20,34,105,50,55,4,1,2,p_1.30.24_LL3f_mi,18
129,28,23,34,104,50,54,2,1,2,p_1.30.24_LL3f_mi,18
130,26,22,33,101,54,47,1,1,2,p_1.30.24_LL3f_mi,18
131,23,17,30,97,55,42,0,1,2,p_1.30.24_LL3f_mi,18
132,28,20,33,93,46,47,0,1,2,p_1.30.24_LL3f_mi,18
133,23,19,31,89,48,41,0,1,2,p_1.30.24_LL3f_mi,18
134,26,19,33,96,50,46,0,1,2,p_1.30.24_LL3f_mi,18
135,26,20,33,98,56,42,0,1,2,p_1.30.24_LL3f_mi,18
136,28,18,35,110,67,43,0,1,2,p_1.30.24_LL3f_mi,18
137,28,22,34,106,57,49,0,1,2,p_1.30.24_LL3f_mi,18
138,26,21,33,116,61,55,0,1,2,p_1.30.24_LL3f_mi,18
139,27,24,34,103,50,53,0,1,2,p_1.30.24_LL3f_mi,18
140,29,23,37,131,56,75,16,1,2,p_1.30.24_LL3f_mi,18
141,26,22,35,118,55,63,15,1,2,p_1.30.24_LL3f_mi,18
142,28,23,36,118,61,57,7,1,2,p_1.30.24_LL3f_mi,18
143,22,17,33,109,55,54,4,1,2,p_1.30.24_LL3f_mi,18
144,23,18,32,100,46,54,0,1,2,p_1.30.24_LL3f_mi,18
145,27,25,32,108,46,62,0,1,2,p_1.30.24_LL3f_mi,18
146,24,19,32,103,44,59,0,1,2,p_1.30.24_LL3f_mi,18
147,25,22,32,100,48,52,0,1,2,p_1.30.24_LL3f_mi,18
148,26,21,34,104,50,54,0,1,2,p_1.30.24_LL3f_mi,18
149,24,21,32,97,50,47,0,1,2,p_1.30.24_LL3f_mi,18
150,27,23,33,91,39,52,0,1,2,p_1.30.24_LL3f_mi,18
151,44,31,70,105,45,60,0,1,2,p_1.30.24_LL3f_mi,18
152,65,43,94,133,70,63,0,1,2,p_1.30.24_LL3f_mi,18
153,84,55,116,179,91,88,0,1,2,p_1.30.24_LL3f_mi,18
154,105,65,140,247,131,116,0,1,2,p_1.30.24_LL3f_mi,18
155,127,91,162,331,184,147,16,1,2,p_1.30.24_LL3f_mi,18
156,134,93,179,389,205,184,11,1,2,p_1.30.24_LL3f_mi,18
157,152,107,195,436,228,208,2,1,2,p_1.30.24_LL3f_mi,18
158,172,124,211,492,239,253,2,1,2,p_1.30.24_LL3f_mi,18
159,176,136,222,563,269,294,1,1,2,p_1.30.24_LL3f_mi,18
160,191,137,239,600,286,314,0,1,2,p_1.30.24_LL3f_mi,18
161,174,134,224,662,331,331,0,1,2,p_1.30.24_LL3f_mi,18
162,179,137,230,651,331,320,0,1,2,p_1.30.24_LL3f_mi,18
163,172,132,219,673,328,345,0,1,2,p_1.30.24_LL3f_mi,18
164,173,141,217,683,320,363,0,1,2,p_1.30.24_LL3f_mi,18
165,170,134,221,671,307,364,0,1,2,p_1.30.24_LL3f_mi,18
166,181,139,234,630,311,319,0,1,2,p_1.30.24_LL3f_mi,18
167,171,131,227,649,332,317,0,1,2,p_1.30.24_LL3f_mi,18
168,181,129,230,642,308,334,0,1,2,p_1.30.24_LL3f_mi,18
169,171,138,223,664,310,354,0,1,2,p_1.30.24_LL3f_mi,18
170,173,140,222,670,326,344,14,1,2,p_1.30.24_LL3f_mi,18
171,172,136,221,677,345,332,10,1,2,p_1.30.24_LL3f_mi,18
172,160,126,211,698,351,347,4,1,2,p_1.30.24_LL3f_mi,18
173,176,134,219,681,332,349,3,1,2,p_1.30.24_LL3f_mi,18
174,165,132,220,675,328,347,1,1,2,p_1.30.24_LL3f_mi,18
175,166,122,221,679,354,325,0,1,2,p_1.30.24_LL3f_mi,18
176,157,117,204,721,384,337,0,1,2,p_1.30.24_LL3f_mi,18
177,167,131,219,680,343,337,0,1,2,p_1.30.24_LL3f_mi,18
178,181,132,223,655,329,326,0,1,2,p_1.30.24_LL3f_mi,18
179,175,134,224,662,330,332,0,1,2,p_1.30.24_LL3f_mi,18
180,166,127,218,684,344,340,0,1,2,p_1.30.24_LL3f_mi,18
181,177,136,226,655,311,344,0,1,2,p_1.30.24_LL3f_mi,18
182,174,137,225,658,312,346,0,1,2,p_1.30.24_LL3f_mi,18
183,178,132,227,651,323,328,0,1,2,p_1.30.24_LL3f_mi,18
184,181,141,234,635,302,333,0,1,2,p_1.30.24_LL3f_mi,18
185,176,140,224,663,293,370,0,1,2,p_1.30.24_LL3f_mi,18
186,182,141,227,656,297,359,0,1,2,p_1.30.24_LL3f_mi,18
187,168,138,222,670,321,349,0,1,2,p_1.30.24_LL3f_mi,18
188,179,141,225,663,327,336,0,1,2,p_1.30.24_LL3f_mi,18
189,172,140,218,681,341,340,0,1,2,p_1.30.24_LL3f_mi,18
190,176,137,221,670,330,340,0,1,2,p_1.30.24_LL3f_mi,18
191,164,130,220,684,338,346,0,1,2,p_1.30.24_LL3f_mi,18
192,175,135,220,675,333,342,0,1,2,p_1.30.24_LL3f_mi,18
193,177,135,224,663,327,336,0,1,2,p_1.30.24_LL3f_mi,18
194,174,140,226,662,335,327,0,1,2,p_1.30.24_LL3f_mi,18
195,172,138,223,670,341,329,0,1,2,p_1.30.24_LL3f_mi,18
196,173,140,222,664,337,327,0,1,2,p_1.30.24_LL3f_mi,18
197,171,142,228,653,329,324,0,1,2,p_1.30.24_LL3f_mi,18
198,169,134,214,689,348,341,0,1,2,p_1.30.24_LL3f_mi,18
199,171,137,219,677,340,337,0,1,2,p_1.30.24_LL3f_mi,18
200,179,138,223,670,330,340,0,1,2,p_1.30.24_LL3f_mi,18
201,167,134,204,712,353,359,0,1,2,p_1.30.24_LL3f_mi,18
202,177,146,227,656,322,334,0,1,2,p_1.30.24_LL3f_mi,18
203,182,138,230,646,328,318,0,1,2,p_1.30.24_LL3f_mi,18
204,178,139,227,654,333,321,0,1,2,p_1.30.24_LL3f_mi,18
205,179,136,226,659,345,314,0,1,2,p_1.30.24_LL3f_mi,18
206,173,144,230,645,329,316,0,1,2,p_1.30.24_LL3f_mi,18
207,177,128,223,669,342,327,0,1,2,p_1.30.24_LL3f_mi,18
208,175,137,219,673,346,327,0,1,2,p_1.30.24_LL3f_mi,18
209,173,139,219,677,352,325,0,1,2,p_1.30.24_LL3f_mi,18
210,175,143,223,660,333,327,0,1,2,p_1.30.24_LL3f_mi,18
211,177,148,225,657,333,324,0,1,2,p_1.30.24_LL3f_mi,18
212,171,140,224,673,350,323,0,1,2,p_1.30.24_LL3f_mi,18
213,169,129,216,686,363,323,0,1,2,p_1.30.24_LL3f_mi,18
214,173,129,225,663,358,305,0,1,2,p_1.30.24_LL3f_mi,18
215,178,128,231,638,347,291,0,1,2,p_1.30.24_LL3f_mi,18
216,184,138,234,638,344,294,0,1,2,p_1.30.24_LL3f_mi,18
217,182,140,228,653,339,314,0,1,2,p_1.30.24_LL3f_mi,18
218,171,132,213,698,365,333,0,1,2,p_1.30.24_LL3f_mi,18
219,180,147,218,680,336,344,0,1,2,p_1.30.24_LL3f_mi,18
220,176,131,227,658,321,337,0,1,2,p_1.30.24_LL3f_mi,18
221,172,139,223,662,315,347,0,1,2,p_1.30.24_LL3f_mi,18
222,181,137,229,649,299,350,0,1,2,p_1.30.24_LL3f_mi,18
223,166,133,213,694,317,377,0,1,2,p_1.30.24_LL3f_mi,18
224,175,146,216,684,315,369,0,1,2,p_1.30.24_LL3f_mi,18
225,179,136,230,646,318,328,0,1,2,p_1.30.24_LL3f_mi,18
226,172,136,210,701,360,341,0,1,2,p_1.30.24_LL3f_mi,18
227,175,129,225,663,342,321,0,1,2,p_1.30.24_LL3f_mi,18
228,174,131,221,672,338,334,0,1,2,p_1.30.24_LL3f_mi,18
229,176,129,224,663,345,318,0,1,2,p_1.30.24_LL3f_mi,18
230,176,131,224,664,328,336,0,1,2,p_1.30.24_LL3f_mi,18
231,172,131,220,676,327,349,0,1,2,p_1.30.24_LL3f_mi,18
232,179,137,228,648,305,343,0,1,2,p_1.30.24_LL3f_mi,18
233,174,143,225,657,313,344,0,1,2,p_1.30.24_LL3f_mi,18
234,171,134,222,668,343,325,0,1,2,p_1.30.24_LL3f_mi,18
235,183,132,230,642,343,299,0,1,2,p_1.30.24_LL3f_mi,18
236,168,135,227,655,340,315,0,1,2,p_1.30.24_LL3f_mi,18
237,172,141,225,668,352,316,0,1,2,p_1.30.24_LL3f_mi,18
238,171,130,224,664,347,317,0,1,2,p_1.30.24_LL3f_mi,18
239,183,131,232,642,336,306,0,1,2,p_1.30.24_LL3f_mi,18
240,179,136,231,639,325,314,0,1,2,p_1.30.24_LL3f_mi,18
241,174,127,223,667,332,335,0,1,2,p_1.30.24_LL3f_mi,18
242,170,120,219,679,349,330,0,1,2,p_1.30.24_LL3f_mi,18
243,173,139,222,666,333,333,0,1,2,p_1.30.24_LL3f_mi,18
244,171,139,221,676,331,345,0,1,2,p_1.30.24_LL3f_mi,18
245,172,133,226,659,312,347,0,1,2,p_1.30.24_LL3f_mi,18
246,168,125,224,668,314,354,0,1,2,p_1.30.24_LL3f_mi,18
247,182,143,230,652,304,348,0,1,2,p_1.30.24_LL3f_mi,18
248,172,137,221,670,327,343,0,1,2,p_1.30.24_LL3f_mi,18
249,171,140,221,678,328,350,0,1,2,p_1.30.24_LL3f_mi,18
250,175,142,222,668,321,347,0,1,2,p_1.30.24_LL3f_mi,18
251,154,131,203,719,356,363,0,1,2,p_1.30.24_LL3f_mi,18
252,169,138,222,669,346,323,0,1,2,p_1.30.24_LL3f_mi,18
253,167,131,226,656,336,320,0,1,2,p_1.30.24_LL3f_mi,18
254,175,132,223,670,349,321,0,1,2,p_1.30.24_LL3f_mi,18
255,175,135,226,661,344,317,0,1,2,p_1.30.24_LL3f_mi,18
256,182,139,223,668,342,326,0,1,2,p_1.30.24_LL3f_mi,18
257,172,130,227,655,323,332,0,1,2,p_1.30.24_LL3f_mi,18
258,171,128,229,649,323,326,0,1,2,p_1.30.24_LL3f_mi,18
259,176,137,227,652,324,328,0,1,2,p_1.30.24_LL3f_mi,18
260,170,135,222,674,331,343,0,1,2,p_1.30.24_LL3f_mi,18
261,174,144,218,684,325,359,0,1,2,p_1.30.24_LL3f_mi,18
262,172,138,224,670,333,337,0,1,2,p_1.30.24_LL3f_mi,18
263,174,133,219,677,344,333,0,1,2,p_1.30.24_LL3f_mi,18
264,179,136,233,638,346,292,0,1,2,p_1.30.24_LL3f_mi,18
265,178,147,232,639,335,304,0,1,2,p_1.30.24_LL3f_mi,18
266,179,143,222,671,331,340,0,1,2,p_1.30.24_LL3f_mi,18
267,168,135,216,687,341,346,0,1,2,p_1.30.24_LL3f_mi,18
268,184,142,233,632,316,316,0,1,2,p_1.30.24_LL3f_mi,18
269,180,141,229,639,319,320,0,1,2,p_1.30.24_LL3f_mi,18
270,178,134,218,687,333,354,0,1,2,p_1.30.24_LL3f_mi,18
271,169,130,222,666,332,334,0,1,2,p_1.30.24_LL3f_mi,18
272,176,145,221,673,334,339,0,1,2,p_1.30.24_LL3f_mi,18
273,169,135,223,665,332,333,0,1,2,p_1.30.24_LL3f_mi,18
274,174,135,226,657,325,332,0,1,2,p_1.30.24_LL3f_mi,18
275,182,136,228,655,330,325,0,1,2,p_1.30.24_LL3f_mi,18
276,154,131,199,727,355,372,0,1,2,p_1.30.24_LL3f_mi,18
277,173,138,221,670,325,345,0,1,2,p_1.30.24_LL3f_mi,18
278,182,143,226,659,329,330,0,1,2,p_1.30.24_LL3f_mi,18
279,176,140,225,660,321,339,0,1,2,p_1.30.24_LL3f_mi,18
280,173,131,228,651,313,338,0,1,2,p_1.30.24_LL3f_mi,18
281,177,140,228,657,310,347,0,1,2,p_1.30.24_LL3f_mi,18
282,162,125,216,686,345,341,0,1,2,p_1.30.24_LL3f_mi,18
283,166,138,216,691,340,351,0,1,2,p_1.30.24_LL3f_mi,18
284,180,138,227,660,316,344,0,1,2,p_1.30.24_LL3f_mi,18
285,176,145,228,651,315,336,0,1,2,p_1.30.24_LL3f_mi,18
286,180,135,223,666,332,334,0,1,2,p_1.30.24_LL3f_mi,18
287,167,129,220,674,344,330,0,1,2,p_1.30.24_LL3f_mi,18
288,174,136,225,663,331,332,0,1,2,p_1.30.24_LL3f_mi,18
289,175,130,224,666,333,333,0,1,2,p_1.30.24_LL3f_mi,18
290,175,142,226,658,327,331,0,1,2,p_1.30.24_LL3f_mi,18
291,178,131,226,656,329,327,0,1,2,p_1.30.24_LL3f_mi,18
292,179,141,225,665,328,337,0,1,2,p_1.30.24_LL3f_mi,18
293,163,131,214,690,340,350,0,1,2,p_1.30.24_LL3f_mi,18
294,172,139,217,683,345,338,0,1,2,p_1.30.24_LL3f_mi,18
295,179,140,225,655,330,325,0,1,2,p_1.30.24_LL3f_mi,18
296,174,129,230,640,328,312,0,1,2,p_1.30.24_LL3f_mi,18
297,173,133,227,658,338,320,0,1,2,p_1.30.24_LL3f_mi,18
298,181,127,232,640,345,295,0,1,2,p_1.30.24_LL3f_mi,18
299,184,135,227,658,366,292,0,1,2,p_1.30.24_LL3f_mi,18
300,178,133,227,655,367,288,0,1,2,p_1.30.24_LL3f_mi,18
301,165,130,207,714,379,335,0,1,2,p_1.30.24_LL3f_mi,18
302,174,142,229,649,319,330,0,1,2,p_1.30.24_LL3f_mi,18
303,175,144,230,644,321,323,0,1,2,p_1.30.24_LL3f_mi,18
304,184,131,233,634,323,311,0,1,2,p_1.30.24_LL3f_mi,18
305,174,135,229,644,323,321,0,1,2,p_1.30.24_LL3f_mi,18
306,173,142,215,690,337,353,0,1,2,p_1.30.24_LL3f_mi,18
307,180,140,226,662,335,327,0,1,2,p_1.30.24_LL3f_mi,18
308,173,138,218,680,329,351,0,1,2,p_1.30.24_LL3f_mi,18
309,176,133,230,644,325,319,0,1,2,p_1.30.24_LL3f_mi,18
310,179,125,224,658,331,327,0,1,2,p_1.30.24_LL3f_mi,18
311,169,134,213,696,347,349,0,1,2,p_1.30.24_LL3f_mi,18
312,181,141,231,640,306,334,0,1,2,p_1.30.24_LL3f_mi,18
313,180,139,224,664,328,336,0,1,2,p_1.30.24_LL3f_mi,18
314,171,139,219,688,346,342,0,1,2,p_1.30.24_LL3f_mi,18
315,170,129,219,672,340,332,0,1,2,p_1.30.24_LL3f_mi,18
316,175,134,225,664,335,329,0,1,2,p_1.30.24_LL3f_mi,18
317,175,142,228,652,326,326,0,1,2,p_1.30.24_LL3f_mi,18
318,165,128,218,682,346,336,0,1,2,p_1.30.24_LL3f_mi,18
319,178,139,222,666,324,342,0,1,2,p_1.30.24_LL3f_mi,18
320,174,136,223,666,338,328,0,1,2,p_1.30.24_LL3f_mi,18
321,176,133,227,657,329,328,0,1,2,p_1.30.24_LL3f_mi,18
322,172,133,220,676,335,341,0,1,2,p_1.30.24_LL3f_mi,18
323,173,136,227,656,327,329,0,1,2,p_1.30.24_LL3f_mi,18
324,186,137,227,656,330,326,0,1,2,p_1.30.24_LL3f_mi,18
325,177,147,223,668,330,338,0,1,2,p_1.30.24_LL3f_mi,18
326,163,130,205,711,357,354,0,1,2,p_1.30.24_LL3f_mi,18
327,171,130,220,674,340,334,0,1,2,p_1.30.24_LL3f_mi,18
328,171,139,217,681,347,334,0,1,2,p_1.30.24_LL3f_mi,18
329,174,132,223,666,329,337,0,1,2,p_1.30.24_LL3f_mi,18
330,171,134,220,676,331,345,0,1,2,p_1.30.24_LL3f_mi,18
331,173,132,221,671,331,340,0,1,2,p_1.30.24_LL3f_mi,18
332,178,132,228,661,332,329,0,1,2,p_1.30.24_LL3f_mi,18
333,171,135,219,680,364,316,0,1,2,p_1.30.24_LL3f_mi,18
334,172,126,222,672,356,316,0,1,2,p_1.30.24_LL3f_mi,18
335,173,129,221,674,352,322,0,1,2,p_1.30.24_LL3f_mi,18
336,173,135,222,668,346,322,0,1,2,p_1.30.24_LL3f_mi,18
337,181,139,231,646,316,330,0,1,2,p_1.30.24_LL3f_mi,18
338,180,133,234,633,306,327,0,1,2,p_1.30.24_LL3f_mi,18
339,182,141,230,650,309,341,0,1,2,p_1.30.24_LL3f_mi,18
340,175,135,220,670,320,350,0,1,2,p_1.30.24_LL3f_mi,18
341,180,140,227,657,306,351,0,1,2,p_1.30.24_LL3f_mi,18
342,173,137,226,659,309,350,0,1,2,p_1.30.24_LL3f_mi,18
343,169,132,223,665,336,329,0,1,2,p_1.30.24_LL3f_mi,18
344,181,139,228,653,328,325,0,1,2,p_1.30.24_LL3f_mi,18
345,177,137,226,665,337,328,0,1,2,p_1.30.24_LL3f_mi,18
346,174,133,227,660,335,325,0,1,2,p_1.30.24_LL3f_mi,18
347,172,127,227,657,334,323,0,1,2,p_1.30.24_LL3f_mi,18
348,169,125,222,668,341,327,0,1,2,p_1.30.24_LL3f_mi,18
349,175,130,222,674,343,331,0,1,2,p_1.30.24_LL3f_mi,18
350,169,135,225,665,323,342,0,1,2,p_1.30.24_LL3f_mi,18
1,6,6,8,641,322,319,0,1,3,p_1.30.24_LL3f_mi,18
2,98,86,125,854,437,417,0,1,3,p_1.30.24_LL3f_mi,18
3,135,112,168,784,407,377,0,1,3,p_1.30.24_LL3f_mi,18
4,162,128,209,710,373,337,0,1,3,p_1.30.24_LL3f_mi,18
5,185,143,228,659,328,331,0,1,3,p_1.30.24_LL3f_mi,18
6,180,138,233,643,314,329,0,1,3,p_1.30.24_LL3f_mi,18
7,175,132,229,651,320,331,0,1,3,p_1.30.24_LL3f_mi,18
8,172,137,223,659,324,335,0,1,3,p_1.30.24_LL3f_mi,18
9,178,133,231,641,311,330,0,1,3,p_1.30.24_LL3f_mi,18
10,184,149,226,660,309,351,0,1,3,p_1.30.24_LL3f_mi,18
11,175,136,227,660,319,341,0,1,3,p_1.30.24_LL3f_mi,18
12,163,124,222,673,321,352,0,1,3,p_1.30.24_LL3f_mi,18
13,172,139,218,681,325,356,0,1,3,p_1.30.24_LL3f_mi,18
14,167,122,219,675,323,352,0,1,3,p_1.30.24_LL3f_mi,18
15,177,128,229,652,317,335,0,1,3,p_1.30.24_LL3f_mi,18
16,173,131,221,670,332,338,0,1,3,p_1.30.24_LL3f_mi,18
17,180,138,229,647,308,339,0,1,3,p_1.30.24_LL3f_mi,18
18,183,148,228,644,316,328,0,1,3,p_1.30.24_LL3f_mi,18
19,176,142,224,666,330,336,0,1,3,p_1.30.24_LL3f_mi,18
20,171,138,216,686,335,351,0,1,3,p_1.30.24_LL3f_mi,18
21,176,134,221,675,338,337,0,1,3,p_1.30.24_LL3f_mi,18
22,166,127,217,684,335,349,0,1,3,p_1.30.24_LL3f_mi,18
23,180,140,235,635,323,312,0,1,3,p_1.30.24_LL3f_mi,18
24,175,142,227,652,328,324,0,1,3,p_1.30.24_LL3f_mi,18
25,179,139,229,647,337,310,0,1,3,p_1.30.24_LL3f_mi,18
26,167,139,210,698,361,337,0,1,3,p_1.30.24_LL3f_mi,18
27,169,133,215,691,353,338,0,1,3,p_1.30.24_LL3f_mi,18
28,168,129,219,675,352,323,0,1,3,p_1.30.24_LL3f_mi,18
29,182,136,230,650,346,304,0,1,3,p_1.30.24_LL3f_mi,18
30,174,129,224,667,342,325,0,1,3,p_1.30.24_LL3f_mi,18
31,172,125,228,653,337,316,0,1,3,p_1.30.24_LL3f_mi,18
32,171,130,222,671,343,328,0,1,3,p_1.30.24_LL3f_mi,18
33,173,140,220,674,343,331,0,1,3,p_1.30.24_LL3f_mi,18
34,175,139,230,644,326,318,0,1,3,p_1.30.24_LL3f_mi,18
35,176,141,224,665,344,321,0,1,3,p_1.30.24_LL3f_mi,18
36,177,131,223,671,340,331,0,1,3,p_1.30.24_LL3f_mi,18
37,168,134,222,671,339,332,0,1,3,p_1.30.24_LL3f_mi,18
38,166,132,221,665,330,335,0,1,3,p_1.30.24_LL3f_mi,18
39,169,135,222,672,332,340,0,1,3,p_1.30.24_LL3f_mi,18
40,171,136,220,675,329,346,0,1,3,p_1.30.24_LL3f_mi,18
41,172,133,221,669,341,328,0,1,3,p_1.30.24_LL3f_mi,18
42,175,143,228,657,326,331,0,1,3,p_1.30.24_LL3f_mi,18
43,169,134,220,670,336,334,0,1,3,p_1.30.24_LL3f_mi,18
44,178,134,227,655,325,330,0,1,3,p_1.30.24_LL3f_mi,18
45,181,137,228,654,320,334,0,1,3,p_1.30.24_LL3f_mi,18
46,172,133,221,677,320,357,0,1,3,p_1.30.24_LL3f_mi,18
47,171,135,221,675,333,342,0,1,3,p_1.30.24_LL3f_mi,18
48,175,125,225,658,331,327,0,1,3,p_1.30.24_LL3f_mi,18
49,176,142,219,683,324,359,0,1,3,p_1.30.24_LL3f_mi,18
50,170,131,219,679,329,350,0,1,3,p_1.30.24_LL3f_mi,18
51,165,125,214,693,318,375,0,1,3,p_1.30.24_LL3f_mi,18
52,168,136,221,669,313,356,0,1,3,p_1.30.24_LL3f_mi,18
53,180,137,224,662,308,354,0,1,3,p_1.30.24_LL3f_mi,18
54,173,134,221,671,318,353,0,1,3,p_1.30.24_LL3f_mi,18
55,181,137,226,658,329,329,0,1,3,p_1.30.24_LL3f_mi,18
56,175,133,226,666,338,328,0,1,3,p_1.30.24_LL3f_mi,18
57,174,138,225,663,333,330,0,1,3,p_1.30.24_LL3f_mi,18
58,180,135,231,640,319,321,0,1,3,p_1.30.24_LL3f_mi,18
59,184,141,231,649,329,320,0,1,3,p_1.30.24_LL3f_mi,18
60,172,137,221,665,339,326,0,1,3,p_1.30.24_LL3f_mi,18
61,179,134,224,661,339,322,0,1,3,p_1.30.24_LL3f_mi,18
62,162,129,221,671,331,340,0,1,3,p_1.30.24_LL3f_mi,18
63,173,140,227,652,311,341,0,1,3,p_1.30.24_LL3f_mi,18
64,178,139,230,646,307,339,0,1,3,p_1.30.24_LL3f_mi,18
65,167,134,217,685,326,359,0,1,3,p_1.30.24_LL3f_mi,18
66,181,136,227,656,316,340,0,1,3,p_1.30.24_LL3f_mi,18
67,173,140,226,665,327,338,0,1,3,p_1.30.24_LL3f_mi,18
68,173,135,222,674,338,336,0,1,3,p_1.30.24_LL3f_mi,18
69,180,138,221,673,329,344,0,1,3,p_1.30.24_LL3f_mi,18
70,164,136,218,684,339,345,0,1,3,p_1.30.24_LL3f_mi,18
71,167,134,221,668,334,334,0,1,3,p_1.30.24_LL3f_mi,18
72,180,142,228,656,339,317,0,1,3,p_1.30.24_LL3f_mi,18
73,178,135,226,657,336,321,0,1,3,p_1.30.24_LL3f_mi,18
74,173,130,222,672,337,335,0,1,3,p_1.30.24_LL3f_mi,18
75,171,135,223,668,319,349,0,1,3,p_1.30.24_LL3f_mi,18
76,165,137,210,704,345,359,0,1,3,p_1.30.24_LL3f_mi,18
77,179,133,226,655,321,334,0,1,3,p_1.30.24_LL3f_mi,18
78,162,130,212,695,352,343,0,1,3,p_1.30.24_LL3f_mi,18
79,166,129,221,672,334,338,0,1,3,p_1.30.24_LL3f_mi,18
80,170,133,215,690,351,339,0,1,3,p_1.30.24_LL3f_mi,18
81,179,129,229,649,328,321,0,1,3,p_1.30.24_LL3f_mi,18
82,164,122,214,700,332,368,0,1,3,p_1.30.24_LL3f_mi,18
83,173,130,228,656,306,350,0,1,3,p_1.30.24_LL3f_mi,18
84,176,142,230,653,299,354,0,1,3,p_1.30.24_LL3f_mi,18
85,168,134,223,665,314,351,0,1,3,p_1.30.24_LL3f_mi,18
86,170,132,218,683,332,351,0,1,3,p_1.30.24_LL3f_mi,18
87,172,133,220,682,332,350,0,1,3,p_1.30.24_LL3f_mi,18
88,177,140,222,671,335,336,0,1,3,p_1.30.24_LL3f_mi,18
89,175,136,222,669,341,328,0,1,3,p_1.30.24_LL3f_mi,18
90,179,140,229,655,336,319,0,1,3,p_1.30.24_LL3f_mi,18
91,177,136,224,668,336,332,0,1,3,p_1.30.24_LL3f_mi,18
92,166,135,224,663,343,320,0,1,3,p_1.30.24_LL3f_mi,18
93,176,130,228,650,328,322,0,1,3,p_1.30.24_LL3f_mi,18
94,179,136,227,656,322,334,0,1,3,p_1.30.24_LL3f_mi,18
95,164,134,219,672,328,344,0,1,3,p_1.30.24_LL3f_mi,18
96,173,137,218,687,337,350,0,1,3,p_1.30.24_LL3f_mi,18
97,176,138,220,679,340,339,0,1,3,p_1.30.24_LL3f_mi,18
98,175,131,226,655,314,341,0,1,3,p_1.30.24_LL3f_mi,18
99,171,137,220,677,326,351,0,1,3,p_1.30.24_LL3f_mi,18
100,148,115,188,671,356,315,0,1,3,p_1.30.24_LL3f_mi,18
101,124,105,162,650,344,306,0,1,3,p_1.30.24_LL3f_mi,18
102,125,98,161,565,292,273,0,1,3,p_1.30.24_LL3f_mi,18
103,110,89,140,532,276,256,0,1,3,p_1.30.24_LL3f_mi,18
104,96,81,125,482,244,238,0,1,3,p_1.30.24_LL3f_mi,18
105,89,73,115,420,217,203,0,1,3,p_1.30.24_LL3f_mi,18
106,78,67,103,373,177,196,0,1,3,p_1.30.24_LL3f_mi,18
107,58,53,71,355,171,184,0,1,3,p_1.30.24_LL3f_mi,18
108,37,32,48,316,153,163,0,1,3,p_1.30.24_LL3f_mi,18
109,27,24,33,260,128,132,0,1,3,p_1.30.24_LL3f_mi,18
110,26,23,36,185,95,90,0,1,3,p_1.30.24_LL3f_mi,18
111,27,22,37,160,84,76,0,1,3,p_1.30.24_LL3f_mi,18
112,30,25,37,120,55,65,0,1,3,p_1.30.24_LL3f_mi,18
113,26,23,35,115,51,64,0,1,3,p_1.30.24_LL3f_mi,18
114,29,23,35,114,43,71,0,1,3,p_1.30.24_LL3f_mi,18
115,30,28,35,105,37,68,0,1,3,p_1.30.24_LL3f_mi,18
116,26,20,34,98,37,61,0,1,3,p_1.30.24_LL3f_mi,18
117,25,20,34,103,44,59,0,1,3,p_1.30.24_LL3f_mi,18
118,23,18,31,98,44,54,0,1,3,p_1.30.24_LL3f_mi,18
119,26,18,31,86,49,37,0,1,3,p_1.30.24_LL3f_mi,18
120,27,19,33,96,49,47,0,1,3,p_1.30.24_LL3f_mi,18
121,29,22,34,99,45,54,0,1,3,p_1.30.24_LL3f_mi,18
122,27,22,34,103,46,57,0,1,3,p_1.30.24_LL3f_mi,18
123,24,18,32,99,53,46,0,1,3,p_1.30.24_LL3f_mi,18
124,26,20,33,99,54,45,0,1,3,p_1.30.24_LL3f_mi,18
125,24,17,34,125,61,64,17,1,3,p_1.30.24_LL3f_mi,18
126,31,24,37,123,66,57,6,1,3,p_1.30.24_LL3f_mi,18
127,29,22,35,112,57,55,6,1,3,p_1.30.24_LL3f_mi,18
128,27,21,36,114,68,46,6,1,3,p_1.30.24_LL3f_mi,18
129,28,19,36,114,71,43,2,1,3,p_1.30.24_LL3f_mi,18
130,27,22,35,113,68,45,1,1,3,p_1.30.24_LL3f_mi,18
131,27,23,35,111,65,46,0,1,3,p_1.30.24_LL3f_mi,18
132,28,20,32,100,56,44,0,1,3,p_1.30.24_LL3f_mi,18
133,23,18,32,104,56,48,0,1,3,p_1.30.24_LL3f_mi,18
134,24,22,32,96,48,48,0,1,3,p_1.30.24_LL3f_mi,18
135,26,18,32,101,45,56,0,1,3,p_1.30.24_LL3f_mi,18
136,27,22,34,101,48,53,0,1,3,p_1.30.24_LL3f_mi,18
137,27,22,34,101,42,59,0,1,3,p_1.30.24_LL3f_mi,18
138,26,21,36,101,43,58,0,1,3,p_1.30.24_LL3f_mi,18
139,27,24,34,103,50,53,0,1,3,p_1.30.24_LL3f_mi,18
140,25,20,37,122,60,62,19,1,3,p_1.30.24_LL3f_mi,18
141,28,23,37,117,61,56,9,1,3,p_1.30.24_LL3f_mi,18
142,29,23,36,118,61,57,6,1,3,p_1.30.24_LL3f_mi,18
143,27,24,37,116,59,57,1,1,3,p_1.30.24_LL3f_mi,18
144,31,25,37,118,63,55,1,1,3,p_1.30.24_LL3f_mi,18
145,30,24,36,105,56,49,0,1,3,p_1.30.24_LL3f_mi,18
146,28,21,36,108,53,55,0,1,3,p_1.30.24_LL3f_mi,18
147,28,22,34,113,53,60,0,1,3,p_1.30.24_LL3f_mi,18
148,30,22,36,115,57,58,0,1,3,p_1.30.24_LL3f_mi,18
149,28,22,33,108,61,47,0,1,3,p_1.30.24_LL3f_mi,18
150,27,21,35,100,59,41,0,1,3,p_1.30.24_LL3f_mi,18
151,53,30,73,101,61,40,0,1,3,p_1.30.24_LL3f_mi,18
152,73,44,97,140,76,64,0,1,3,p_1.30.24_LL3f_mi,18
153,90,57,122,202,102,100,0,1,3,p_1.30.24_LL3f_mi,18
154,120,75,147,273,147,126,0,1,3,p_1.30.24_LL3f_mi,18
155,124,88,162,350,182,168,20,1,3,p_1.30.24_LL3f_mi,18
156,141,97,177,415,219,196,8,1,3,p_1.30.24_LL3f_mi,18
157,146,109,191,459,245,214,7,1,3,p_1.30.24_LL3f_mi,18
158,162,119,211,495,255,240,1,1,3,p_1.30.24_LL3f_mi,18
159,184,129,226,535,270,265,0,1,3,p_1.30.24_LL3f_mi,18
160,191,147,242,597,297,300,1,1,3,p_1.30.24_LL3f_mi,18
161,182,145,236,629,320,309,0,1,3,p_1.30.24_LL3f_mi,18
162,179,138,230,641,324,317,0,1,3,p_1.30.24_LL3f_mi,18
163,168,136,222,672,347,325,0,1,3,p_1.30.24_LL3f_mi,18
164,176,132,223,668,349,319,0,1,3,p_1.30.24_LL3f_mi,18
165,178,139,225,660,330,330,0,1,3,p_1.30.24_LL3f_mi,18
166,175,128,222,669,342,327,0,1,3,p_1.30.24_LL3f_mi,18
167,169,130,227,659,329,330,0,1,3,p_1.30.24_LL3f_mi,18
168,175,124,230,635,329,306,0,1,3,p_1.30.24_LL3f_mi,18
169,179,133,228,654,351,303,0,1,3,p_1.30.24_LL3f_mi,18
170,161,121,215,682,358,324,17,1,3,p_1.30.24_LL3f_mi,18
171,172,122,221,673,356,317,11,1,3,p_1.30.24_LL3f_mi,18
172,165,123,216,688,363,325,6,1,3,p_1.30.24_LL3f_mi,18
173,186,139,229,651,332,319,3,1,3,p_1.30.24_LL3f_mi,18
174,169,131,225,658,336,322,2,1,3,p_1.30.24_LL3f_mi,18
175,172,139,228,652,313,339,0,1,3,p_1.30.24_LL3f_mi,18
176,164,136,216,697,345,352,0,1,3,p_1.30.24_LL3f_mi,18
177,165,123,216,685,345,340,0,1,3,p_1.30.24_LL3f_mi,18
178,180,140,235,634,333,301,0,1,3,p_1.30.24_LL3f_mi,18
179,176,137,229,654,356,298,0,1,3,p_1.30.24_LL3f_mi,18
180,177,133,224,669,351,318,0,1,3,p_1.30.24_LL3f_mi,18
181,171,133,220,677,348,329,0,1,3,p_1.30.24_LL3f_mi,18
182,169,130,216,684,333,351,0,1,3,p_1.30.24_LL3f_mi,18
183,171,128,219,674,328,346,0,1,3,p_1.30.24_LL3f_mi,18
184,171,131,222,665,327,338,0,1,3,p_1.30.24_LL3f_mi,18
185,179,142,231,643,313,330,0,1,3,p_1.30.24_LL3f_mi,18
186,169,127,220,680,350,330,0,1,3,p_1.30.24_LL3f_mi,18
187,176,137,230,651,336,315,0,1,3,p_1.30.24_LL3f_mi,18
188,173,140,224,662,347,315,0,1,3,p_1.30.24_LL3f_mi,18
189,173,131,220,674,367,307,0,1,3,p_1.30.24_LL3f_mi,18
190,175,140,215,688,362,326,0,1,3,p_1.30.24_LL3f_mi,18
191,177,136,231,646,330,316,0,1,3,p_1.30.24_LL3f_mi,18
192,173,145,225,665,311,354,0,1,3,p_1.30.24_LL3f_mi,18
193,172,143,220,672,309,363,0,1,3,p_1.30.24_LL3f_mi,18
194,171,132,216,689,327,362,0,1,3,p_1.30.24_LL3f_mi,18
195,172,134,216,688,350,338,0,1,3,p_1.30.24_LL3f_mi,18
196,175,134,224,657,339,318,0,1,3,p_1.30.24_LL3f_mi,18
197,182,144,229,648,319,329,0,1,3,p_1.30.24_LL3f_mi,18
198,180,143,228,647,304,343,0,1,3,p_1.30.24_LL3f_mi,18
199,180,142,227,652,293,359,0,1,3,p_1.30.24_LL3f_mi,18
200,170,135,223,668,307,361,0,1,3,p_1.30.24_LL3f_mi,18
201,156,131,202,722,346,376,0,1,3,p_1.30.24_LL3f_mi,18
202,187,143,233,632,320,312,0,1,3,p_1.30.24_LL3f_mi,18
203,179,125,223,661,308,353,0,1,3,p_1.30.24_LL3f_mi,18
204,170,135,222,675,325,350,0,1,3,p_1.30.24_LL3f_mi,18
205,175,131,232,636,333,303,0,1,3,p_1.30.24_LL3f_mi,18
206,174,135,222,673,363,310,0,1,3,p_1.30.24_LL3f_mi,18
207,174,131,222,669,362,307,0,1,3,p_1.30.24_LL3f_mi,18
208,169,126,216,682,365,317,0,1,3,p_1.30.24_LL3f_mi,18
209,171,137,221,667,344,323,0,1,3,p_1.30.24_LL3f_mi,18
210,175,138,221,668,322,346,0,1,3,p_1.30.24_LL3f_mi,18
211,175,140,230,644,294,350,0,1,3,p_1.30.24_LL3f_mi,18
212,176,140,222,666,314,352,0,1,3,p_1.30.24_LL3f_mi,18
213,183,137,228,647,319,328,0,1,3,p_1.30.24_LL3f_mi,18
214,170,132,221,681,340,341,0,1,3,p_1.30.24_LL3f_mi,18
215,170,136,214,691,327,364,0,1,3,p_1.30.24_LL3f_mi,18
216,165,136,217,683,325,358,0,1,3,p_1.30.24_LL3f_mi,18
217,170,135,227,659,302,357,0,1,3,p_1.30.24_LL3f_mi,18
218,175,140,228,663,292,371,0,1,3,p_1.30.24_LL3f_mi,18
219,175,140,233,640,287,353,0,1,3,p_1.30.24_LL3f_mi,18
220,175,142,222,672,296,376,0,1,3,p_1.30.24_LL3f_mi,18
221,164,135,210,704,330,374,0,1,3,p_1.30.24_LL3f_mi,18
222,164,126,216,678,323,355,0,1,3,p_1.30.24_LL3f_mi,18
223,174,130,220,674,330,344,0,1,3,p_1.30.24_LL3f_mi,18
224,171,132,225,663,323,340,0,1,3,p_1.30.24_LL3f_mi,18
225,172,134,222,669,322,347,0,1,3,p_1.30.24_LL3f_mi,18
226,172,138,218,683,335,348,0,1,3,p_1.30.24_LL3f_mi,18
227,173,135,218,682,335,347,0,1,3,p_1.30.24_LL3f_mi,18
228,171,138,219,677,335,342,0,1,3,p_1.30.24_LL3f_mi,18
229,179,139,221,678,334,344,0,1,3,p_1.30.24_LL3f_mi,18
230,178,144,218,679,342,337,0,1,3,p_1.30.24_LL3f_mi,18
231,171,138,222,673,345,328,0,1,3,p_1.30.24_LL3f_mi,18
232,175,134,226,670,354,316,0,1,3,p_1.30.24_LL3f_mi,18
233,168,132,222,665,346,319,0,1,3,p_1.30.24_LL3f_mi,18
234,181,134,234,630,328,302,0,1,3,p_1.30.24_LL3f_mi,18
235,177,133,230,643,341,302,0,1,3,p_1.30.24_LL3f_mi,18
236,168,135,216,686,347,339,0,1,3,p_1.30.24_LL3f_mi,18
237,166,134,214,688,347,341,0,1,3,p_1.30.24_LL3f_mi,18
238,175,143,221,679,327,352,0,1,3,p_1.30.24_LL3f_mi,18
239,178,150,222,665,319,346,0,1,3,p_1.30.24_LL3f_mi,18
240,169,132,222,665,327,338,0,1,3,p_1.30.24_LL3f_mi,18
241,182,139,228,649,318,331,0,1,3,p_1.30.24_LL3f_mi,18
242,167,135,224,663,315,348,0,1,3,p_1.30.24_LL3f_mi,18
243,168,131,220,672,337,335,0,1,3,p_1.30.24_LL3f_mi,18
244,172,136,216,683,350,333,0,1,3,p_1.30.24_LL3f_mi,18
245,176,141,231,649,326,323,0,1,3,p_1.30.24_LL3f_mi,18
246,183,130,228,650,337,313,0,1,3,p_1.30.24_LL3f_mi,18
247,172,134,224,665,343,322,0,1,3,p_1.30.24_LL3f_mi,18
248,163,129,212,699,344,355,0,1,3,p_1.30.24_LL3f_mi,18
249,177,136,219,678,334,344,0,1,3,p_1.30.24_LL3f_mi,18
250,162,120,221,672,323,349,0,1,3,p_1.30.24_LL3f_mi,18
251,165,132,213,699,340,359,0,1,3,p_1.30.24_LL3f_mi,18
252,173,128,221,669,337,332,0,1,3,p_1.30.24_LL3f_mi,18
253,171,133,226,654,313,341,0,1,3,p_1.30.24_LL3f_mi,18
254,179,137,228,656,319,337,0,1,3,p_1.30.24_LL3f_mi,18
255,182,146,231,636,305,331,0,1,3,p_1.30.24_LL3f_mi,18
256,168,127,218,681,332,349,0,1,3,p_1.30.24_LL3f_mi,18
257,171,133,217,681,330,351,0,1,3,p_1.30.24_LL3f_mi,18
258,172,141,223,664,329,335,0,1,3,p_1.30.24_LL3f_mi,18
259,171,130,220,675,329,346,0,1,3,p_1.30.24_LL3f_mi,18
260,170,139,218,683,334,349,0,1,3,p_1.30.24_LL3f_mi,18
261,180,139,228,654,313,341,0,1,3,p_1.30.24_LL3f_mi,18
262,177,137,226,656,302,354,0,1,3,p_1.30.24_LL3f_mi,18
263,177,144,225,656,318,338,0,1,3,p_1.30.24_LL3f_mi,18
264,170,132,225,661,316,345,0,1,3,p_1.30.24_LL3f_mi,18
265,173,133,223,666,305,361,0,1,3,p_1.30.24_LL3f_mi,18
266,163,123,212,699,320,379,0,1,3,p_1.30.24_LL3f_mi,18
267,171,131,221,669,327,342,0,1,3,p_1.30.24_LL3f_mi,18
268,182,143,222,670,333,337,0,1,3,p_1.30.24_LL3f_mi,18
269,183,131,229,648,338,310,0,1,3,p_1.30.24_LL3f_mi,18
270,186,139,229,650,344,306,0,1,3,p_1.30.24_LL3f_mi,18
271,174,141,222,672,344,328,0,1,3,p_1.30.24_LL3f_mi,18
272,179,136,217,681,359,322,0,1,3,p_1.30.24_LL3f_mi,18
273,171,133,219,675,344,331,0,1,3,p_1.30.24_LL3f_mi,18
274,180,137,233,638,325,313,0,1,3,p_1.30.24_LL3f_mi,18
275,165,138,226,653,336,317,0,1,3,p_1.30.24_LL3f_mi,18
276,158,123,209,708,362,346,0,1,3,p_1.30.24_LL3f_mi,18
277,177,132,223,671,346,325,0,1,3,p_1.30.24_LL3f_mi,18
278,175,139,221,679,324,355,0,1,3,p_1.30.24_LL3f_mi,18
279,166,133,219,676,326,350,0,1,3,p_1.30.24_LL3f_mi,18
280,181,139,224,661,304,357,0,1,3,p_1.30.24_LL3f_mi,18
281,175,145,219,678,329,349,0,1,3,p_1.30.24_LL3f_mi,18
282,169,136,220,677,339,338,0,1,3,p_1.30.24_LL3f_mi,18
283,177,139,225,663,336,327,0,1,3,p_1.30.24_LL3f_mi,18
284,181,131,228,653,341,312,0,1,3,p_1.30.24_LL3f_mi,18
285,180,136,227,652,336,316,0,1,3,p_1.30.24_LL3f_mi,18
286,173,133,225,657,327,330,0,1,3,p_1.30.24_LL3f_mi,18
287,174,130,227,648,309,339,0,1,3,p_1.30.24_LL3f_mi,18
288,171,131,220,676,330,346,0,1,3,p_1.30.24_LL3f_mi,18
289,179,142,221,667,334,333,0,1,3,p_1.30.24_LL3f_mi,18
290,173,139,218,678,322,356,0,1,3,p_1.30.24_LL3f_mi,18
291,175,131,230,648,324,324,0,1,3,p_1.30.24_LL3f_mi,18
292,174,129,230,641,324,317,0,1,3,p_1.30.24_LL3f_mi,18
293,184,133,224,665,345,320,0,1,3,p_1.30.24_LL3f_mi,18
294,181,137,221,673,361,312,0,1,3,p_1.30.24_LL3f_mi,18
295,175,130,227,651,348,303,0,1,3,p_1.30.24_LL3f_mi,18
296,175,138,218,680,372,308,0,1,3,p_1.30.24_LL3f_mi,18
297,178,140,220,674,350,324,0,1,3,p_1.30.24_LL3f_mi,18
298,181,146,228,650,340,310,0,1,3,p_1.30.24_LL3f_mi,18
299,177,140,228,649,317,332,0,1,3,p_1.30.24_LL3f_mi,18
300,180,141,223,667,322,345,0,1,3,p_1.30.24_LL3f_mi,18
301,161,133,205,715,345,370,0,1,3,p_1.30.24_LL3f_mi,18
302,166,133,220,677,336,341,0,1,3,p_1.30.24_LL3f_mi,18
303,171,132,220,676,347,329,0,1,3,p_1.30.24_LL3f_mi,18
304,172,131,218,677,338,339,0,1,3,p_1.30.24_LL3f_mi,18
305,181,143,232,646,303,343,0,1,3,p_1.30.24_LL3f_mi,18
306,184,140,228,648,329,319,0,1,3,p_1.30.24_LL3f_mi,18
307,174,140,223,667,325,342,0,1,3,p_1.30.24_LL3f_mi,18
308,169,135,222,663,324,339,0,1,3,p_1.30.24_LL3f_mi,18
309,169,129,220,681,337,344,0,1,3,p_1.30.24_LL3f_mi,18
310,185,138,235,634,329,305,0,1,3,p_1.30.24_LL3f_mi,18
311,178,129,224,667,342,325,0,1,3,p_1.30.24_LL3f_mi,18
312,175,130,225,663,332,331,0,1,3,p_1.30.24_LL3f_mi,18
313,175,138,223,672,332,340,0,1,3,p_1.30.24_LL3f_mi,18
314,179,139,224,665,319,346,0,1,3,p_1.30.24_LL3f_mi,18
315,172,133,228,651,319,332,0,1,3,p_1.30.24_LL3f_mi,18
316,170,140,226,655,322,333,0,1,3,p_1.30.24_LL3f_mi,18
317,171,136,219,682,333,349,0,1,3,p_1.30.24_LL3f_mi,18
318,178,134,227,655,326,329,0,1,3,p_1.30.24_LL3f_mi,18
319,165,131,212,693,344,349,0,1,3,p_1.30.24_LL3f_mi,18
320,186,134,232,639,322,317,0,1,3,p_1.30.24_LL3f_mi,18
321,172,136,220,674,338,336,0,1,3,p_1.30.24_LL3f_mi,18
322,173,129,219,678,337,341,0,1,3,p_1.30.24_LL3f_mi,18
323,171,132,223,670,306,364,0,1,3,p_1.30.24_LL3f_mi,18
324,177,142,226,665,299,366,0,1,3,p_1.30.24_LL3f_mi,18
325,165,135,220,673,309,364,0,1,3,p_1.30.24_LL3f_mi,18
326,155,132,198,729,324,405,0,1,3,p_1.30.24_LL3f_mi,18
327,180,141,232,641,300,341,0,1,3,p_1.30.24_LL3f_mi,18
328,176,144,224,665,321,344,0,1,3,p_1.30.24_LL3f_mi,18
329,185,144,226,653,323,330,0,1,3,p_1.30.24_LL3f_mi,18
330,179,143,224,662,323,339,0,1,3,p_1.30.24_LL3f_mi,18
331,172,135,225,667,325,342,0,1,3,p_1.30.24_LL3f_mi,18
332,179,143,234,632,316,316,0,1,3,p_1.30.24_LL3f_mi,18
333,176,140,224,660,314,346,0,1,3,p_1.30.24_LL3f_mi,18
334,178,135,230,645,318,327,0,1,3,p_1.30.24_LL3f_mi,18
335,174,124,222,672,328,344,0,1,3,p_1.30.24_LL3f_mi,18
336,188,141,231,650,311,339,0,1,3,p_1.30.24_LL3f_mi,18
337,171,133,222,662,319,343,0,1,3,p_1.30.24_LL3f_mi,18
338,171,138,224,664,308,356,0,1,3,p_1.30.24_LL3f_mi,18
339,184,146,229,654,318,336,0,1,3,p_1.30.24_LL3f_mi,18
340,177,141,229,651,322,329,0,1,3,p_1.30.24_LL3f_mi,18
341,172,137,220,673,320,353,0,1,3,p_1.30.24_LL3f_mi,18
342,182,143,231,649,322,327,0,1,3,p_1.30.24_LL3f_mi,18
343,181,144,232,638,329,309,0,1,3,p_1.30.24_LL3f_mi,18
344,175,147,220,675,340,335,0,1,3,p_1.30.24_LL3f_mi,18
345,169,135,214,693,351,342,0,1,3,p_1.30.24_LL3f_mi,18
346,166,128,216,685,329,356,0,1,3,p_1.30.24_LL3f_mi,18
347,179,148,229,647,313,334,0,1,3,p_1.30.24_LL3f_mi,18
348,180,130,227,654,307,347,0,1,3,p_1.30.24_LL3f_mi,18
349,179,137,231,643,319,324,0,1,3,p_1.30.24_LL3f_mi,18
350,178,136,228,657,339,318,0,1,3,p_1.30.24_LL3f_mi,18
1,6,6,7,645,333,312,0,1,4,p_1.30.24_LL3f_mi,18
2,95,84,130,845,436,409,0,1,4,p_1.30.24_LL3f_mi,18
3,131,116,172,782,416,366,0,1,4,p_1.30.24_LL3f_mi,18
4,170,133,215,687,366,321,0,1,4,p_1.30.24_LL3f_mi,18
5,173,128,227,658,348,310,0,1,4,p_1.30.24_LL3f_mi,18
6,177,143,229,654,351,303,0,1,4,p_1.30.24_LL3f_mi,18
7,174,137,220,673,372,301,0,1,4,p_1.30.24_LL3f_mi,18
8,173,129,228,656,328,328,0,1,4,p_1.30.24_LL3f_mi,18
9,172,129,219,678,337,341,0,1,4,p_1.30.24_LL3f_mi,18
10,179,139,224,668,345,323,0,1,4,p_1.30.24_LL3f_mi,18
11,172,136,217,685,331,354,0,1,4,p_1.30.24_LL3f_mi,18
12,175,138,228,652,321,331,0,1,4,p_1.30.24_LL3f_mi,18
13,176,142,226,653,334,319,0,1,4,p_1.30.24_LL3f_mi,18
14,179,147,226,658,319,339,0,1,4,p_1.30.24_LL3f_mi,18
15,166,134,222,669,326,343,0,1,4,p_1.30.24_LL3f_mi,18
16,173,137,224,671,334,337,0,1,4,p_1.30.24_LL3f_mi,18
17,173,144,225,658,328,330,0,1,4,p_1.30.24_LL3f_mi,18
18,172,134,219,676,332,344,0,1,4,p_1.30.24_LL3f_mi,18
19,180,144,223,672,326,346,0,1,4,p_1.30.24_LL3f_mi,18
20,178,140,224,670,346,324,0,1,4,p_1.30.24_LL3f_mi,18
21,172,134,220,674,333,341,0,1,4,p_1.30.24_LL3f_mi,18
22,176,136,224,664,336,328,0,1,4,p_1.30.24_LL3f_mi,18
23,175,136,229,649,314,335,0,1,4,p_1.30.24_LL3f_mi,18
24,178,133,216,684,322,362,0,1,4,p_1.30.24_LL3f_mi,18
25,175,141,227,654,313,341,0,1,4,p_1.30.24_LL3f_mi,18
26,170,143,208,708,346,362,0,1,4,p_1.30.24_LL3f_mi,18
27,176,143,230,656,321,335,0,1,4,p_1.30.24_LL3f_mi,18
28,181,137,230,640,314,326,0,1,4,p_1.30.24_LL3f_mi,18
29,173,133,219,680,327,353,0,1,4,p_1.30.24_LL3f_mi,18
30,168,131,214,692,336,356,0,1,4,p_1.30.24_LL3f_mi,18
31,173,140,221,670,328,342,0,1,4,p_1.30.24_LL3f_mi,18
32,182,140,229,657,328,329,0,1,4,p_1.30.24_LL3f_mi,18
33,177,138,225,661,327,334,0,1,4,p_1.30.24_LL3f_mi,18
34,167,130,220,676,329,347,0,1,4,p_1.30.24_LL3f_mi,18
35,169,135,222,670,322,348,0,1,4,p_1.30.24_LL3f_mi,18
36,183,135,232,636,316,320,0,1,4,p_1.30.24_LL3f_mi,18
37,177,141,224,666,332,334,0,1,4,p_1.30.24_LL3f_mi,18
38,168,133,215,688,331,357,0,1,4,p_1.30.24_LL3f_mi,18
39,171,138,214,689,337,352,0,1,4,p_1.30.24_LL3f_mi,18
40,174,139,224,669,345,324,0,1,4,p_1.30.24_LL3f_mi,18
41,167,122,221,672,354,318,0,1,4,p_1.30.24_LL3f_mi,18
42,182,141,229,649,335,314,0,1,4,p_1.30.24_LL3f_mi,18
43,181,136,227,656,337,319,0,1,4,p_1.30.24_LL3f_mi,18
44,183,137,226,660,327,333,0,1,4,p_1.30.24_LL3f_mi,18
45,165,127,220,674,340,334,0,1,4,p_1.30.24_LL3f_mi,18
46,174,131,226,657,333,324,0,1,4,p_1.30.24_LL3f_mi,18
47,173,134,223,669,342,327,0,1,4,p_1.30.24_LL3f_mi,18
48,165,127,219,683,356,327,0,1,4,p_1.30.24_LL3f_mi,18
49,175,132,227,653,339,314,0,1,4,p_1.30.24_LL3f_mi,18
50,169,131,222,667,348,319,0,1,4,p_1.30.24_LL3f_mi,18
51,154,125,202,718,383,335,0,1,4,p_1.30.24_LL3f_mi,18
52,163,132,214,691,366,325,0,1,4,p_1.30.24_LL3f_mi,18
53,172,127,222,669,338,331,0,1,4,p_1.30.24_LL3f_mi,18
54,167,127,222,668,334,334,0,1,4,p_1.30.24_LL3f_mi,18
55,173,131,218,681,348,333,0,1,4,p_1.30.24_LL3f_mi,18
56,168,129,216,684,356,328,0,1,4,p_1.30.24_LL3f_mi,18
57,178,134,224,663,353,310,0,1,4,p_1.30.24_LL3f_mi,18
58,181,137,229,647,326,321,0,1,4,p_1.30.24_LL3f_mi,18
59,171,137,216,688,322,366,0,1,4,p_1.30.24_LL3f_mi,18
60,169,139,224,668,328,340,0,1,4,p_1.30.24_LL3f_mi,18
61,175,138,220,679,325,354,0,1,4,p_1.30.24_LL3f_mi,18
62,170,136,223,666,332,334,0,1,4,p_1.30.24_LL3f_mi,18
63,176,140,221,673,330,343,0,1,4,p_1.30.24_LL3f_mi,18
64,172,133,223,668,333,335,0,1,4,p_1.30.24_LL3f_mi,18
65,178,135,227,655,327,328,0,1,4,p_1.30.24_LL3f_mi,18
66,174,138,226,661,328,333,0,1,4,p_1.30.24_LL3f_mi,18
67,171,139,219,668,334,334,0,1,4,p_1.30.24_LL3f_mi,18
68,163,133,216,683,349,334,0,1,4,p_1.30.24_LL3f_mi,18
69,173,137,222,668,335,333,0,1,4,p_1.30.24_LL3f_mi,18
70,176,123,225,660,342,318,0,1,4,p_1.30.24_LL3f_mi,18
71,167,128,219,678,352,326,0,1,4,p_1.30.24_LL3f_mi,18
72,172,136,223,662,333,329,0,1,4,p_1.30.24_LL3f_mi,18
73,178,141,230,648,316,332,0,1,4,p_1.30.24_LL3f_mi,18
74,178,134,226,658,320,338,0,1,4,p_1.30.24_LL3f_mi,18
75,174,140,223,671,324,347,0,1,4,p_1.30.24_LL3f_mi,18
76,151,123,204,720,352,368,0,1,4,p_1.30.24_LL3f_mi,18
77,170,134,215,691,355,336,0,1,4,p_1.30.24_LL3f_mi,18
78,174,129,225,652,328,324,0,1,4,p_1.30.24_LL3f_mi,18
79,181,130,225,666,337,329,0,1,4,p_1.30.24_LL3f_mi,18
80,171,131,223,663,339,324,0,1,4,p_1.30.24_LL3f_mi,18
81,176,132,226,660,340,320,0,1,4,p_1.30.24_LL3f_mi,18
82,171,135,214,686,343,343,0,1,4,p_1.30.24_LL3f_mi,18
83,171,133,227,651,316,335,0,1,4,p_1.30.24_LL3f_mi,18
84,183,151,229,653,313,340,0,1,4,p_1.30.24_LL3f_mi,18
85,173,141,216,686,325,361,0,1,4,p_1.30.24_LL3f_mi,18
86,165,134,218,685,330,355,0,1,4,p_1.30.24_LL3f_mi,18
87,178,133,221,669,325,344,0,1,4,p_1.30.24_LL3f_mi,18
88,176,131,230,650,315,335,0,1,4,p_1.30.24_LL3f_mi,18
89,172,133,225,658,323,335,0,1,4,p_1.30.24_LL3f_mi,18
90,181,142,230,637,311,326,0,1,4,p_1.30.24_LL3f_mi,18
91,164,132,221,666,340,326,0,1,4,p_1.30.24_LL3f_mi,18
92,167,127,221,673,349,324,0,1,4,p_1.30.24_LL3f_mi,18
93,176,146,226,672,338,334,0,1,4,p_1.30.24_LL3f_mi,18
94,174,137,224,667,333,334,0,1,4,p_1.30.24_LL3f_mi,18
95,183,146,228,664,315,349,0,1,4,p_1.30.24_LL3f_mi,18
96,173,136,226,655,329,326,0,1,4,p_1.30.24_LL3f_mi,18
97,180,127,227,654,354,300,0,1,4,p_1.30.24_LL3f_mi,18
98,174,123,219,676,366,310,0,1,4,p_1.30.24_LL3f_mi,18
99,174,136,224,661,350,311,0,1,4,p_1.30.24_LL3f_mi,18
100,154,114,199,653,342,311,0,1,4,p_1.30.24_LL3f_mi,18
101,111,99,134,696,357,339,0,1,4,p_1.30.24_LL3f_mi,18
102,107,87,143,603,304,299,0,1,4,p_1.30.24_LL3f_mi,18
103,117,92,141,529,272,257,0,1,4,p_1.30.24_LL3f_mi,18
104,102,79,131,472,235,237,0,1,4,p_1.30.24_LL3f_mi,18
105,89,75,111,437,215,222,0,1,4,p_1.30.24_LL3f_mi,18
106,56,51,75,419,207,212,0,1,4,p_1.30.24_LL3f_mi,18
107,61,51,78,341,155,186,0,1,4,p_1.30.24_LL3f_mi,18
108,44,40,54,305,143,162,0,1,4,p_1.30.24_LL3f_mi,18
109,37,33,50,237,121,116,0,1,4,p_1.30.24_LL3f_mi,18
110,22,20,29,221,107,114,0,1,4,p_1.30.24_LL3f_mi,18
111,30,24,37,166,82,84,0,1,4,p_1.30.24_LL3f_mi,18
112,27,20,36,129,65,64,0,1,4,p_1.30.24_LL3f_mi,18
113,29,20,37,120,56,64,0,1,4,p_1.30.24_LL3f_mi,18
114,28,23,34,109,50,59,0,1,4,p_1.30.24_LL3f_mi,18
115,27,19,34,105,48,57,0,1,4,p_1.30.24_LL3f_mi,18
116,24,19,32,105,55,50,0,1,4,p_1.30.24_LL3f_mi,18
117,24,18,32,99,47,52,0,1,4,p_1.30.24_LL3f_mi,18
118,28,21,33,98,48,50,0,1,4,p_1.30.24_LL3f_mi,18
119,25,21,33,100,55,45,0,1,4,p_1.30.24_LL3f_mi,18
120,26,21,33,100,48,52,0,1,4,p_1.30.24_LL3f_mi,18
121,29,21,36,110,54,56,0,1,4,p_1.30.24_LL3f_mi,18
122,26,20,33,108,58,50,0,1,4,p_1.30.24_LL3f_mi,18
123,25,21,33,100,51,49,0,1,4,p_1.30.24_LL3f_mi,18
124,26,18,33,100,55,45,0,1,4,p_1.30.24_LL3f_mi,18
125,23,17,35,131,72,59,23,1,4,p_1.30.24_LL3f_mi,18
126,26,18,37,121,64,57,11,1,4,p_1.30.24_LL3f_mi,18
127,26,20,35,111,56,55,2,1,4,p_1.30.24_LL3f_mi,18
128,26,22,34,110,52,58,1,1,4,p_1.30.24_LL3f_mi,18
129,27,18,36,107,56,51,0,1,4,p_1.30.24_LL3f_mi,18
130,29,25,34,109,56,53,0,1,4,p_1.30.24_LL3f_mi,18
131,26,23,33,107,55,52,0,1,4,p_1.30.24_LL3f_mi,18
132,26,20,33,102,48,54,0,1,4,p_1.30.24_LL3f_mi,18
133,28,22,34,105,53,52,0,1,4,p_1.30.24_LL3f_mi,18
134,24,19,33,104,50,54,0,1,4,p_1.30.24_LL3f_mi,18
135,27,24,34,106,49,57,0,1,4,p_1.30.24_LL3f_mi,18
136,27,21,35,102,42,60,0,1,4,p_1.30.24_LL3f_mi,18
137,25,22,31,93,35,58,0,1,4,p_1.30.24_LL3f_mi,18
138,28,20,33,95,37,58,0,1,4,p_1.30.24_LL3f_mi,18
139,24,21,32,98,43,55,0,1,4,p_1.30.24_LL3f_mi,18
140,26,20,37,125,52,73,14,1,4,p_1.30.24_LL3f_mi,18
141,29,22,38,118,53,65,9,1,4,p_1.30.24_LL3f_mi,18
142,29,22,37,119,55,64,4,1,4,p_1.30.24_LL3f_mi,18
143,30,25,37,124,60,64,2,1,4,p_1.30.24_LL3f_mi,18
144,28,22,36,112,65,47,1,1,4,p_1.30.24_LL3f_mi,18
145,26,20,34,113,65,48,0,1,4,p_1.30.24_LL3f_mi,18
146,29,21,35,115,63,52,0,1,4,p_1.30.24_LL3f_mi,18
147,26,15,33,96,54,42,0,1,4,p_1.30.24_LL3f_mi,18
148,21,15,29,90,47,43,0,1,4,p_1.30.24_LL3f_mi,18
149,27,18,34,89,37,52,0,1,4,p_1.30.24_LL3f_mi,18
150,24,21,33,99,45,54,0,1,4,p_1.30.24_LL3f_mi,18
151,49,34,77,107,51,56,0,1,4,p_1.30.24_LL3f_mi,18
152,67,47,99,149,69,80,0,1,4,p_1.30.24_LL3f_mi,18
153,84,60,121,203,94,109,0,1,4,p_1.30.24_LL3f_mi,18
154,102,74,142,262,127,135,0,1,4,p_1.30.24_LL3f_mi,18
155,121,85,163,331,168,163,22,1,4,p_1.30.24_LL3f_mi,18
156,137,100,177,403,203,200,11,1,4,p_1.30.24_LL3f_mi,18
157,155,111,195,446,227,219,6,1,4,p_1.30.24_LL3f_mi,18
158,166,128,209,500,263,237,3,1,4,p_1.30.24_LL3f_mi,18
159,174,125,223,564,290,274,2,1,4,p_1.30.24_LL3f_mi,18
160,182,144,240,599,300,299,0,1,4,p_1.30.24_LL3f_mi,18
161,181,143,231,643,313,330,0,1,4,p_1.30.24_LL3f_mi,18
162,167,134,218,678,320,358,0,1,4,p_1.30.24_LL3f_mi,18
163,175,145,228,652,299,353,0,1,4,p_1.30.24_LL3f_mi,18
164,175,146,229,644,293,351,0,1,4,p_1.30.24_LL3f_mi,18
165,178,145,225,666,324,342,0,1,4,p_1.30.24_LL3f_mi,18
166,174,133,226,671,330,341,0,1,4,p_1.30.24_LL3f_mi,18
167,181,145,228,658,330,328,0,1,4,p_1.30.24_LL3f_mi,18
168,179,135,227,654,337,317,0,1,4,p_1.30.24_LL3f_mi,18
169,181,147,228,652,335,317,0,1,4,p_1.30.24_LL3f_mi,18
170,165,125,217,675,357,318,21,1,4,p_1.30.24_LL3f_mi,18
171,170,123,228,661,353,308,10,1,4,p_1.30.24_LL3f_mi,18
172,175,126,226,658,362,296,2,1,4,p_1.30.24_LL3f_mi,18
173,177,131,223,668,357,311,0,1,4,p_1.30.24_LL3f_mi,18
174,176,140,230,642,333,309,1,1,4,p_1.30.24_LL3f_mi,18
175,173,140,228,652,325,327,1,1,4,p_1.30.24_LL3f_mi,18
176,162,129,204,716,354,362,1,1,4,p_1.30.24_LL3f_mi,18
177,170,128,220,674,338,336,0,1,4,p_1.30.24_LL3f_mi,18
178,179,141,230,650,329,321,0,1,4,p_1.30.24_LL3f_mi,18
179,171,137,219,679,348,331,0,1,4,p_1.30.24_LL3f_mi,18
180,180,138,227,653,334,319,0,1,4,p_1.30.24_LL3f_mi,18
181,176,138,226,667,334,333,0,1,4,p_1.30.24_LL3f_mi,18
182,189,143,236,628,309,319,0,1,4,p_1.30.24_LL3f_mi,18
183,173,132,228,662,325,337,0,1,4,p_1.30.24_LL3f_mi,18
184,182,129,232,637,330,307,0,1,4,p_1.30.24_LL3f_mi,18
185,180,139,226,658,338,320,0,1,4,p_1.30.24_LL3f_mi,18
186,169,133,217,676,352,324,0,1,4,p_1.30.24_LL3f_mi,18
187,171,139,222,669,342,327,0,1,4,p_1.30.24_LL3f_mi,18
188,173,134,221,671,318,353,0,1,4,p_1.30.24_LL3f_mi,18
189,180,143,228,655,313,342,0,1,4,p_1.30.24_LL3f_mi,18
190,175,132,220,668,313,355,0,1,4,p_1.30.24_LL3f_mi,18
191,181,140,229,656,326,330,0,1,4,p_1.30.24_LL3f_mi,18
192,179,138,230,648,334,314,0,1,4,p_1.30.24_LL3f_mi,18
193,172,140,223,671,340,331,0,1,4,p_1.30.24_LL3f_mi,18
194,186,140,232,641,326,315,0,1,4,p_1.30.24_LL3f_mi,18
195,180,137,222,671,346,325,0,1,4,p_1.30.24_LL3f_mi,18
196,174,134,219,678,338,340,0,1,4,p_1.30.24_LL3f_mi,18
197,177,128,227,660,335,325,0,1,4,p_1.30.24_LL3f_mi,18
198,176,130,219,686,351,335,0,1,4,p_1.30.24_LL3f_mi,18
199,177,134,224,668,337,331,0,1,4,p_1.30.24_LL3f_mi,18
200,188,142,235,625,316,309,0,1,4,p_1.30.24_LL3f_mi,18
201,165,130,210,699,355,344,0,1,4,p_1.30.24_LL3f_mi,18
202,173,134,218,679,362,317,0,1,4,p_1.30.24_LL3f_mi,18
203,185,148,230,642,332,310,0,1,4,p_1.30.24_LL3f_mi,18
204,179,136,227,650,316,334,0,1,4,p_1.30.24_LL3f_mi,18
205,170,130,220,681,334,347,0,1,4,p_1.30.24_LL3f_mi,18
206,171,134,218,680,333,347,0,1,4,p_1.30.24_LL3f_mi,18
207,173,130,223,672,342,330,0,1,4,p_1.30.24_LL3f_mi,18
208,180,143,229,650,330,320,0,1,4,p_1.30.24_LL3f_mi,18
209,167,134,214,691,354,337,0,1,4,p_1.30.24_LL3f_mi,18
210,170,140,217,681,346,335,0,1,4,p_1.30.24_LL3f_mi,18
211,166,133,222,669,342,327,0,1,4,p_1.30.24_LL3f_mi,18
212,173,137,223,668,350,318,0,1,4,p_1.30.24_LL3f_mi,18
213,165,127,218,679,338,341,0,1,4,p_1.30.24_LL3f_mi,18
214,176,138,225,662,316,346,0,1,4,p_1.30.24_LL3f_mi,18
215,170,138,222,667,317,350,0,1,4,p_1.30.24_LL3f_mi,18
216,173,135,221,670,320,350,0,1,4,p_1.30.24_LL3f_mi,18
217,174,135,222,680,338,342,0,1,4,p_1.30.24_LL3f_mi,18
218,174,134,223,664,323,341,0,1,4,p_1.30.24_LL3f_mi,18
219,182,138,229,643,319,324,0,1,4,p_1.30.24_LL3f_mi,18
220,165,131,218,677,326,351,0,1,4,p_1.30.24_LL3f_mi,18
221,169,139,217,684,321,363,0,1,4,p_1.30.24_LL3f_mi,18
222,178,130,220,678,328,350,0,1,4,p_1.30.24_LL3f_mi,18
223,169,133,217,683,334,349,0,1,4,p_1.30.24_LL3f_mi,18
224,183,137,228,647,319,328,0,1,4,p_1.30.24_LL3f_mi,18
225,183,144,230,646,321,325,0,1,4,p_1.30.24_LL3f_mi,18
226,156,121,207,713,372,341,0,1,4,p_1.30.24_LL3f_mi,18
227,176,135,218,687,362,325,0,1,4,p_1.30.24_LL3f_mi,18
228,173,133,224,671,333,338,0,1,4,p_1.30.24_LL3f_mi,18
229,177,130,224,664,330,334,0,1,4,p_1.30.24_LL3f_mi,18
230,171,138,221,678,343,335,0,1,4,p_1.30.24_LL3f_mi,18
231,177,135,229,650,315,335,0,1,4,p_1.30.24_LL3f_mi,18
232,169,136,220,674,320,354,0,1,4,p_1.30.24_LL3f_mi,18
233,175,140,221,673,343,330,0,1,4,p_1.30.24_LL3f_mi,18
234,173,130,224,665,336,329,0,1,4,p_1.30.24_LL3f_mi,18
235,170,138,226,653,332,321,0,1,4,p_1.30.24_LL3f_mi,18
236,171,136,221,665,340,325,0,1,4,p_1.30.24_LL3f_mi,18
237,172,132,222,666,342,324,0,1,4,p_1.30.24_LL3f_mi,18
238,184,137,225,663,324,339,0,1,4,p_1.30.24_LL3f_mi,18
239,176,136,226,660,337,323,0,1,4,p_1.30.24_LL3f_mi,18
240,178,137,230,656,319,337,0,1,4,p_1.30.24_LL3f_mi,18
241,174,131,220,678,322,356,0,1,4,p_1.30.24_LL3f_mi,18
242,170,134,224,665,324,341,0,1,4,p_1.30.24_LL3f_mi,18
243,173,140,231,639,314,325,0,1,4,p_1.30.24_LL3f_mi,18
244,160,126,219,676,349,327,0,1,4,p_1.30.24_LL3f_mi,18
245,177,127,227,658,341,317,0,1,4,p_1.30.24_LL3f_mi,18
246,181,141,229,647,334,313,0,1,4,p_1.30.24_LL3f_mi,18
247,171,127,228,647,326,321,0,1,4,p_1.30.24_LL3f_mi,18
248,173,133,225,662,322,340,0,1,4,p_1.30.24_LL3f_mi,18
249,184,137,229,645,321,324,0,1,4,p_1.30.24_LL3f_mi,18
250,173,131,215,690,344,346,0,1,4,p_1.30.24_LL3f_mi,18
251,158,131,209,709,367,342,0,1,4,p_1.30.24_LL3f_mi,18
252,164,135,216,687,343,344,0,1,4,p_1.30.24_LL3f_mi,18
253,185,143,229,649,325,324,0,1,4,p_1.30.24_LL3f_mi,18
254,177,129,224,669,336,333,0,1,4,p_1.30.24_LL3f_mi,18
255,163,137,210,699,351,348,0,1,4,p_1.30.24_LL3f_mi,18
256,171,137,227,656,321,335,0,1,4,p_1.30.24_LL3f_mi,18
257,184,133,232,642,306,336,0,1,4,p_1.30.24_LL3f_mi,18
258,170,132,217,686,338,348,0,1,4,p_1.30.24_LL3f_mi,18
259,182,140,231,643,317,326,0,1,4,p_1.30.24_LL3f_mi,18
260,178,142,228,653,328,325,0,1,4,p_1.30.24_LL3f_mi,18
261,161,127,215,690,338,352,0,1,4,p_1.30.24_LL3f_mi,18
262,171,135,219,673,325,348,0,1,4,p_1.30.24_LL3f_mi,18
263,176,133,225,658,328,330,0,1,4,p_1.30.24_LL3f_mi,18
264,170,132,224,664,322,342,0,1,4,p_1.30.24_LL3f_mi,18
265,171,135,222,665,334,331,0,1,4,p_1.30.24_LL3f_mi,18
266,170,134,220,678,341,337,0,1,4,p_1.30.24_LL3f_mi,18
267,173,138,223,663,331,332,0,1,4,p_1.30.24_LL3f_mi,18
268,179,142,227,656,326,330,0,1,4,p_1.30.24_LL3f_mi,18
269,179,136,231,650,321,329,0,1,4,p_1.30.24_LL3f_mi,18
270,172,139,223,663,328,335,0,1,4,p_1.30.24_LL3f_mi,18
271,171,134,220,680,325,355,0,1,4,p_1.30.24_LL3f_mi,18
272,177,145,225,664,311,353,0,1,4,p_1.30.24_LL3f_mi,18
273,177,144,225,657,300,357,0,1,4,p_1.30.24_LL3f_mi,18
274,164,132,216,689,343,346,0,1,4,p_1.30.24_LL3f_mi,18
275,168,139,212,695,355,340,0,1,4,p_1.30.24_LL3f_mi,18
276,153,123,197,731,386,345,0,1,4,p_1.30.24_LL3f_mi,18
277,174,127,227,653,346,307,0,1,4,p_1.30.24_LL3f_mi,18
278,179,138,229,651,341,310,0,1,4,p_1.30.24_LL3f_mi,18
279,172,128,220,677,353,324,0,1,4,p_1.30.24_LL3f_mi,18
280,166,130,209,700,355,345,0,1,4,p_1.30.24_LL3f_mi,18
281,174,135,229,656,340,316,0,1,4,p_1.30.24_LL3f_mi,18
282,172,127,229,646,339,307,0,1,4,p_1.30.24_LL3f_mi,18
283,178,134,224,663,355,308,0,1,4,p_1.30.24_LL3f_mi,18
284,164,130,217,681,357,324,0,1,4,p_1.30.24_LL3f_mi,18
285,180,138,228,659,335,324,0,1,4,p_1.30.24_LL3f_mi,18
286,175,131,228,648,342,306,0,1,4,p_1.30.24_LL3f_mi,18
287,172,130,227,660,336,324,0,1,4,p_1.30.24_LL3f_mi,18
288,174,132,221,667,332,335,0,1,4,p_1.30.24_LL3f_mi,18
289,170,135,222,672,331,341,0,1,4,p_1.30.24_LL3f_mi,18
290,173,137,218,678,328,350,0,1,4,p_1.30.24_LL3f_mi,18
291,174,142,221,672,319,353,0,1,4,p_1.30.24_LL3f_mi,18
292,177,146,229,646,311,335,0,1,4,p_1.30.24_LL3f_mi,18
293,179,151,229,650,317,333,0,1,4,p_1.30.24_LL3f_mi,18
294,181,136,233,633,299,334,0,1,4,p_1.30.24_LL3f_mi,18
295,187,143,230,642,294,348,0,1,4,p_1.30.24_LL3f_mi,18
296,159,129,220,676,317,359,0,1,4,p_1.30.24_LL3f_mi,18
297,176,137,228,652,309,343,0,1,4,p_1.30.24_LL3f_mi,18
298,176,144,223,665,307,358,0,1,4,p_1.30.24_LL3f_mi,18
299,170,133,221,673,321,352,0,1,4,p_1.30.24_LL3f_mi,18
300,177,137,222,670,325,345,0,1,4,p_1.30.24_LL3f_mi,18
301,156,127,202,721,369,352,0,1,4,p_1.30.24_LL3f_mi,18
302,178,143,227,653,318,335,0,1,4,p_1.30.24_LL3f_mi,18
303,174,136,230,641,288,353,0,1,4,p_1.30.24_LL3f_mi,18
304,168,126,219,684,324,360,0,1,4,p_1.30.24_LL3f_mi,18
305,169,135,218,678,335,343,0,1,4,p_1.30.24_LL3f_mi,18
306,177,135,226,658,328,330,0,1,4,p_1.30.24_LL3f_mi,18
307,175,135,224,671,321,350,0,1,4,p_1.30.24_LL3f_mi,18
308,172,138,225,661,314,347,0,1,4,p_1.30.24_LL3f_mi,18
309,174,135,223,661,305,356,0,1,4,p_1.30.24_LL3f_mi,18
310,167,139,223,670,300,370,0,1,4,p_1.30.24_LL3f_mi,18
311,173,139,215,687,313,374,0,1,4,p_1.30.24_LL3f_mi,18
312,182,142,227,656,285,371,0,1,4,p_1.30.24_LL3f_mi,18
313,172,140,228,646,282,364,0,1,4,p_1.30.24_LL3f_mi,18
314,174,138,224,665,304,361,0,1,4,p_1.30.24_LL3f_mi,18
315,171,135,224,672,330,342,0,1,4,p_1.30.24_LL3f_mi,18
316,183,129,228,651,332,319,0,1,4,p_1.30.24_LL3f_mi,18
317,168,129,228,655,333,322,0,1,4,p_1.30.24_LL3f_mi,18
318,175,136,224,657,349,308,0,1,4,p_1.30.24_LL3f_mi,18
319,176,137,219,676,355,321,0,1,4,p_1.30.24_LL3f_mi,18
320,170,130,222,672,340,332,0,1,4,p_1.30.24_LL3f_mi,18
321,178,137,226,662,331,331,0,1,4,p_1.30.24_LL3f_mi,18
322,185,136,233,638,348,290,0,1,4,p_1.30.24_LL3f_mi,18
323,160,130,213,694,370,324,0,1,4,p_1.30.24_LL3f_mi,18
324,167,136,221,671,337,334,0,1,4,p_1.30.24_LL3f_mi,18
325,176,143,226,660,322,338,0,1,4,p_1.30.24_LL3f_mi,18
326,165,128,209,699,341,358,0,1,4,p_1.30.24_LL3f_mi,18
327,179,141,227,663,336,327,0,1,4,p_1.30.24_LL3f_mi,18
328,172,137,221,673,335,338,0,1,4,p_1.30.24_LL3f_mi,18
329,175,135,226,658,318,340,0,1,4,p_1.30.24_LL3f_mi,18
330,166,130,221,675,328,347,0,1,4,p_1.30.24_LL3f_mi,18
331,177,135,219,680,337,343,0,1,4,p_1.30.24_LL3f_mi,18
332,164,129,221,671,328,343,0,1,4,p_1.30.24_LL3f_mi,18
333,183,143,227,653,328,325,0,1,4,p_1.30.24_LL3f_mi,18
334,172,134,223,659,327,332,0,1,4,p_1.30.24_LL3f_mi,18
335,182,141,232,652,322,330,0,1,4,p_1.30.24_LL3f_mi,18
336,176,127,227,651,333,318,0,1,4,p_1.30.24_LL3f_mi,18
337,177,134,224,671,329,342,0,1,4,p_1.30.24_LL3f_mi,18
338,160,127,213,695,321,374,0,1,4,p_1.30.24_LL3f_mi,18
339,176,141,227,659,319,340,0,1,4,p_1.30.24_LL3f_mi,18
340,169,139,220,669,332,337,0,1,4,p_1.30.24_LL3f_mi,18
341,174,128,229,650,337,313,0,1,4,p_1.30.24_LL3f_mi,18
342,172,133,231,643,317,326,0,1,4,p_1.30.24_LL3f_mi,18
343,181,139,231,642,313,329,0,1,4,p_1.30.24_LL3f_mi,18
344,176,138,228,657,321,336,0,1,4,p_1.30.24_LL3f_mi,18
345,175,127,219,686,346,340,0,1,4,p_1.30.24_LL3f_mi,18
346,175,133,224,670,339,331,0,1,4,p_1.30.24_LL3f_mi,18
347,173,136,217,684,346,338,0,1,4,p_1.30.24_LL3f_mi,18
348,169,125,221,670,332,338,0,1,4,p_1.30.24_LL3f_mi,18
349,177,141,223,668,322,346,0,1,4,p_1.30.24_LL3f_mi,18
350,170,124,214,691,334,357,0,1,4,p_1.30.24_LL3f_mi,18
1,9,9,12,618,309,309,0,1,5,p_1.30.24_LL3f_mi,18
2,88,82,112,870,423,447,0,1,5,p_1.30.24_LL3f_mi,18
3,127,110,169,786,383,403,0,1,5,p_1.30.24_LL3f_mi,18
4,171,135,211,704,353,351,0,1,5,p_1.30.24_LL3f_mi,18
5,174,135,224,664,316,348,0,1,5,p_1.30.24_LL3f_mi,18
6,180,144,232,631,314,317,0,1,5,p_1.30.24_LL3f_mi,18
7,191,155,233,635,306,329,0,1,5,p_1.30.24_LL3f_mi,18
8,169,128,224,666,322,344,0,1,5,p_1.30.24_LL3f_mi,18
9,159,131,212,695,339,356,0,1,5,p_1.30.24_LL3f_mi,18
10,167,130,219,678,328,350,0,1,5,p_1.30.24_LL3f_mi,18
11,180,149,227,655,311,344,0,1,5,p_1.30.24_LL3f_mi,18
12,174,144,228,646,301,345,0,1,5,p_1.30.24_LL3f_mi,18
13,181,146,234,623,309,314,0,1,5,p_1.30.24_LL3f_mi,18
14,166,124,222,676,338,338,0,1,5,p_1.30.24_LL3f_mi,18
15,174,131,223,677,354,323,0,1,5,p_1.30.24_LL3f_mi,18
16,168,128,215,693,351,342,0,1,5,p_1.30.24_LL3f_mi,18
17,168,128,222,671,348,323,0,1,5,p_1.30.24_LL3f_mi,18
18,172,140,222,672,337,335,0,1,5,p_1.30.24_LL3f_mi,18
19,171,132,224,658,326,332,0,1,5,p_1.30.24_LL3f_mi,18
20,176,132,228,648,313,335,0,1,5,p_1.30.24_LL3f_mi,18
21,164,125,220,673,327,346,0,1,5,p_1.30.24_LL3f_mi,18
22,176,129,218,680,335,345,0,1,5,p_1.30.24_LL3f_mi,18
23,179,132,225,662,323,339,0,1,5,p_1.30.24_LL3f_mi,18
24,182,137,229,650,320,330,0,1,5,p_1.30.24_LL3f_mi,18
25,174,135,226,657,330,327,0,1,5,p_1.30.24_LL3f_mi,18
26,158,132,201,726,365,361,0,1,5,p_1.30.24_LL3f_mi,18
27,176,145,220,677,318,359,0,1,5,p_1.30.24_LL3f_mi,18
28,175,135,225,658,336,322,0,1,5,p_1.30.24_LL3f_mi,18
29,176,135,227,661,345,316,0,1,5,p_1.30.24_LL3f_mi,18
30,166,130,223,669,352,317,0,1,5,p_1.30.24_LL3f_mi,18
31,174,136,217,687,360,327,0,1,5,p_1.30.24_LL3f_mi,18
32,163,135,211,700,367,333,0,1,5,p_1.30.24_LL3f_mi,18
33,169,125,227,656,324,332,0,1,5,p_1.30.24_LL3f_mi,18
34,173,142,220,675,334,341,0,1,5,p_1.30.24_LL3f_mi,18
35,165,138,220,673,328,345,0,1,5,p_1.30.24_LL3f_mi,18
36,180,142,224,659,314,345,0,1,5,p_1.30.24_LL3f_mi,18
37,163,131,221,668,315,353,0,1,5,p_1.30.24_LL3f_mi,18
38,170,136,226,655,308,347,0,1,5,p_1.30.24_LL3f_mi,18
39,172,130,222,667,322,345,0,1,5,p_1.30.24_LL3f_mi,18
40,170,132,227,655,327,328,0,1,5,p_1.30.24_LL3f_mi,18
41,177,134,227,654,326,328,0,1,5,p_1.30.24_LL3f_mi,18
42,172,140,226,664,322,342,0,1,5,p_1.30.24_LL3f_mi,18
43,175,133,225,663,335,328,0,1,5,p_1.30.24_LL3f_mi,18
44,181,140,225,666,350,316,0,1,5,p_1.30.24_LL3f_mi,18
45,172,133,216,685,367,318,0,1,5,p_1.30.24_LL3f_mi,18
46,178,147,229,649,326,323,0,1,5,p_1.30.24_LL3f_mi,18
47,179,139,226,655,321,334,0,1,5,p_1.30.24_LL3f_mi,18
48,173,128,228,652,335,317,0,1,5,p_1.30.24_LL3f_mi,18
49,178,136,227,656,340,316,0,1,5,p_1.30.24_LL3f_mi,18
50,169,133,220,681,363,318,0,1,5,p_1.30.24_LL3f_mi,18
51,155,119,203,715,376,339,0,1,5,p_1.30.24_LL3f_mi,18
52,183,132,230,643,333,310,0,1,5,p_1.30.24_LL3f_mi,18
53,174,132,223,668,347,321,0,1,5,p_1.30.24_LL3f_mi,18
54,185,129,233,635,335,300,0,1,5,p_1.30.24_LL3f_mi,18
55,178,142,227,661,345,316,0,1,5,p_1.30.24_LL3f_mi,18
56,174,136,222,672,349,323,0,1,5,p_1.30.24_LL3f_mi,18
57,179,137,224,665,319,346,0,1,5,p_1.30.24_LL3f_mi,18
58,165,131,221,671,335,336,0,1,5,p_1.30.24_LL3f_mi,18
59,171,142,225,670,324,346,0,1,5,p_1.30.24_LL3f_mi,18
60,173,135,217,683,335,348,0,1,5,p_1.30.24_LL3f_mi,18
61,178,140,224,659,322,337,0,1,5,p_1.30.24_LL3f_mi,18
62,171,140,220,678,327,351,0,1,5,p_1.30.24_LL3f_mi,18
63,162,129,216,684,319,365,0,1,5,p_1.30.24_LL3f_mi,18
64,172,136,221,672,322,350,0,1,5,p_1.30.24_LL3f_mi,18
65,177,148,230,645,305,340,0,1,5,p_1.30.24_LL3f_mi,18
66,175,145,224,664,315,349,0,1,5,p_1.30.24_LL3f_mi,18
67,173,140,216,689,344,345,0,1,5,p_1.30.24_LL3f_mi,18
68,169,133,215,687,334,353,0,1,5,p_1.30.24_LL3f_mi,18
69,170,128,221,671,335,336,0,1,5,p_1.30.24_LL3f_mi,18
70,183,133,225,660,316,344,0,1,5,p_1.30.24_LL3f_mi,18
71,178,142,229,646,307,339,0,1,5,p_1.30.24_LL3f_mi,18
72,168,139,214,696,342,354,0,1,5,p_1.30.24_LL3f_mi,18
73,176,134,224,666,310,356,0,1,5,p_1.30.24_LL3f_mi,18
74,180,137,226,653,310,343,0,1,5,p_1.30.24_LL3f_mi,18
75,185,141,230,646,308,338,0,1,5,p_1.30.24_LL3f_mi,18
76,160,129,204,715,350,365,0,1,5,p_1.30.24_LL3f_mi,18
77,162,122,219,678,346,332,0,1,5,p_1.30.24_LL3f_mi,18
78,180,133,230,645,318,327,0,1,5,p_1.30.24_LL3f_mi,18
79,172,139,223,667,323,344,0,1,5,p_1.30.24_LL3f_mi,18
80,173,138,219,679,350,329,0,1,5,p_1.30.24_LL3f_mi,18
81,178,137,233,633,343,290,0,1,5,p_1.30.24_LL3f_mi,18
82,179,141,228,651,344,307,0,1,5,p_1.30.24_LL3f_mi,18
83,171,135,227,653,338,315,0,1,5,p_1.30.24_LL3f_mi,18
84,189,143,233,637,322,315,0,1,5,p_1.30.24_LL3f_mi,18
85,177,134,229,654,338,316,0,1,5,p_1.30.24_LL3f_mi,18
86,171,134,225,660,329,331,0,1,5,p_1.30.24_LL3f_mi,18
87,163,127,216,690,349,341,0,1,5,p_1.30.24_LL3f_mi,18
88,173,137,223,673,323,350,0,1,5,p_1.30.24_LL3f_mi,18
89,178,139,228,653,320,333,0,1,5,p_1.30.24_LL3f_mi,18
90,178,142,224,663,320,343,0,1,5,p_1.30.24_LL3f_mi,18
91,172,139,224,671,318,353,0,1,5,p_1.30.24_LL3f_mi,18
92,177,141,223,664,310,354,0,1,5,p_1.30.24_LL3f_mi,18
93,176,135,222,670,313,357,0,1,5,p_1.30.24_LL3f_mi,18
94,182,147,231,646,304,342,0,1,5,p_1.30.24_LL3f_mi,18
95,165,129,216,681,338,343,0,1,5,p_1.30.24_LL3f_mi,18
96,175,136,222,660,330,330,0,1,5,p_1.30.24_LL3f_mi,18
97,170,124,222,665,328,337,0,1,5,p_1.30.24_LL3f_mi,18
98,178,139,225,663,313,350,0,1,5,p_1.30.24_LL3f_mi,18
99,176,134,230,643,315,328,0,1,5,p_1.30.24_LL3f_mi,18
100,152,121,194,655,332,323,0,1,5,p_1.30.24_LL3f_mi,18
101,114,97,142,681,340,341,0,1,5,p_1.30.24_LL3f_mi,18
102,115,97,149,599,305,294,0,1,5,p_1.30.24_LL3f_mi,18
103,105,89,139,533,300,233,0,1,5,p_1.30.24_LL3f_mi,18
104,95,81,128,474,253,221,0,1,5,p_1.30.24_LL3f_mi,18
105,81,68,107,440,226,214,0,1,5,p_1.30.24_LL3f_mi,18
106,68,56,91,390,209,181,0,1,5,p_1.30.24_LL3f_mi,18
107,57,52,78,343,186,157,0,1,5,p_1.30.24_LL3f_mi,18
108,46,39,61,295,157,138,0,1,5,p_1.30.24_LL3f_mi,18
109,33,32,43,253,131,122,0,1,5,p_1.30.24_LL3f_mi,18
110,24,21,32,214,109,105,0,1,5,p_1.30.24_LL3f_mi,18
111,28,24,34,175,83,92,0,1,5,p_1.30.24_LL3f_mi,18
112,31,26,40,152,75,77,0,1,5,p_1.30.24_LL3f_mi,18
113,28,23,37,123,62,61,0,1,5,p_1.30.24_LL3f_mi,18
114,29,23,39,124,70,54,0,1,5,p_1.30.24_LL3f_mi,18
115,26,18,35,115,65,50,0,1,5,p_1.30.24_LL3f_mi,18
116,27,20,34,114,63,51,0,1,5,p_1.30.24_LL3f_mi,18
117,27,21,35,114,65,49,0,1,5,p_1.30.24_LL3f_mi,18
118,28,23,35,113,63,50,0,1,5,p_1.30.24_LL3f_mi,18
119,25,21,33,99,58,41,0,1,5,p_1.30.24_LL3f_mi,18
120,23,16,32,92,51,41,0,1,5,p_1.30.24_LL3f_mi,18
121,26,22,34,104,54,50,0,1,5,p_1.30.24_LL3f_mi,18
122,26,17,35,107,61,46,0,1,5,p_1.30.24_LL3f_mi,18
123,25,21,32,104,54,50,0,1,5,p_1.30.24_LL3f_mi,18
124,23,17,33,103,54,49,0,1,5,p_1.30.24_LL3f_mi,18
125,28,24,36,123,57,66,18,1,5,p_1.30.24_LL3f_mi,18
126,26,21,36,120,59,61,10,1,5,p_1.30.24_LL3f_mi,18
127,24,20,34,122,59,63,4,1,5,p_1.30.24_LL3f_mi,18
128,29,21,36,122,59,63,1,1,5,p_1.30.24_LL3f_mi,18
129,31,27,36,123,57,66,1,1,5,p_1.30.24_LL3f_mi,18
130,28,19,35,126,65,61,0,1,5,p_1.30.24_LL3f_mi,18
131,25,22,34,113,57,56,0,1,5,p_1.30.24_LL3f_mi,18
132,29,23,34,108,52,56,0,1,5,p_1.30.24_LL3f_mi,18
133,25,20,34,102,44,58,0,1,5,p_1.30.24_LL3f_mi,18
134,28,21,36,106,50,56,0,1,5,p_1.30.24_LL3f_mi,18
135,27,22,34,98,46,52,0,1,5,p_1.30.24_LL3f_mi,18
136,28,22,34,95,47,48,0,1,5,p_1.30.24_LL3f_mi,18
137,27,22,34,97,47,50,0,1,5,p_1.30.24_LL3f_mi,18
138,28,21,33,102,48,54,0,1,5,p_1.30.24_LL3f_mi,18
139,22,14,32,94,42,52,0,1,5,p_1.30.24_LL3f_mi,18
140,28,22,36,117,54,63,18,1,5,p_1.30.24_LL3f_mi,18
141,25,19,34,118,65,53,14,1,5,p_1.30.24_LL3f_mi,18
142,28,19,34,118,70,48,6,1,5,p_1.30.24_LL3f_mi,18
143,28,23,36,122,70,52,2,1,5,p_1.30.24_LL3f_mi,18
144,27,19,37,117,66,51,0,1,5,p_1.30.24_LL3f_mi,18
145,30,25,35,113,60,53,0,1,5,p_1.30.24_LL3f_mi,18
146,26,23,35,111,59,52,0,1,5,p_1.30.24_LL3f_mi,18
147,31,21,36,117,64,53,0,1,5,p_1.30.24_LL3f_mi,18
148,28,22,34,104,54,50,0,1,5,p_1.30.24_LL3f_mi,18
149,27,24,33,98,50,48,0,1,5,p_1.30.24_LL3f_mi,18
150,27,20,34,103,53,50,0,1,5,p_1.30.24_LL3f_mi,18
151,55,34,78,115,56,59,0,1,5,p_1.30.24_LL3f_mi,18
152,62,42,94,144,70,74,0,1,5,p_1.30.24_LL3f_mi,18
153,89,66,122,201,97,104,0,1,5,p_1.30.24_LL3f_mi,18
154,103,69,143,264,127,137,0,1,5,p_1.30.24_LL3f_mi,18
155,124,97,160,356,161,195,19,1,5,p_1.30.24_LL3f_mi,18
156,132,111,177,410,174,236,11,1,5,p_1.30.24_LL3f_mi,18
157,153,112,194,457,227,230,6,1,5,p_1.30.24_LL3f_mi,18
158,163,120,208,513,270,243,2,1,5,p_1.30.24_LL3f_mi,18
159,177,134,220,568,303,265,1,1,5,p_1.30.24_LL3f_mi,18
160,193,147,240,602,317,285,1,1,5,p_1.30.24_LL3f_mi,18
161,182,136,234,626,314,312,0,1,5,p_1.30.24_LL3f_mi,18
162,180,136,224,659,341,318,0,1,5,p_1.30.24_LL3f_mi,18
163,166,132,220,675,332,343,0,1,5,p_1.30.24_LL3f_mi,18
164,172,135,217,681,325,356,0,1,5,p_1.30.24_LL3f_mi,18
165,170,126,220,670,331,339,0,1,5,p_1.30.24_LL3f_mi,18
166,173,137,222,670,317,353,0,1,5,p_1.30.24_LL3f_mi,18
167,161,132,214,687,336,351,0,1,5,p_1.30.24_LL3f_mi,18
168,172,134,218,681,351,330,0,1,5,p_1.30.24_LL3f_mi,18
169,181,128,229,647,327,320,0,1,5,p_1.30.24_LL3f_mi,18
170,168,135,220,675,348,327,18,1,5,p_1.30.24_LL3f_mi,18
171,170,138,221,676,343,333,8,1,5,p_1.30.24_LL3f_mi,18
172,165,133,220,675,337,338,4,1,5,p_1.30.24_LL3f_mi,18
173,182,139,229,655,327,328,2,1,5,p_1.30.24_LL3f_mi,18
174,168,139,216,683,347,336,1,1,5,p_1.30.24_LL3f_mi,18
175,175,132,224,669,344,325,1,1,5,p_1.30.24_LL3f_mi,18
176,159,131,204,722,375,347,1,1,5,p_1.30.24_LL3f_mi,18
177,171,134,223,665,332,333,0,1,5,p_1.30.24_LL3f_mi,18
178,182,141,230,638,325,313,0,1,5,p_1.30.24_LL3f_mi,18
179,172,133,225,654,324,330,0,1,5,p_1.30.24_LL3f_mi,18
180,177,144,230,648,313,335,0,1,5,p_1.30.24_LL3f_mi,18
181,172,132,219,677,332,345,0,1,5,p_1.30.24_LL3f_mi,18
182,179,143,225,668,328,340,0,1,5,p_1.30.24_LL3f_mi,18
183,170,138,221,678,337,341,0,1,5,p_1.30.24_LL3f_mi,18
184,175,138,222,668,341,327,0,1,5,p_1.30.24_LL3f_mi,18
185,179,141,235,635,326,309,0,1,5,p_1.30.24_LL3f_mi,18
186,172,125,221,666,336,330,0,1,5,p_1.30.24_LL3f_mi,18
187,163,131,210,699,346,353,0,1,5,p_1.30.24_LL3f_mi,18
188,182,140,224,665,336,329,0,1,5,p_1.30.24_LL3f_mi,18
189,177,138,231,646,329,317,0,1,5,p_1.30.24_LL3f_mi,18
190,180,142,227,662,332,330,0,1,5,p_1.30.24_LL3f_mi,18
191,174,130,223,672,325,347,0,1,5,p_1.30.24_LL3f_mi,18
192,171,135,225,662,330,332,0,1,5,p_1.30.24_LL3f_mi,18
193,180,134,225,661,336,325,0,1,5,p_1.30.24_LL3f_mi,18
194,163,131,216,681,336,345,0,1,5,p_1.30.24_LL3f_mi,18
195,176,137,223,665,323,342,0,1,5,p_1.30.24_LL3f_mi,18
196,175,139,226,657,309,348,0,1,5,p_1.30.24_LL3f_mi,18
197,179,136,226,660,298,362,0,1,5,p_1.30.24_LL3f_mi,18
198,173,136,229,651,301,350,0,1,5,p_1.30.24_LL3f_mi,18
199,167,129,217,686,332,354,0,1,5,p_1.30.24_LL3f_mi,18
200,173,143,228,652,309,343,0,1,5,p_1.30.24_LL3f_mi,18
201,163,129,209,703,339,364,0,1,5,p_1.30.24_LL3f_mi,18
202,176,137,225,673,321,352,0,1,5,p_1.30.24_LL3f_mi,18
203,183,145,224,665,333,332,0,1,5,p_1.30.24_LL3f_mi,18
204,179,130,225,659,344,315,0,1,5,p_1.30.24_LL3f_mi,18
205,172,136,223,674,353,321,0,1,5,p_1.30.24_LL3f_mi,18
206,178,140,220,672,347,325,0,1,5,p_1.30.24_LL3f_mi,18
207,176,135,232,642,315,327,0,1,5,p_1.30.24_LL3f_mi,18
208,182,141,226,656,324,332,0,1,5,p_1.30.24_LL3f_mi,18
209,183,141,224,666,321,345,0,1,5,p_1.30.24_LL3f_mi,18
210,164,136,219,678,335,343,0,1,5,p_1.30.24_LL3f_mi,18
211,176,128,221,671,343,328,0,1,5,p_1.30.24_LL3f_mi,18
212,173,140,212,695,342,353,0,1,5,p_1.30.24_LL3f_mi,18
213,179,136,225,661,352,309,0,1,5,p_1.30.24_LL3f_mi,18
214,167,128,220,674,349,325,0,1,5,p_1.30.24_LL3f_mi,18
215,169,124,221,677,344,333,0,1,5,p_1.30.24_LL3f_mi,18
216,174,130,223,672,338,334,0,1,5,p_1.30.24_LL3f_mi,18
217,171,135,222,673,334,339,0,1,5,p_1.30.24_LL3f_mi,18
218,169,133,220,681,337,344,0,1,5,p_1.30.24_LL3f_mi,18
219,170,138,221,672,320,352,0,1,5,p_1.30.24_LL3f_mi,18
220,172,134,225,656,317,339,0,1,5,p_1.30.24_LL3f_mi,18
221,180,151,232,639,313,326,0,1,5,p_1.30.24_LL3f_mi,18
222,168,125,223,669,323,346,0,1,5,p_1.30.24_LL3f_mi,18
223,171,136,220,678,339,339,0,1,5,p_1.30.24_LL3f_mi,18
224,171,132,219,673,326,347,0,1,5,p_1.30.24_LL3f_mi,18
225,169,126,219,681,340,341,0,1,5,p_1.30.24_LL3f_mi,18
226,155,131,199,725,354,371,0,1,5,p_1.30.24_LL3f_mi,18
227,175,139,227,662,336,326,0,1,5,p_1.30.24_LL3f_mi,18
228,178,130,228,647,334,313,0,1,5,p_1.30.24_LL3f_mi,18
229,171,128,223,667,343,324,0,1,5,p_1.30.24_LL3f_mi,18
230,183,135,229,650,328,322,0,1,5,p_1.30.24_LL3f_mi,18
231,175,138,219,678,341,337,0,1,5,p_1.30.24_LL3f_mi,18
232,170,132,222,661,340,321,0,1,5,p_1.30.24_LL3f_mi,18
233,182,143,221,665,346,319,0,1,5,p_1.30.24_LL3f_mi,18
234,169,132,216,687,370,317,0,1,5,p_1.30.24_LL3f_mi,18
235,172,135,219,674,357,317,0,1,5,p_1.30.24_LL3f_mi,18
236,176,132,226,662,329,333,0,1,5,p_1.30.24_LL3f_mi,18
237,170,133,223,669,329,340,0,1,5,p_1.30.24_LL3f_mi,18
238,171,139,221,671,328,343,0,1,5,p_1.30.24_LL3f_mi,18
239,179,145,223,669,334,335,0,1,5,p_1.30.24_LL3f_mi,18
240,178,129,221,675,336,339,0,1,5,p_1.30.24_LL3f_mi,18
241,167,137,215,687,332,355,0,1,5,p_1.30.24_LL3f_mi,18
242,173,138,221,673,339,334,0,1,5,p_1.30.24_LL3f_mi,18
243,169,130,227,660,319,341,0,1,5,p_1.30.24_LL3f_mi,18
244,178,129,225,657,329,328,0,1,5,p_1.30.24_LL3f_mi,18
245,174,136,223,667,338,329,0,1,5,p_1.30.24_LL3f_mi,18
246,180,134,231,638,316,322,0,1,5,p_1.30.24_LL3f_mi,18
247,175,126,223,667,329,338,0,1,5,p_1.30.24_LL3f_mi,18
248,171,132,224,669,352,317,0,1,5,p_1.30.24_LL3f_mi,18
249,173,134,223,671,342,329,0,1,5,p_1.30.24_LL3f_mi,18
250,179,137,229,647,321,326,0,1,5,p_1.30.24_LL3f_mi,18
251,173,137,213,696,342,354,0,1,5,p_1.30.24_LL3f_mi,18
252,168,135,225,661,313,348,0,1,5,p_1.30.24_LL3f_mi,18
253,177,138,226,659,323,336,0,1,5,p_1.30.24_LL3f_mi,18
254,173,136,224,662,324,338,0,1,5,p_1.30.24_LL3f_mi,18
255,179,132,228,662,335,327,0,1,5,p_1.30.24_LL3f_mi,18
256,175,136,228,653,337,316,0,1,5,p_1.30.24_LL3f_mi,18
257,178,144,226,660,338,322,0,1,5,p_1.30.24_LL3f_mi,18
258,178,125,224,670,337,333,0,1,5,p_1.30.24_LL3f_mi,18
259,173,145,220,680,331,349,0,1,5,p_1.30.24_LL3f_mi,18
260,176,136,225,659,310,349,0,1,5,p_1.30.24_LL3f_mi,18
261,176,138,221,671,310,361,0,1,5,p_1.30.24_LL3f_mi,18
262,169,134,218,678,300,378,0,1,5,p_1.30.24_LL3f_mi,18
263,172,143,226,663,317,346,0,1,5,p_1.30.24_LL3f_mi,18
264,178,142,230,648,309,339,0,1,5,p_1.30.24_LL3f_mi,18
265,182,135,229,646,328,318,0,1,5,p_1.30.24_LL3f_mi,18
266,177,136,227,651,331,320,0,1,5,p_1.30.24_LL3f_mi,18
267,166,135,210,698,351,347,0,1,5,p_1.30.24_LL3f_mi,18
268,170,135,223,669,336,333,0,1,5,p_1.30.24_LL3f_mi,18
269,174,132,224,669,338,331,0,1,5,p_1.30.24_LL3f_mi,18
270,176,139,224,667,345,322,0,1,5,p_1.30.24_LL3f_mi,18
271,177,134,226,661,340,321,0,1,5,p_1.30.24_LL3f_mi,18
272,174,133,226,650,333,317,0,1,5,p_1.30.24_LL3f_mi,18
273,177,139,231,642,341,301,0,1,5,p_1.30.24_LL3f_mi,18
274,176,140,228,655,337,318,0,1,5,p_1.30.24_LL3f_mi,18
275,180,140,230,649,330,319,0,1,5,p_1.30.24_LL3f_mi,18
276,165,134,209,705,359,346,0,1,5,p_1.30.24_LL3f_mi,18
277,162,121,212,695,349,346,0,1,5,p_1.30.24_LL3f_mi,18
278,182,130,230,649,336,313,0,1,5,p_1.30.24_LL3f_mi,18
279,166,134,224,659,339,320,0,1,5,p_1.30.24_LL3f_mi,18
280,173,135,224,663,333,330,0,1,5,p_1.30.24_LL3f_mi,18
281,172,133,225,663,334,329,0,1,5,p_1.30.24_LL3f_mi,18
282,180,141,230,652,314,338,0,1,5,p_1.30.24_LL3f_mi,18
283,177,133,227,652,305,347,0,1,5,p_1.30.24_LL3f_mi,18
284,185,142,230,651,317,334,0,1,5,p_1.30.24_LL3f_mi,18
285,171,136,220,673,312,361,0,1,5,p_1.30.24_LL3f_mi,18
286,173,134,226,656,309,347,0,1,5,p_1.30.24_LL3f_mi,18
287,171,134,224,660,310,350,0,1,5,p_1.30.24_LL3f_mi,18
288,162,131,213,694,338,356,0,1,5,p_1.30.24_LL3f_mi,18
289,171,136,220,675,317,358,0,1,5,p_1.30.24_LL3f_mi,18
290,171,135,218,685,318,367,0,1,5,p_1.30.24_LL3f_mi,18
291,173,135,223,668,321,347,0,1,5,p_1.30.24_LL3f_mi,18
292,180,145,226,657,319,338,0,1,5,p_1.30.24_LL3f_mi,18
293,169,137,221,676,308,368,0,1,5,p_1.30.24_LL3f_mi,18
294,171,134,220,673,311,362,0,1,5,p_1.30.24_LL3f_mi,18
295,174,140,227,662,310,352,0,1,5,p_1.30.24_LL3f_mi,18
296,180,143,223,668,324,344,0,1,5,p_1.30.24_LL3f_mi,18
297,177,138,224,660,323,337,0,1,5,p_1.30.24_LL3f_mi,18
298,179,148,227,652,316,336,0,1,5,p_1.30.24_LL3f_mi,18
299,172,132,222,666,333,333,0,1,5,p_1.30.24_LL3f_mi,18
300,181,136,231,648,356,292,0,1,5,p_1.30.24_LL3f_mi,18
301,160,119,208,708,395,313,0,1,5,p_1.30.24_LL3f_mi,18
302,172,133,220,678,365,313,0,1,5,p_1.30.24_LL3f_mi,18
303,180,137,227,655,347,308,0,1,5,p_1.30.24_LL3f_mi,18
304,180,134,227,659,335,324,0,1,5,p_1.30.24_LL3f_mi,18
305,177,133,231,641,307,334,0,1,5,p_1.30.24_LL3f_mi,18
306,169,131,223,670,312,358,0,1,5,p_1.30.24_LL3f_mi,18
307,177,141,225,662,300,362,0,1,5,p_1.30.24_LL3f_mi,18
308,174,137,222,674,312,362,0,1,5,p_1.30.24_LL3f_mi,18
309,174,141,223,671,320,351,0,1,5,p_1.30.24_LL3f_mi,18
310,177,134,229,653,325,328,0,1,5,p_1.30.24_LL3f_mi,18
311,172,131,224,670,351,319,0,1,5,p_1.30.24_LL3f_mi,18
312,172,132,223,661,340,321,0,1,5,p_1.30.24_LL3f_mi,18
313,185,147,233,637,317,320,0,1,5,p_1.30.24_LL3f_mi,18
314,182,141,229,649,334,315,0,1,5,p_1.30.24_LL3f_mi,18
315,169,137,224,660,340,320,0,1,5,p_1.30.24_LL3f_mi,18
316,180,143,225,657,331,326,0,1,5,p_1.30.24_LL3f_mi,18
317,177,130,231,649,333,316,0,1,5,p_1.30.24_LL3f_mi,18
318,175,129,222,671,354,317,0,1,5,p_1.30.24_LL3f_mi,18
319,177,131,224,663,361,302,0,1,5,p_1.30.24_LL3f_mi,18
320,180,138,229,649,349,300,0,1,5,p_1.30.24_LL3f_mi,18
321,187,143,236,630,323,307,0,1,5,p_1.30.24_LL3f_mi,18
322,172,131,224,660,326,334,0,1,5,p_1.30.24_LL3f_mi,18
323,181,139,224,668,306,362,0,1,5,p_1.30.24_LL3f_mi,18
324,163,128,213,693,337,356,0,1,5,p_1.30.24_LL3f_mi,18
325,177,144,226,657,315,342,0,1,5,p_1.30.24_LL3f_mi,18
326,162,136,206,711,345,366,0,1,5,p_1.30.24_LL3f_mi,18
327,171,140,219,677,332,345,0,1,5,p_1.30.24_LL3f_mi,18
328,182,149,223,668,330,338,0,1,5,p_1.30.24_LL3f_mi,18
329,177,141,230,640,313,327,0,1,5,p_1.30.24_LL3f_mi,18
330,176,143,227,654,328,326,0,1,5,p_1.30.24_LL3f_mi,18
331,171,135,216,679,343,336,0,1,5,p_1.30.24_LL3f_mi,18
332,175,136,224,663,341,322,0,1,5,p_1.30.24_LL3f_mi,18
333,183,142,228,648,340,308,0,1,5,p_1.30.24_LL3f_mi,18
334,180,134,229,651,337,314,0,1,5,p_1.30.24_LL3f_mi,18
335,172,134,220,676,342,334,0,1,5,p_1.30.24_LL3f_mi,18
336,174,146,221,672,351,321,0,1,5,p_1.30.24_LL3f_mi,18
337,182,138,226,653,336,317,0,1,5,p_1.30.24_LL3f_mi,18
338,176,123,223,668,342,326,0,1,5,p_1.30.24_LL3f_mi,18
339,179,133,232,640,307,333,0,1,5,p_1.30.24_LL3f_mi,18
340,172,136,219,680,343,337,0,1,5,p_1.30.24_LL3f_mi,18
341,165,136,221,668,332,336,0,1,5,p_1.30.24_LL3f_mi,18
342,166,119,218,679,346,333,0,1,5,p_1.30.24_LL3f_mi,18
343,183,133,227,660,339,321,0,1,5,p_1.30.24_LL3f_mi,18
344,181,140,229,650,328,322,0,1,5,p_1.30.24_LL3f_mi,18
345,176,135,233,635,319,316,0,1,5,p_1.30.24_LL3f_mi,18
346,169,140,221,674,332,342,0,1,5,p_1.30.24_LL3f_mi,18
347,172,133,225,658,329,329,0,1,5,p_1.30.24_LL3f_mi,18
348,164,123,216,680,345,335,0,1,5,p_1.30.24_LL3f_mi,18
349,176,131,231,639,334,305,0,1,5,p_1.30.24_LL3f_mi,18
350,172,134,220,679,375,304,0,1,5,p_1.30.24_LL3f_mi,18
1,8,7,10,651,333,318,0,1,1,p_1.30.24_LL3f_mi,19
2,105,92,136,840,403,437,0,1,1,p_1.30.24_LL3f_mi,19
3,129,102,169,784,367,417,0,1,1,p_1.30.24_LL3f_mi,19
4,169,138,215,689,326,363,0,1,1,p_1.30.24_LL3f_mi,19
5,180,142,228,645,308,337,0,1,1,p_1.30.24_LL3f_mi,19
6,187,143,232,636,317,319,0,1,1,p_1.30.24_LL3f_mi,19
7,178,139,226,657,318,339,0,1,1,p_1.30.24_LL3f_mi,19
8,172,138,225,669,329,340,0,1,1,p_1.30.24_LL3f_mi,19
9,167,124,211,698,357,341,0,1,1,p_1.30.24_LL3f_mi,19
10,169,139,213,693,349,344,0,1,1,p_1.30.24_LL3f_mi,19
11,166,122,217,686,334,352,0,1,1,p_1.30.24_LL3f_mi,19
12,167,135,222,672,319,353,0,1,1,p_1.30.24_LL3f_mi,19
13,172,130,218,684,320,364,0,1,1,p_1.30.24_LL3f_mi,19
14,173,137,220,676,324,352,0,1,1,p_1.30.24_LL3f_mi,19
15,177,142,226,657,326,331,0,1,1,p_1.30.24_LL3f_mi,19
16,175,134,223,662,344,318,0,1,1,p_1.30.24_LL3f_mi,19
17,174,132,220,677,358,319,0,1,1,p_1.30.24_LL3f_mi,19
18,173,136,227,655,341,314,0,1,1,p_1.30.24_LL3f_mi,19
19,178,129,223,664,351,313,0,1,1,p_1.30.24_LL3f_mi,19
20,182,139,225,659,343,316,0,1,1,p_1.30.24_LL3f_mi,19
21,172,133,221,675,338,337,0,1,1,p_1.30.24_LL3f_mi,19
22,168,124,220,675,342,333,0,1,1,p_1.30.24_LL3f_mi,19
23,175,136,224,668,327,341,0,1,1,p_1.30.24_LL3f_mi,19
24,178,137,219,678,338,340,0,1,1,p_1.30.24_LL3f_mi,19
25,177,136,222,668,336,332,0,1,1,p_1.30.24_LL3f_mi,19
26,169,131,215,693,339,354,0,1,1,p_1.30.24_LL3f_mi,19
27,167,130,219,675,350,325,0,1,1,p_1.30.24_LL3f_mi,19
28,172,134,225,664,319,345,0,1,1,p_1.30.24_LL3f_mi,19
29,173,134,226,652,297,355,0,1,1,p_1.30.24_LL3f_mi,19
30,170,132,222,670,305,365,0,1,1,p_1.30.24_LL3f_mi,19
31,173,132,220,675,312,363,0,1,1,p_1.30.24_LL3f_mi,19
32,172,137,223,668,316,352,0,1,1,p_1.30.24_LL3f_mi,19
33,176,134,229,659,322,337,0,1,1,p_1.30.24_LL3f_mi,19
34,176,137,223,669,324,345,0,1,1,p_1.30.24_LL3f_mi,19
35,169,127,226,655,321,334,0,1,1,p_1.30.24_LL3f_mi,19
36,161,127,220,675,328,347,0,1,1,p_1.30.24_LL3f_mi,19
37,173,130,226,655,336,319,0,1,1,p_1.30.24_LL3f_mi,19
38,170,132,216,688,358,330,0,1,1,p_1.30.24_LL3f_mi,19
39,163,132,212,694,342,352,0,1,1,p_1.30.24_LL3f_mi,19
40,175,138,217,682,326,356,0,1,1,p_1.30.24_LL3f_mi,19
41,173,128,219,680,338,342,0,1,1,p_1.30.24_LL3f_mi,19
42,172,133,228,654,327,327,0,1,1,p_1.30.24_LL3f_mi,19
43,181,134,230,648,304,344,0,1,1,p_1.30.24_LL3f_mi,19
44,172,143,218,686,316,370,0,1,1,p_1.30.24_LL3f_mi,19
45,182,136,232,638,287,351,0,1,1,p_1.30.24_LL3f_mi,19
46,169,137,220,679,317,362,0,1,1,p_1.30.24_LL3f_mi,19
47,177,130,228,648,319,329,0,1,1,p_1.30.24_LL3f_mi,19
48,172,137,218,683,326,357,0,1,1,p_1.30.24_LL3f_mi,19
49,184,135,228,645,304,341,0,1,1,p_1.30.24_LL3f_mi,19
50,170,135,222,665,329,336,0,1,1,p_1.30.24_LL3f_mi,19
51,158,127,209,709,343,366,0,1,1,p_1.30.24_LL3f_mi,19
52,177,131,224,664,309,355,0,1,1,p_1.30.24_LL3f_mi,19
53,185,143,228,654,318,336,0,1,1,p_1.30.24_LL3f_mi,19
54,169,130,225,663,314,349,0,1,1,p_1.30.24_LL3f_mi,19
55,168,132,220,669,321,348,0,1,1,p_1.30.24_LL3f_mi,19
56,178,132,223,665,341,324,0,1,1,p_1.30.24_LL3f_mi,19
57,181,144,224,667,335,332,0,1,1,p_1.30.24_LL3f_mi,19
58,174,132,227,659,333,326,0,1,1,p_1.30.24_LL3f_mi,19
59,169,134,226,660,325,335,0,1,1,p_1.30.24_LL3f_mi,19
60,173,136,223,670,331,339,0,1,1,p_1.30.24_LL3f_mi,19
61,177,139,231,642,311,331,0,1,1,p_1.30.24_LL3f_mi,19
62,177,134,227,661,315,346,0,1,1,p_1.30.24_LL3f_mi,19
63,177,144,229,650,304,346,0,1,1,p_1.30.24_LL3f_mi,19
64,170,134,226,656,296,360,0,1,1,p_1.30.24_LL3f_mi,19
65,173,128,227,656,320,336,0,1,1,p_1.30.24_LL3f_mi,19
66,179,134,232,635,313,322,0,1,1,p_1.30.24_LL3f_mi,19
67,170,133,217,683,334,349,0,1,1,p_1.30.24_LL3f_mi,19
68,177,135,224,668,342,326,0,1,1,p_1.30.24_LL3f_mi,19
69,177,144,221,675,330,345,0,1,1,p_1.30.24_LL3f_mi,19
70,175,127,229,644,337,307,0,1,1,p_1.30.24_LL3f_mi,19
71,175,133,228,652,341,311,0,1,1,p_1.30.24_LL3f_mi,19
72,179,140,230,646,325,321,0,1,1,p_1.30.24_LL3f_mi,19
73,184,137,232,639,333,306,0,1,1,p_1.30.24_LL3f_mi,19
74,165,124,218,677,344,333,0,1,1,p_1.30.24_LL3f_mi,19
75,177,139,230,651,324,327,0,1,1,p_1.30.24_LL3f_mi,19
76,161,132,205,716,354,362,0,1,1,p_1.30.24_LL3f_mi,19
77,172,125,222,667,336,331,0,1,1,p_1.30.24_LL3f_mi,19
78,167,130,216,683,337,346,0,1,1,p_1.30.24_LL3f_mi,19
79,178,138,228,659,329,330,0,1,1,p_1.30.24_LL3f_mi,19
80,173,136,225,658,330,328,0,1,1,p_1.30.24_LL3f_mi,19
81,168,141,214,694,353,341,0,1,1,p_1.30.24_LL3f_mi,19
82,173,140,224,665,342,323,0,1,1,p_1.30.24_LL3f_mi,19
83,175,136,220,673,347,326,0,1,1,p_1.30.24_LL3f_mi,19
84,173,139,223,669,343,326,0,1,1,p_1.30.24_LL3f_mi,19
85,177,142,225,657,335,322,0,1,1,p_1.30.24_LL3f_mi,19
86,180,144,221,675,335,340,0,1,1,p_1.30.24_LL3f_mi,19
87,172,138,224,673,339,334,0,1,1,p_1.30.24_LL3f_mi,19
88,185,141,231,639,298,341,0,1,1,p_1.30.24_LL3f_mi,19
89,172,144,223,662,333,329,0,1,1,p_1.30.24_LL3f_mi,19
90,184,134,231,647,330,317,0,1,1,p_1.30.24_LL3f_mi,19
91,166,131,224,665,337,328,0,1,1,p_1.30.24_LL3f_mi,19
92,181,144,232,647,329,318,0,1,1,p_1.30.24_LL3f_mi,19
93,171,143,227,662,342,320,0,1,1,p_1.30.24_LL3f_mi,19
94,162,137,218,676,336,340,0,1,1,p_1.30.24_LL3f_mi,19
95,179,138,231,641,321,320,0,1,1,p_1.30.24_LL3f_mi,19
96,172,137,227,652,315,337,0,1,1,p_1.30.24_LL3f_mi,19
97,181,135,228,652,331,321,0,1,1,p_1.30.24_LL3f_mi,19
98,167,128,217,689,345,344,0,1,1,p_1.30.24_LL3f_mi,19
99,171,131,226,660,341,319,0,1,1,p_1.30.24_LL3f_mi,19
100,146,117,193,659,348,311,0,1,1,p_1.30.24_LL3f_mi,19
101,106,89,142,680,338,342,0,1,1,p_1.30.24_LL3f_mi,19
102,116,102,149,594,291,303,0,1,1,p_1.30.24_LL3f_mi,19
103,113,95,141,529,245,284,0,1,1,p_1.30.24_LL3f_mi,19
104,94,77,120,495,227,268,0,1,1,p_1.30.24_LL3f_mi,19
105,86,74,115,427,203,224,0,1,1,p_1.30.24_LL3f_mi,19
106,65,56,84,403,194,209,0,1,1,p_1.30.24_LL3f_mi,19
107,63,50,79,335,171,164,0,1,1,p_1.30.24_LL3f_mi,19
108,44,39,60,294,143,151,0,1,1,p_1.30.24_LL3f_mi,19
109,32,29,42,252,117,135,0,1,1,p_1.30.24_LL3f_mi,19
110,26,22,32,200,87,113,0,1,1,p_1.30.24_LL3f_mi,19
111,28,26,38,149,69,80,0,1,1,p_1.30.24_LL3f_mi,19
112,26,24,37,134,69,65,0,1,1,p_1.30.24_LL3f_mi,19
113,29,24,36,131,67,64,0,1,1,p_1.30.24_LL3f_mi,19
114,30,23,36,114,59,55,0,1,1,p_1.30.24_LL3f_mi,19
115,24,18,34,108,53,55,0,1,1,p_1.30.24_LL3f_mi,19
116,25,19,35,105,53,52,0,1,1,p_1.30.24_LL3f_mi,19
117,26,19,34,112,61,51,0,1,1,p_1.30.24_LL3f_mi,19
118,26,20,34,106,56,50,0,1,1,p_1.30.24_LL3f_mi,19
119,26,23,34,98,51,47,0,1,1,p_1.30.24_LL3f_mi,19
120,23,19,33,100,48,52,0,1,1,p_1.30.24_LL3f_mi,19
121,26,21,32,89,42,47,0,1,1,p_1.30.24_LL3f_mi,19
122,25,13,31,95,51,44,0,1,1,p_1.30.24_LL3f_mi,19
123,25,20,32,95,47,48,0,1,1,p_1.30.24_LL3f_mi,19
124,28,21,32,100,51,49,0,1,1,p_1.30.24_LL3f_mi,19
125,29,21,37,117,61,56,18,1,1,p_1.30.24_LL3f_mi,19
126,28,22,35,118,61,57,8,1,1,p_1.30.24_LL3f_mi,19
127,28,21,35,110,54,56,7,1,1,p_1.30.24_LL3f_mi,19
128,30,24,37,119,52,67,1,1,1,p_1.30.24_LL3f_mi,19
129,27,21,35,112,54,58,1,1,1,p_1.30.24_LL3f_mi,19
130,27,23,32,101,52,49,0,1,1,p_1.30.24_LL3f_mi,19
131,26,21,35,99,50,49,0,1,1,p_1.30.24_LL3f_mi,19
132,25,20,35,104,51,53,0,1,1,p_1.30.24_LL3f_mi,19
133,27,21,34,111,57,54,0,1,1,p_1.30.24_LL3f_mi,19
134,27,22,34,105,55,50,0,1,1,p_1.30.24_LL3f_mi,19
135,24,19,34,99,57,42,0,1,1,p_1.30.24_LL3f_mi,19
136,25,16,34,96,51,45,0,1,1,p_1.30.24_LL3f_mi,19
137,27,22,35,103,49,54,0,1,1,p_1.30.24_LL3f_mi,19
138,25,19,33,95,42,53,0,1,1,p_1.30.24_LL3f_mi,19
139,27,23,31,90,40,50,0,1,1,p_1.30.24_LL3f_mi,19
140,24,20,36,118,64,54,21,1,1,p_1.30.24_LL3f_mi,19
141,28,22,35,104,59,45,11,1,1,p_1.30.24_LL3f_mi,19
142,26,20,34,108,62,46,5,1,1,p_1.30.24_LL3f_mi,19
143,27,22,34,105,62,43,2,1,1,p_1.30.24_LL3f_mi,19
144,25,23,33,97,52,45,0,1,1,p_1.30.24_LL3f_mi,19
145,27,22,34,103,55,48,0,1,1,p_1.30.24_LL3f_mi,19
146,25,16,31,98,57,41,0,1,1,p_1.30.24_LL3f_mi,19
147,24,22,32,100,55,45,0,1,1,p_1.30.24_LL3f_mi,19
148,25,18,35,108,52,56,0,1,1,p_1.30.24_LL3f_mi,19
149,27,22,34,97,37,60,0,1,1,p_1.30.24_LL3f_mi,19
150,28,23,37,105,42,63,0,1,1,p_1.30.24_LL3f_mi,19
151,43,34,64,111,45,66,0,1,1,p_1.30.24_LL3f_mi,19
152,45,35,64,125,48,77,0,1,1,p_1.30.24_LL3f_mi,19
153,65,46,100,151,69,82,0,1,1,p_1.30.24_LL3f_mi,19
154,83,61,128,196,84,112,0,1,1,p_1.30.24_LL3f_mi,19
155,116,81,161,290,133,157,18,1,1,p_1.30.24_LL3f_mi,19
156,142,97,179,370,178,192,15,1,1,p_1.30.24_LL3f_mi,19
157,149,109,194,439,211,228,8,1,1,p_1.30.24_LL3f_mi,19
158,162,122,212,483,227,256,1,1,1,p_1.30.24_LL3f_mi,19
159,176,135,223,560,272,288,0,1,1,p_1.30.24_LL3f_mi,19
160,184,138,239,601,303,298,0,1,1,p_1.30.24_LL3f_mi,19
161,184,134,231,644,316,328,0,1,1,p_1.30.24_LL3f_mi,19
162,174,134,230,644,321,323,0,1,1,p_1.30.24_LL3f_mi,19
163,162,128,208,703,350,353,0,1,1,p_1.30.24_LL3f_mi,19
164,179,134,224,664,327,337,0,1,1,p_1.30.24_LL3f_mi,19
165,175,134,221,668,335,333,0,1,1,p_1.30.24_LL3f_mi,19
166,180,147,229,648,319,329,0,1,1,p_1.30.24_LL3f_mi,19
167,176,141,221,673,334,339,0,1,1,p_1.30.24_LL3f_mi,19
168,173,137,224,667,325,342,0,1,1,p_1.30.24_LL3f_mi,19
169,178,136,223,668,311,357,0,1,1,p_1.30.24_LL3f_mi,19
170,169,140,217,687,320,367,16,1,1,p_1.30.24_LL3f_mi,19
171,163,124,228,646,329,317,11,1,1,p_1.30.24_LL3f_mi,19
172,171,130,224,662,337,325,6,1,1,p_1.30.24_LL3f_mi,19
173,172,133,221,672,343,329,2,1,1,p_1.30.24_LL3f_mi,19
174,178,134,220,685,347,338,1,1,1,p_1.30.24_LL3f_mi,19
175,174,141,221,665,349,316,0,1,1,p_1.30.24_LL3f_mi,19
176,158,128,207,706,376,330,0,1,1,p_1.30.24_LL3f_mi,19
177,178,133,228,649,360,289,0,1,1,p_1.30.24_LL3f_mi,19
178,171,130,227,654,355,299,0,1,1,p_1.30.24_LL3f_mi,19
179,166,130,217,684,377,307,0,1,1,p_1.30.24_LL3f_mi,19
180,172,130,223,671,347,324,0,1,1,p_1.30.24_LL3f_mi,19
181,171,127,226,661,324,337,0,1,1,p_1.30.24_LL3f_mi,19
182,174,133,225,656,326,330,0,1,1,p_1.30.24_LL3f_mi,19
183,180,147,228,651,311,340,0,1,1,p_1.30.24_LL3f_mi,19
184,176,135,227,655,310,345,0,1,1,p_1.30.24_LL3f_mi,19
185,162,125,217,691,344,347,0,1,1,p_1.30.24_LL3f_mi,19
186,160,126,211,703,349,354,0,1,1,p_1.30.24_LL3f_mi,19
187,175,134,219,676,328,348,0,1,1,p_1.30.24_LL3f_mi,19
188,174,139,224,667,339,328,0,1,1,p_1.30.24_LL3f_mi,19
189,171,131,220,672,348,324,0,1,1,p_1.30.24_LL3f_mi,19
190,177,136,232,639,317,322,0,1,1,p_1.30.24_LL3f_mi,19
191,178,141,225,663,337,326,0,1,1,p_1.30.24_LL3f_mi,19
192,169,127,222,669,341,328,0,1,1,p_1.30.24_LL3f_mi,19
193,165,137,217,682,353,329,0,1,1,p_1.30.24_LL3f_mi,19
194,174,135,225,660,319,341,0,1,1,p_1.30.24_LL3f_mi,19
195,174,128,229,647,324,323,0,1,1,p_1.30.24_LL3f_mi,19
196,172,133,223,667,332,335,0,1,1,p_1.30.24_LL3f_mi,19
197,166,132,220,672,344,328,0,1,1,p_1.30.24_LL3f_mi,19
198,170,129,220,677,353,324,0,1,1,p_1.30.24_LL3f_mi,19
199,173,133,233,629,326,303,0,1,1,p_1.30.24_LL3f_mi,19
200,179,140,225,663,336,327,0,1,1,p_1.30.24_LL3f_mi,19
201,157,120,204,714,344,370,0,1,1,p_1.30.24_LL3f_mi,19
202,177,139,228,648,320,328,0,1,1,p_1.30.24_LL3f_mi,19
203,180,143,225,664,339,325,0,1,1,p_1.30.24_LL3f_mi,19
204,174,136,226,655,342,313,0,1,1,p_1.30.24_LL3f_mi,19
205,173,137,224,658,339,319,0,1,1,p_1.30.24_LL3f_mi,19
206,170,134,224,666,325,341,0,1,1,p_1.30.24_LL3f_mi,19
207,173,137,220,678,351,327,0,1,1,p_1.30.24_LL3f_mi,19
208,166,133,222,674,334,340,0,1,1,p_1.30.24_LL3f_mi,19
209,182,140,231,638,332,306,0,1,1,p_1.30.24_LL3f_mi,19
210,176,139,229,648,339,309,0,1,1,p_1.30.24_LL3f_mi,19
211,177,141,231,645,321,324,0,1,1,p_1.30.24_LL3f_mi,19
212,184,141,227,654,322,332,0,1,1,p_1.30.24_LL3f_mi,19
213,170,127,225,664,327,337,0,1,1,p_1.30.24_LL3f_mi,19
214,162,135,218,684,344,340,0,1,1,p_1.30.24_LL3f_mi,19
215,173,137,225,659,308,351,0,1,1,p_1.30.24_LL3f_mi,19
216,175,140,222,665,308,357,0,1,1,p_1.30.24_LL3f_mi,19
217,179,131,231,643,309,334,0,1,1,p_1.30.24_LL3f_mi,19
218,179,145,231,638,323,315,0,1,1,p_1.30.24_LL3f_mi,19
219,159,128,218,685,347,338,0,1,1,p_1.30.24_LL3f_mi,19
220,181,136,226,657,335,322,0,1,1,p_1.30.24_LL3f_mi,19
221,178,137,218,682,333,349,0,1,1,p_1.30.24_LL3f_mi,19
222,166,133,213,692,354,338,0,1,1,p_1.30.24_LL3f_mi,19
223,176,137,226,660,335,325,0,1,1,p_1.30.24_LL3f_mi,19
224,172,132,226,664,355,309,0,1,1,p_1.30.24_LL3f_mi,19
225,177,144,229,654,344,310,0,1,1,p_1.30.24_LL3f_mi,19
226,159,134,211,701,368,333,0,1,1,p_1.30.24_LL3f_mi,19
227,177,140,227,654,340,314,0,1,1,p_1.30.24_LL3f_mi,19
228,181,134,233,642,323,319,0,1,1,p_1.30.24_LL3f_mi,19
229,173,138,227,657,339,318,0,1,1,p_1.30.24_LL3f_mi,19
230,167,132,225,667,346,321,0,1,1,p_1.30.24_LL3f_mi,19
231,176,136,224,665,344,321,0,1,1,p_1.30.24_LL3f_mi,19
232,167,140,219,674,350,324,0,1,1,p_1.30.24_LL3f_mi,19
233,177,134,225,650,332,318,0,1,1,p_1.30.24_LL3f_mi,19
234,169,139,218,682,362,320,0,1,1,p_1.30.24_LL3f_mi,19
235,175,131,224,659,345,314,0,1,1,p_1.30.24_LL3f_mi,19
236,167,127,223,660,356,304,0,1,1,p_1.30.24_LL3f_mi,19
237,182,133,228,650,344,306,0,1,1,p_1.30.24_LL3f_mi,19
238,175,131,230,647,340,307,0,1,1,p_1.30.24_LL3f_mi,19
239,168,133,228,647,331,316,0,1,1,p_1.30.24_LL3f_mi,19
240,179,143,229,652,311,341,0,1,1,p_1.30.24_LL3f_mi,19
241,178,143,230,646,322,324,0,1,1,p_1.30.24_LL3f_mi,19
242,175,130,226,656,327,329,0,1,1,p_1.30.24_LL3f_mi,19
243,175,130,227,661,328,333,0,1,1,p_1.30.24_LL3f_mi,19
244,174,129,218,681,337,344,0,1,1,p_1.30.24_LL3f_mi,19
245,167,140,217,683,332,351,0,1,1,p_1.30.24_LL3f_mi,19
246,177,142,222,669,328,341,0,1,1,p_1.30.24_LL3f_mi,19
247,166,123,216,681,358,323,0,1,1,p_1.30.24_LL3f_mi,19
248,174,126,219,681,359,322,0,1,1,p_1.30.24_LL3f_mi,19
249,176,129,225,663,356,307,0,1,1,p_1.30.24_LL3f_mi,19
250,174,128,225,659,367,292,0,1,1,p_1.30.24_LL3f_mi,19
251,166,127,213,699,376,323,0,1,1,p_1.30.24_LL3f_mi,19
252,179,140,223,663,351,312,0,1,1,p_1.30.24_LL3f_mi,19
253,171,134,223,668,350,318,0,1,1,p_1.30.24_LL3f_mi,19
254,176,134,221,668,342,326,0,1,1,p_1.30.24_LL3f_mi,19
255,181,136,231,641,330,311,0,1,1,p_1.30.24_LL3f_mi,19
256,169,135,216,693,359,334,0,1,1,p_1.30.24_LL3f_mi,19
257,170,130,221,676,356,320,0,1,1,p_1.30.24_LL3f_mi,19
258,167,125,218,678,358,320,0,1,1,p_1.30.24_LL3f_mi,19
259,176,134,221,670,365,305,0,1,1,p_1.30.24_LL3f_mi,19
260,179,135,226,666,342,324,0,1,1,p_1.30.24_LL3f_mi,19
261,167,133,218,680,332,348,0,1,1,p_1.30.24_LL3f_mi,19
262,170,134,216,686,318,368,0,1,1,p_1.30.24_LL3f_mi,19
263,175,148,226,655,314,341,0,1,1,p_1.30.24_LL3f_mi,19
264,177,133,227,661,326,335,0,1,1,p_1.30.24_LL3f_mi,19
265,173,128,228,654,331,323,0,1,1,p_1.30.24_LL3f_mi,19
266,180,138,225,666,335,331,0,1,1,p_1.30.24_LL3f_mi,19
267,171,134,217,680,339,341,0,1,1,p_1.30.24_LL3f_mi,19
268,171,137,223,667,312,355,0,1,1,p_1.30.24_LL3f_mi,19
269,176,139,222,671,308,363,0,1,1,p_1.30.24_LL3f_mi,19
270,176,137,227,663,308,355,0,1,1,p_1.30.24_LL3f_mi,19
271,167,134,221,668,335,333,0,1,1,p_1.30.24_LL3f_mi,19
272,171,134,220,669,329,340,0,1,1,p_1.30.24_LL3f_mi,19
273,165,131,217,683,342,341,0,1,1,p_1.30.24_LL3f_mi,19
274,176,138,231,643,319,324,0,1,1,p_1.30.24_LL3f_mi,19
275,168,130,223,665,319,346,0,1,1,p_1.30.24_LL3f_mi,19
276,159,130,210,702,336,366,0,1,1,p_1.30.24_LL3f_mi,19
277,173,139,225,656,325,331,0,1,1,p_1.30.24_LL3f_mi,19
278,175,129,227,653,318,335,0,1,1,p_1.30.24_LL3f_mi,19
279,182,140,218,683,336,347,0,1,1,p_1.30.24_LL3f_mi,19
280,169,127,216,688,336,352,0,1,1,p_1.30.24_LL3f_mi,19
281,174,138,223,671,316,355,0,1,1,p_1.30.24_LL3f_mi,19
282,179,140,228,650,315,335,0,1,1,p_1.30.24_LL3f_mi,19
283,171,135,222,665,335,330,0,1,1,p_1.30.24_LL3f_mi,19
284,178,142,229,649,322,327,0,1,1,p_1.30.24_LL3f_mi,19
285,165,126,218,677,351,326,0,1,1,p_1.30.24_LL3f_mi,19
286,173,140,229,649,342,307,0,1,1,p_1.30.24_LL3f_mi,19
287,173,134,227,649,338,311,0,1,1,p_1.30.24_LL3f_mi,19
288,171,132,224,664,330,334,0,1,1,p_1.30.24_LL3f_mi,19
289,180,142,229,641,307,334,0,1,1,p_1.30.24_LL3f_mi,19
290,177,136,227,651,304,347,0,1,1,p_1.30.24_LL3f_mi,19
291,179,142,222,671,323,348,0,1,1,p_1.30.24_LL3f_mi,19
292,171,140,220,676,330,346,0,1,1,p_1.30.24_LL3f_mi,19
293,176,132,227,652,316,336,0,1,1,p_1.30.24_LL3f_mi,19
294,168,131,221,672,326,346,0,1,1,p_1.30.24_LL3f_mi,19
295,182,137,227,648,317,331,0,1,1,p_1.30.24_LL3f_mi,19
296,182,144,224,664,333,331,0,1,1,p_1.30.24_LL3f_mi,19
297,174,132,228,659,334,325,0,1,1,p_1.30.24_LL3f_mi,19
298,164,128,217,688,341,347,0,1,1,p_1.30.24_LL3f_mi,19
299,176,142,225,660,331,329,0,1,1,p_1.30.24_LL3f_mi,19
300,179,145,231,645,321,324,0,1,1,p_1.30.24_LL3f_mi,19
301,161,132,204,716,353,363,0,1,1,p_1.30.24_LL3f_mi,19
302,184,138,231,649,316,333,0,1,1,p_1.30.24_LL3f_mi,19
303,168,131,224,662,322,340,0,1,1,p_1.30.24_LL3f_mi,19
304,180,142,229,650,307,343,0,1,1,p_1.30.24_LL3f_mi,19
305,183,142,234,641,307,334,0,1,1,p_1.30.24_LL3f_mi,19
306,176,145,225,659,307,352,0,1,1,p_1.30.24_LL3f_mi,19
307,173,136,220,673,319,354,0,1,1,p_1.30.24_LL3f_mi,19
308,173,137,226,661,317,344,0,1,1,p_1.30.24_LL3f_mi,19
309,177,144,225,668,321,347,0,1,1,p_1.30.24_LL3f_mi,19
310,172,136,224,663,317,346,0,1,1,p_1.30.24_LL3f_mi,19
311,178,140,228,652,320,332,0,1,1,p_1.30.24_LL3f_mi,19
312,169,136,222,674,322,352,0,1,1,p_1.30.24_LL3f_mi,19
313,182,126,229,647,333,314,0,1,1,p_1.30.24_LL3f_mi,19
314,180,128,230,651,347,304,0,1,1,p_1.30.24_LL3f_mi,19
315,169,131,221,668,339,329,0,1,1,p_1.30.24_LL3f_mi,19
316,173,140,223,665,333,332,0,1,1,p_1.30.24_LL3f_mi,19
317,178,133,223,668,328,340,0,1,1,p_1.30.24_LL3f_mi,19
318,165,132,219,682,338,344,0,1,1,p_1.30.24_LL3f_mi,19
319,181,136,236,619,315,304,0,1,1,p_1.30.24_LL3f_mi,19
320,179,133,233,642,328,314,0,1,1,p_1.30.24_LL3f_mi,19
321,171,134,217,685,326,359,0,1,1,p_1.30.24_LL3f_mi,19
322,169,141,218,678,338,340,0,1,1,p_1.30.24_LL3f_mi,19
323,172,136,223,661,333,328,0,1,1,p_1.30.24_LL3f_mi,19
324,169,130,222,669,364,305,0,1,1,p_1.30.24_LL3f_mi,19
325,175,129,232,637,336,301,0,1,1,p_1.30.24_LL3f_mi,19
326,159,129,210,699,362,337,0,1,1,p_1.30.24_LL3f_mi,19
327,181,135,224,658,341,317,0,1,1,p_1.30.24_LL3f_mi,19
328,179,141,224,664,338,326,0,1,1,p_1.30.24_LL3f_mi,19
329,181,129,234,627,319,308,0,1,1,p_1.30.24_LL3f_mi,19
330,192,150,235,629,314,315,0,1,1,p_1.30.24_LL3f_mi,19
331,178,135,222,671,327,344,0,1,1,p_1.30.24_LL3f_mi,19
332,168,131,214,689,333,356,0,1,1,p_1.30.24_LL3f_mi,19
333,178,139,231,648,313,335,0,1,1,p_1.30.24_LL3f_mi,19
334,172,130,224,659,318,341,0,1,1,p_1.30.24_LL3f_mi,19
335,174,133,224,664,327,337,0,1,1,p_1.30.24_LL3f_mi,19
336,174,141,224,664,329,335,0,1,1,p_1.30.24_LL3f_mi,19
337,169,140,216,684,332,352,0,1,1,p_1.30.24_LL3f_mi,19
338,171,139,215,690,334,356,0,1,1,p_1.30.24_LL3f_mi,19
339,180,141,230,644,305,339,0,1,1,p_1.30.24_LL3f_mi,19
340,180,143,230,651,327,324,0,1,1,p_1.30.24_LL3f_mi,19
341,172,138,226,658,344,314,0,1,1,p_1.30.24_LL3f_mi,19
342,172,129,220,666,352,314,0,1,1,p_1.30.24_LL3f_mi,19
343,169,122,219,680,357,323,0,1,1,p_1.30.24_LL3f_mi,19
344,181,138,231,646,328,318,0,1,1,p_1.30.24_LL3f_mi,19
345,178,138,227,654,347,307,0,1,1,p_1.30.24_LL3f_mi,19
346,174,130,225,655,352,303,0,1,1,p_1.30.24_LL3f_mi,19
347,181,138,225,653,343,310,0,1,1,p_1.30.24_LL3f_mi,19
348,170,120,222,667,341,326,0,1,1,p_1.30.24_LL3f_mi,19
349,182,147,230,644,314,330,0,1,1,p_1.30.24_LL3f_mi,19
350,171,130,219,677,321,356,0,1,1,p_1.30.24_LL3f_mi,19
1,7,6,8,631,327,304,0,1,2,p_1.30.24_LL3f_mi,19
2,97,88,124,856,438,418,0,1,2,p_1.30.24_LL3f_mi,19
3,129,109,164,797,416,381,0,1,2,p_1.30.24_LL3f_mi,19
4,155,126,206,713,369,344,0,1,2,p_1.30.24_LL3f_mi,19
5,180,136,230,650,335,315,0,1,2,p_1.30.24_LL3f_mi,19
6,173,137,229,642,333,309,0,1,2,p_1.30.24_LL3f_mi,19
7,185,138,230,645,323,322,0,1,2,p_1.30.24_LL3f_mi,19
8,175,143,228,646,323,323,0,1,2,p_1.30.24_LL3f_mi,19
9,174,137,223,666,321,345,0,1,2,p_1.30.24_LL3f_mi,19
10,171,136,218,680,327,353,0,1,2,p_1.30.24_LL3f_mi,19
11,175,134,227,659,328,331,0,1,2,p_1.30.24_LL3f_mi,19
12,179,136,225,660,336,324,0,1,2,p_1.30.24_LL3f_mi,19
13,169,133,218,681,346,335,0,1,2,p_1.30.24_LL3f_mi,19
14,174,132,217,682,360,322,0,1,2,p_1.30.24_LL3f_mi,19
15,175,140,221,671,355,316,0,1,2,p_1.30.24_LL3f_mi,19
16,174,134,226,656,336,320,0,1,2,p_1.30.24_LL3f_mi,19
17,177,134,224,665,354,311,0,1,2,p_1.30.24_LL3f_mi,19
18,179,140,227,654,342,312,0,1,2,p_1.30.24_LL3f_mi,19
19,180,136,232,634,321,313,0,1,2,p_1.30.24_LL3f_mi,19
20,174,136,225,663,334,329,0,1,2,p_1.30.24_LL3f_mi,19
21,171,123,225,664,336,328,0,1,2,p_1.30.24_LL3f_mi,19
22,170,140,213,692,348,344,0,1,2,p_1.30.24_LL3f_mi,19
23,184,132,228,651,346,305,0,1,2,p_1.30.24_LL3f_mi,19
24,178,133,229,646,343,303,0,1,2,p_1.30.24_LL3f_mi,19
25,182,137,228,649,334,315,0,1,2,p_1.30.24_LL3f_mi,19
26,157,129,201,724,367,357,0,1,2,p_1.30.24_LL3f_mi,19
27,169,132,221,669,331,338,0,1,2,p_1.30.24_LL3f_mi,19
28,177,141,230,645,319,326,0,1,2,p_1.30.24_LL3f_mi,19
29,182,133,230,641,313,328,0,1,2,p_1.30.24_LL3f_mi,19
30,174,138,224,669,351,318,0,1,2,p_1.30.24_LL3f_mi,19
31,170,133,224,668,340,328,0,1,2,p_1.30.24_LL3f_mi,19
32,169,131,226,660,324,336,0,1,2,p_1.30.24_LL3f_mi,19
33,177,135,220,672,327,345,0,1,2,p_1.30.24_LL3f_mi,19
34,171,133,227,654,304,350,0,1,2,p_1.30.24_LL3f_mi,19
35,174,143,229,648,305,343,0,1,2,p_1.30.24_LL3f_mi,19
36,180,133,221,668,319,349,0,1,2,p_1.30.24_LL3f_mi,19
37,176,135,229,652,319,333,0,1,2,p_1.30.24_LL3f_mi,19
38,181,144,228,657,321,336,0,1,2,p_1.30.24_LL3f_mi,19
39,176,138,226,660,328,332,0,1,2,p_1.30.24_LL3f_mi,19
40,176,140,227,656,318,338,0,1,2,p_1.30.24_LL3f_mi,19
41,180,132,227,657,332,325,0,1,2,p_1.30.24_LL3f_mi,19
42,176,134,226,659,333,326,0,1,2,p_1.30.24_LL3f_mi,19
43,179,137,219,676,349,327,0,1,2,p_1.30.24_LL3f_mi,19
44,173,134,223,664,337,327,0,1,2,p_1.30.24_LL3f_mi,19
45,183,145,229,649,339,310,0,1,2,p_1.30.24_LL3f_mi,19
46,181,146,228,654,329,325,0,1,2,p_1.30.24_LL3f_mi,19
47,164,127,217,683,345,338,0,1,2,p_1.30.24_LL3f_mi,19
48,173,142,220,675,344,331,0,1,2,p_1.30.24_LL3f_mi,19
49,185,138,231,650,324,326,0,1,2,p_1.30.24_LL3f_mi,19
50,184,141,227,658,312,346,0,1,2,p_1.30.24_LL3f_mi,19
51,151,130,201,720,344,376,0,1,2,p_1.30.24_LL3f_mi,19
52,175,137,224,668,306,362,0,1,2,p_1.30.24_LL3f_mi,19
53,179,144,226,662,311,351,0,1,2,p_1.30.24_LL3f_mi,19
54,171,133,223,667,328,339,0,1,2,p_1.30.24_LL3f_mi,19
55,178,126,224,666,330,336,0,1,2,p_1.30.24_LL3f_mi,19
56,170,142,219,681,344,337,0,1,2,p_1.30.24_LL3f_mi,19
57,170,125,214,696,348,348,0,1,2,p_1.30.24_LL3f_mi,19
58,167,128,214,693,354,339,0,1,2,p_1.30.24_LL3f_mi,19
59,179,141,232,643,304,339,0,1,2,p_1.30.24_LL3f_mi,19
60,165,134,221,678,322,356,0,1,2,p_1.30.24_LL3f_mi,19
61,176,142,223,666,326,340,0,1,2,p_1.30.24_LL3f_mi,19
62,171,136,222,669,333,336,0,1,2,p_1.30.24_LL3f_mi,19
63,165,123,214,690,345,345,0,1,2,p_1.30.24_LL3f_mi,19
64,168,129,225,663,340,323,0,1,2,p_1.30.24_LL3f_mi,19
65,174,133,224,671,345,326,0,1,2,p_1.30.24_LL3f_mi,19
66,170,125,225,660,346,314,0,1,2,p_1.30.24_LL3f_mi,19
67,178,135,226,653,348,305,0,1,2,p_1.30.24_LL3f_mi,19
68,183,142,228,652,328,324,0,1,2,p_1.30.24_LL3f_mi,19
69,175,134,220,679,327,352,0,1,2,p_1.30.24_LL3f_mi,19
70,173,139,217,684,311,373,0,1,2,p_1.30.24_LL3f_mi,19
71,171,138,224,659,301,358,0,1,2,p_1.30.24_LL3f_mi,19
72,172,130,217,681,308,373,0,1,2,p_1.30.24_LL3f_mi,19
73,188,145,232,635,295,340,0,1,2,p_1.30.24_LL3f_mi,19
74,176,139,225,663,320,343,0,1,2,p_1.30.24_LL3f_mi,19
75,172,127,219,676,337,339,0,1,2,p_1.30.24_LL3f_mi,19
76,161,126,210,706,362,344,0,1,2,p_1.30.24_LL3f_mi,19
77,179,134,224,663,341,322,0,1,2,p_1.30.24_LL3f_mi,19
78,181,137,228,649,345,304,0,1,2,p_1.30.24_LL3f_mi,19
79,164,130,226,658,333,325,0,1,2,p_1.30.24_LL3f_mi,19
80,183,138,230,645,320,325,0,1,2,p_1.30.24_LL3f_mi,19
81,179,135,233,644,322,322,0,1,2,p_1.30.24_LL3f_mi,19
82,180,144,227,654,334,320,0,1,2,p_1.30.24_LL3f_mi,19
83,165,128,217,685,347,338,0,1,2,p_1.30.24_LL3f_mi,19
84,171,141,222,662,335,327,0,1,2,p_1.30.24_LL3f_mi,19
85,175,130,225,663,321,342,0,1,2,p_1.30.24_LL3f_mi,19
86,177,144,224,664,326,338,0,1,2,p_1.30.24_LL3f_mi,19
87,180,140,229,649,335,314,0,1,2,p_1.30.24_LL3f_mi,19
88,180,141,225,668,337,331,0,1,2,p_1.30.24_LL3f_mi,19
89,173,135,223,671,332,339,0,1,2,p_1.30.24_LL3f_mi,19
90,175,131,229,648,309,339,0,1,2,p_1.30.24_LL3f_mi,19
91,180,140,224,666,326,340,0,1,2,p_1.30.24_LL3f_mi,19
92,174,139,220,673,334,339,0,1,2,p_1.30.24_LL3f_mi,19
93,176,142,227,660,326,334,0,1,2,p_1.30.24_LL3f_mi,19
94,170,138,221,670,318,352,0,1,2,p_1.30.24_LL3f_mi,19
95,177,147,227,652,330,322,0,1,2,p_1.30.24_LL3f_mi,19
96,177,130,226,655,327,328,0,1,2,p_1.30.24_LL3f_mi,19
97,170,131,223,674,339,335,0,1,2,p_1.30.24_LL3f_mi,19
98,178,136,231,646,317,329,0,1,2,p_1.30.24_LL3f_mi,19
99,166,133,218,681,352,329,0,1,2,p_1.30.24_LL3f_mi,19
100,153,133,192,660,351,309,0,1,2,p_1.30.24_LL3f_mi,19
101,109,94,141,685,353,332,0,1,2,p_1.30.24_LL3f_mi,19
102,123,103,155,580,309,271,0,1,2,p_1.30.24_LL3f_mi,19
103,113,84,145,523,276,247,0,1,2,p_1.30.24_LL3f_mi,19
104,92,79,118,496,266,230,0,1,2,p_1.30.24_LL3f_mi,19
105,86,70,107,439,234,205,0,1,2,p_1.30.24_LL3f_mi,19
106,76,55,96,388,204,184,0,1,2,p_1.30.24_LL3f_mi,19
107,58,49,72,351,188,163,0,1,2,p_1.30.24_LL3f_mi,19
108,44,37,58,297,161,136,0,1,2,p_1.30.24_LL3f_mi,19
109,41,34,51,241,132,109,0,1,2,p_1.30.24_LL3f_mi,19
110,27,22,35,195,103,92,0,1,2,p_1.30.24_LL3f_mi,19
111,26,21,35,168,84,84,0,1,2,p_1.30.24_LL3f_mi,19
112,28,24,38,146,73,73,0,1,2,p_1.30.24_LL3f_mi,19
113,26,22,35,133,75,58,0,1,2,p_1.30.24_LL3f_mi,19
114,28,21,35,124,63,61,0,1,2,p_1.30.24_LL3f_mi,19
115,29,22,35,106,58,48,0,1,2,p_1.30.24_LL3f_mi,19
116,25,21,33,92,50,42,0,1,2,p_1.30.24_LL3f_mi,19
117,24,19,32,99,53,46,0,1,2,p_1.30.24_LL3f_mi,19
118,30,23,34,108,58,50,0,1,2,p_1.30.24_LL3f_mi,19
119,29,21,35,101,52,49,0,1,2,p_1.30.24_LL3f_mi,19
120,25,19,35,111,51,60,0,1,2,p_1.30.24_LL3f_mi,19
121,29,22,36,104,48,56,0,1,2,p_1.30.24_LL3f_mi,19
122,23,19,33,98,49,49,0,1,2,p_1.30.24_LL3f_mi,19
123,26,25,32,94,41,53,0,1,2,p_1.30.24_LL3f_mi,19
124,27,23,33,97,47,50,0,1,2,p_1.30.24_LL3f_mi,19
125,31,27,39,123,57,66,19,1,2,p_1.30.24_LL3f_mi,19
126,28,20,37,129,61,68,10,1,2,p_1.30.24_LL3f_mi,19
127,30,22,36,111,53,58,3,1,2,p_1.30.24_LL3f_mi,19
128,29,22,34,110,53,57,0,1,2,p_1.30.24_LL3f_mi,19
129,25,18,33,99,55,44,1,1,2,p_1.30.24_LL3f_mi,19
130,27,22,34,109,60,49,0,1,2,p_1.30.24_LL3f_mi,19
131,26,20,35,106,58,48,0,1,2,p_1.30.24_LL3f_mi,19
132,25,21,34,107,51,56,0,1,2,p_1.30.24_LL3f_mi,19
133,29,22,34,109,55,54,0,1,2,p_1.30.24_LL3f_mi,19
134,25,20,34,112,50,62,0,1,2,p_1.30.24_LL3f_mi,19
135,28,20,35,100,43,57,0,1,2,p_1.30.24_LL3f_mi,19
136,22,18,32,96,38,58,0,1,2,p_1.30.24_LL3f_mi,19
137,23,17,33,101,42,59,0,1,2,p_1.30.24_LL3f_mi,19
138,26,19,31,92,41,51,0,1,2,p_1.30.24_LL3f_mi,19
139,25,19,32,90,43,47,0,1,2,p_1.30.24_LL3f_mi,19
140,28,23,36,115,49,66,12,1,2,p_1.30.24_LL3f_mi,19
141,25,16,34,114,53,61,12,1,2,p_1.30.24_LL3f_mi,19
142,26,20,34,104,52,52,7,1,2,p_1.30.24_LL3f_mi,19
143,25,22,33,101,50,51,3,1,2,p_1.30.24_LL3f_mi,19
144,26,23,32,100,51,49,2,1,2,p_1.30.24_LL3f_mi,19
145,26,20,32,93,47,46,0,1,2,p_1.30.24_LL3f_mi,19
146,27,20,34,97,50,47,0,1,2,p_1.30.24_LL3f_mi,19
147,25,18,33,100,53,47,0,1,2,p_1.30.24_LL3f_mi,19
148,26,19,33,104,53,51,0,1,2,p_1.30.24_LL3f_mi,19
149,25,21,32,94,51,43,0,1,2,p_1.30.24_LL3f_mi,19
150,28,21,33,93,56,37,0,1,2,p_1.30.24_LL3f_mi,19
151,53,35,76,106,59,47,0,1,2,p_1.30.24_LL3f_mi,19
152,76,51,102,156,80,76,0,1,2,p_1.30.24_LL3f_mi,19
153,85,54,122,204,96,108,0,1,2,p_1.30.24_LL3f_mi,19
154,105,79,145,261,123,138,0,1,2,p_1.30.24_LL3f_mi,19
155,127,90,161,362,187,175,16,1,2,p_1.30.24_LL3f_mi,19
156,131,92,175,416,225,191,12,1,2,p_1.30.24_LL3f_mi,19
157,144,101,193,456,239,217,5,1,2,p_1.30.24_LL3f_mi,19
158,166,115,210,499,248,251,2,1,2,p_1.30.24_LL3f_mi,19
159,169,128,223,561,292,269,2,1,2,p_1.30.24_LL3f_mi,19
160,185,139,238,608,305,303,1,1,2,p_1.30.24_LL3f_mi,19
161,179,134,223,669,334,335,0,1,2,p_1.30.24_LL3f_mi,19
162,181,141,227,664,333,331,0,1,2,p_1.30.24_LL3f_mi,19
163,176,139,224,667,332,335,0,1,2,p_1.30.24_LL3f_mi,19
164,171,132,221,671,332,339,0,1,2,p_1.30.24_LL3f_mi,19
165,174,133,220,679,358,321,0,1,2,p_1.30.24_LL3f_mi,19
166,177,143,224,661,340,321,0,1,2,p_1.30.24_LL3f_mi,19
167,176,135,222,665,349,316,0,1,2,p_1.30.24_LL3f_mi,19
168,176,125,228,654,345,309,0,1,2,p_1.30.24_LL3f_mi,19
169,175,139,229,649,347,302,0,1,2,p_1.30.24_LL3f_mi,19
170,158,125,211,697,356,341,18,1,2,p_1.30.24_LL3f_mi,19
171,174,141,223,665,335,330,9,1,2,p_1.30.24_LL3f_mi,19
172,176,138,225,658,327,331,2,1,2,p_1.30.24_LL3f_mi,19
173,168,128,219,675,351,324,1,1,2,p_1.30.24_LL3f_mi,19
174,167,137,222,680,353,327,1,1,2,p_1.30.24_LL3f_mi,19
175,183,148,227,657,336,321,0,1,2,p_1.30.24_LL3f_mi,19
176,167,126,219,679,362,317,0,1,2,p_1.30.24_LL3f_mi,19
177,176,137,229,653,320,333,0,1,2,p_1.30.24_LL3f_mi,19
178,179,136,232,647,320,327,0,1,2,p_1.30.24_LL3f_mi,19
179,179,141,225,663,316,347,0,1,2,p_1.30.24_LL3f_mi,19
180,174,135,223,669,343,326,0,1,2,p_1.30.24_LL3f_mi,19
181,168,138,223,664,326,338,0,1,2,p_1.30.24_LL3f_mi,19
182,176,139,224,665,316,349,0,1,2,p_1.30.24_LL3f_mi,19
183,181,140,228,648,316,332,0,1,2,p_1.30.24_LL3f_mi,19
184,174,137,222,665,330,335,0,1,2,p_1.30.24_LL3f_mi,19
185,171,135,216,683,340,343,0,1,2,p_1.30.24_LL3f_mi,19
186,176,137,226,658,342,316,0,1,2,p_1.30.24_LL3f_mi,19
187,176,133,227,650,345,305,0,1,2,p_1.30.24_LL3f_mi,19
188,171,126,222,674,353,321,0,1,2,p_1.30.24_LL3f_mi,19
189,179,131,228,652,332,320,0,1,2,p_1.30.24_LL3f_mi,19
190,176,142,229,648,338,310,0,1,2,p_1.30.24_LL3f_mi,19
191,177,132,226,661,356,305,0,1,2,p_1.30.24_LL3f_mi,19
192,176,139,225,658,347,311,0,1,2,p_1.30.24_LL3f_mi,19
193,173,136,227,653,345,308,0,1,2,p_1.30.24_LL3f_mi,19
194,181,133,235,635,321,314,0,1,2,p_1.30.24_LL3f_mi,19
195,170,131,225,654,338,316,0,1,2,p_1.30.24_LL3f_mi,19
196,167,131,225,666,338,328,0,1,2,p_1.30.24_LL3f_mi,19
197,180,137,229,644,331,313,0,1,2,p_1.30.24_LL3f_mi,19
198,176,137,222,670,317,353,0,1,2,p_1.30.24_LL3f_mi,19
199,177,135,226,661,313,348,0,1,2,p_1.30.24_LL3f_mi,19
200,171,136,217,690,337,353,0,1,2,p_1.30.24_LL3f_mi,19
201,160,127,201,724,347,377,0,1,2,p_1.30.24_LL3f_mi,19
202,176,138,230,649,324,325,0,1,2,p_1.30.24_LL3f_mi,19
203,180,132,230,643,334,309,0,1,2,p_1.30.24_LL3f_mi,19
204,178,136,234,635,333,302,0,1,2,p_1.30.24_LL3f_mi,19
205,172,140,223,670,338,332,0,1,2,p_1.30.24_LL3f_mi,19
206,165,137,213,691,340,351,0,1,2,p_1.30.24_LL3f_mi,19
207,174,134,223,668,333,335,0,1,2,p_1.30.24_LL3f_mi,19
208,164,130,216,683,331,352,0,1,2,p_1.30.24_LL3f_mi,19
209,170,134,220,681,333,348,0,1,2,p_1.30.24_LL3f_mi,19
210,180,133,228,656,330,326,0,1,2,p_1.30.24_LL3f_mi,19
211,178,140,226,662,348,314,0,1,2,p_1.30.24_LL3f_mi,19
212,170,135,223,667,327,340,0,1,2,p_1.30.24_LL3f_mi,19
213,167,128,215,691,335,356,0,1,2,p_1.30.24_LL3f_mi,19
214,182,140,227,655,322,333,0,1,2,p_1.30.24_LL3f_mi,19
215,169,124,216,686,342,344,0,1,2,p_1.30.24_LL3f_mi,19
216,173,132,223,663,324,339,0,1,2,p_1.30.24_LL3f_mi,19
217,168,132,220,673,325,348,0,1,2,p_1.30.24_LL3f_mi,19
218,176,143,219,678,317,361,0,1,2,p_1.30.24_LL3f_mi,19
219,179,143,226,661,319,342,0,1,2,p_1.30.24_LL3f_mi,19
220,171,141,222,670,320,350,0,1,2,p_1.30.24_LL3f_mi,19
221,179,135,228,651,313,338,0,1,2,p_1.30.24_LL3f_mi,19
222,176,145,222,662,314,348,0,1,2,p_1.30.24_LL3f_mi,19
223,165,131,221,671,334,337,0,1,2,p_1.30.24_LL3f_mi,19
224,173,132,221,672,344,328,0,1,2,p_1.30.24_LL3f_mi,19
225,175,129,224,662,330,332,0,1,2,p_1.30.24_LL3f_mi,19
226,160,123,207,710,358,352,0,1,2,p_1.30.24_LL3f_mi,19
227,169,131,225,657,340,317,0,1,2,p_1.30.24_LL3f_mi,19
228,168,129,228,655,327,328,0,1,2,p_1.30.24_LL3f_mi,19
229,185,144,232,639,323,316,0,1,2,p_1.30.24_LL3f_mi,19
230,174,141,224,662,331,331,0,1,2,p_1.30.24_LL3f_mi,19
231,184,138,230,651,329,322,0,1,2,p_1.30.24_LL3f_mi,19
232,177,131,224,666,342,324,0,1,2,p_1.30.24_LL3f_mi,19
233,175,129,223,663,329,334,0,1,2,p_1.30.24_LL3f_mi,19
234,184,142,226,666,346,320,0,1,2,p_1.30.24_LL3f_mi,19
235,174,145,224,666,328,338,0,1,2,p_1.30.24_LL3f_mi,19
236,172,132,215,685,331,354,0,1,2,p_1.30.24_LL3f_mi,19
237,168,133,214,690,335,355,0,1,2,p_1.30.24_LL3f_mi,19
238,178,148,223,663,303,360,0,1,2,p_1.30.24_LL3f_mi,19
239,168,136,216,687,318,369,0,1,2,p_1.30.24_LL3f_mi,19
240,179,137,230,646,299,347,0,1,2,p_1.30.24_LL3f_mi,19
241,180,142,230,647,302,345,0,1,2,p_1.30.24_LL3f_mi,19
242,167,137,214,693,342,351,0,1,2,p_1.30.24_LL3f_mi,19
243,175,142,229,652,317,335,0,1,2,p_1.30.24_LL3f_mi,19
244,178,142,224,657,336,321,0,1,2,p_1.30.24_LL3f_mi,19
245,170,137,220,682,347,335,0,1,2,p_1.30.24_LL3f_mi,19
246,176,141,223,668,342,326,0,1,2,p_1.30.24_LL3f_mi,19
247,171,134,221,678,343,335,0,1,2,p_1.30.24_LL3f_mi,19
248,177,134,222,667,322,345,0,1,2,p_1.30.24_LL3f_mi,19
249,176,138,228,645,312,333,0,1,2,p_1.30.24_LL3f_mi,19
250,180,134,231,643,323,320,0,1,2,p_1.30.24_LL3f_mi,19
251,158,120,204,719,372,347,0,1,2,p_1.30.24_LL3f_mi,19
252,173,131,221,679,345,334,0,1,2,p_1.30.24_LL3f_mi,19
253,177,136,225,663,351,312,0,1,2,p_1.30.24_LL3f_mi,19
254,173,138,224,662,344,318,0,1,2,p_1.30.24_LL3f_mi,19
255,172,131,228,646,335,311,0,1,2,p_1.30.24_LL3f_mi,19
256,171,131,223,668,350,318,0,1,2,p_1.30.24_LL3f_mi,19
257,174,136,231,648,326,322,0,1,2,p_1.30.24_LL3f_mi,19
258,171,139,221,671,328,343,0,1,2,p_1.30.24_LL3f_mi,19
259,177,133,228,650,330,320,0,1,2,p_1.30.24_LL3f_mi,19
260,168,131,220,680,348,332,0,1,2,p_1.30.24_LL3f_mi,19
261,185,147,232,635,311,324,0,1,2,p_1.30.24_LL3f_mi,19
262,179,140,226,654,326,328,0,1,2,p_1.30.24_LL3f_mi,19
263,180,137,228,652,331,321,0,1,2,p_1.30.24_LL3f_mi,19
264,181,136,232,636,332,304,0,1,2,p_1.30.24_LL3f_mi,19
265,169,126,218,679,358,321,0,1,2,p_1.30.24_LL3f_mi,19
266,180,139,220,685,346,339,0,1,2,p_1.30.24_LL3f_mi,19
267,175,132,223,663,325,338,0,1,2,p_1.30.24_LL3f_mi,19
268,161,135,212,698,337,361,0,1,2,p_1.30.24_LL3f_mi,19
269,184,136,230,644,326,318,0,1,2,p_1.30.24_LL3f_mi,19
270,166,127,223,675,330,345,0,1,2,p_1.30.24_LL3f_mi,19
271,172,134,226,652,319,333,0,1,2,p_1.30.24_LL3f_mi,19
272,177,137,227,652,320,332,0,1,2,p_1.30.24_LL3f_mi,19
273,171,133,222,670,322,348,0,1,2,p_1.30.24_LL3f_mi,19
274,172,134,220,673,322,351,0,1,2,p_1.30.24_LL3f_mi,19
275,175,136,223,667,321,346,0,1,2,p_1.30.24_LL3f_mi,19
276,159,123,204,724,348,376,0,1,2,p_1.30.24_LL3f_mi,19
277,176,137,229,648,307,341,0,1,2,p_1.30.24_LL3f_mi,19
278,169,129,226,656,317,339,0,1,2,p_1.30.24_LL3f_mi,19
279,173,136,222,671,320,351,0,1,2,p_1.30.24_LL3f_mi,19
280,186,144,235,626,306,320,0,1,2,p_1.30.24_LL3f_mi,19
281,178,136,229,648,325,323,0,1,2,p_1.30.24_LL3f_mi,19
282,166,132,221,670,348,322,0,1,2,p_1.30.24_LL3f_mi,19
283,167,135,217,677,357,320,0,1,2,p_1.30.24_LL3f_mi,19
284,179,132,230,644,338,306,0,1,2,p_1.30.24_LL3f_mi,19
285,171,131,222,670,342,328,0,1,2,p_1.30.24_LL3f_mi,19
286,164,134,209,700,355,345,0,1,2,p_1.30.24_LL3f_mi,19
287,180,137,226,666,330,336,0,1,2,p_1.30.24_LL3f_mi,19
288,179,141,225,662,316,346,0,1,2,p_1.30.24_LL3f_mi,19
289,184,147,227,654,305,349,0,1,2,p_1.30.24_LL3f_mi,19
290,179,138,227,654,316,338,0,1,2,p_1.30.24_LL3f_mi,19
291,170,132,217,681,323,358,0,1,2,p_1.30.24_LL3f_mi,19
292,177,133,225,668,316,352,0,1,2,p_1.30.24_LL3f_mi,19
293,175,143,229,653,306,347,0,1,2,p_1.30.24_LL3f_mi,19
294,169,141,223,672,314,358,0,1,2,p_1.30.24_LL3f_mi,19
295,182,141,231,639,299,340,0,1,2,p_1.30.24_LL3f_mi,19
296,172,134,224,658,317,341,0,1,2,p_1.30.24_LL3f_mi,19
297,173,135,218,684,337,347,0,1,2,p_1.30.24_LL3f_mi,19
298,174,142,216,682,337,345,0,1,2,p_1.30.24_LL3f_mi,19
299,169,121,223,661,322,339,0,1,2,p_1.30.24_LL3f_mi,19
300,166,125,214,687,347,340,0,1,2,p_1.30.24_LL3f_mi,19
301,157,132,204,722,355,367,0,1,2,p_1.30.24_LL3f_mi,19
302,170,137,224,663,326,337,0,1,2,p_1.30.24_LL3f_mi,19
303,169,135,217,683,345,338,0,1,2,p_1.30.24_LL3f_mi,19
304,180,134,229,651,336,315,0,1,2,p_1.30.24_LL3f_mi,19
305,178,142,231,642,331,311,0,1,2,p_1.30.24_LL3f_mi,19
306,179,141,222,670,321,349,0,1,2,p_1.30.24_LL3f_mi,19
307,167,132,208,703,346,357,0,1,2,p_1.30.24_LL3f_mi,19
308,163,133,213,692,357,335,0,1,2,p_1.30.24_LL3f_mi,19
309,179,146,233,633,336,297,0,1,2,p_1.30.24_LL3f_mi,19
310,183,140,224,663,349,314,0,1,2,p_1.30.24_LL3f_mi,19
311,175,131,221,666,358,308,0,1,2,p_1.30.24_LL3f_mi,19
312,179,130,223,667,345,322,0,1,2,p_1.30.24_LL3f_mi,19
313,176,141,221,669,323,346,0,1,2,p_1.30.24_LL3f_mi,19
314,181,145,229,649,297,352,0,1,2,p_1.30.24_LL3f_mi,19
315,171,129,231,638,298,340,0,1,2,p_1.30.24_LL3f_mi,19
316,168,136,218,687,332,355,0,1,2,p_1.30.24_LL3f_mi,19
317,168,140,217,687,332,355,0,1,2,p_1.30.24_LL3f_mi,19
318,174,142,223,665,337,328,0,1,2,p_1.30.24_LL3f_mi,19
319,177,134,225,666,328,338,0,1,2,p_1.30.24_LL3f_mi,19
320,177,142,219,679,328,351,0,1,2,p_1.30.24_LL3f_mi,19
321,168,134,220,676,311,365,0,1,2,p_1.30.24_LL3f_mi,19
322,180,140,228,649,287,362,0,1,2,p_1.30.24_LL3f_mi,19
323,177,135,225,660,297,363,0,1,2,p_1.30.24_LL3f_mi,19
324,162,133,214,693,321,372,0,1,2,p_1.30.24_LL3f_mi,19
325,173,135,217,688,334,354,0,1,2,p_1.30.24_LL3f_mi,19
326,171,137,215,689,331,358,0,1,2,p_1.30.24_LL3f_mi,19
327,180,142,225,652,325,327,0,1,2,p_1.30.24_LL3f_mi,19
328,176,134,228,653,318,335,0,1,2,p_1.30.24_LL3f_mi,19
329,171,134,221,667,325,342,0,1,2,p_1.30.24_LL3f_mi,19
330,170,134,224,662,328,334,0,1,2,p_1.30.24_LL3f_mi,19
331,174,135,227,653,318,335,0,1,2,p_1.30.24_LL3f_mi,19
332,172,139,225,658,327,331,0,1,2,p_1.30.24_LL3f_mi,19
333,173,133,219,683,342,341,0,1,2,p_1.30.24_LL3f_mi,19
334,178,137,232,635,293,342,0,1,2,p_1.30.24_LL3f_mi,19
335,173,139,223,664,293,371,0,1,2,p_1.30.24_LL3f_mi,19
336,172,129,216,681,308,373,0,1,2,p_1.30.24_LL3f_mi,19
337,168,139,220,672,305,367,0,1,2,p_1.30.24_LL3f_mi,19
338,164,140,215,687,317,370,0,1,2,p_1.30.24_LL3f_mi,19
339,174,138,222,668,312,356,0,1,2,p_1.30.24_LL3f_mi,19
340,175,136,222,669,340,329,0,1,2,p_1.30.24_LL3f_mi,19
341,181,139,234,639,319,320,0,1,2,p_1.30.24_LL3f_mi,19
342,176,137,223,663,318,345,0,1,2,p_1.30.24_LL3f_mi,19
343,167,127,221,672,325,347,0,1,2,p_1.30.24_LL3f_mi,19
344,178,134,223,671,342,329,0,1,2,p_1.30.24_LL3f_mi,19
345,168,134,225,660,343,317,0,1,2,p_1.30.24_LL3f_mi,19
346,178,135,222,668,351,317,0,1,2,p_1.30.24_LL3f_mi,19
347,174,140,222,672,342,330,0,1,2,p_1.30.24_LL3f_mi,19
348,166,141,220,675,330,345,0,1,2,p_1.30.24_LL3f_mi,19
349,175,138,231,649,317,332,0,1,2,p_1.30.24_LL3f_mi,19
350,175,137,229,649,316,333,0,1,2,p_1.30.24_LL3f_mi,19
1,7,7,10,640,324,316,0,1,3,p_1.30.24_LL3f_mi,19
2,96,86,124,856,442,414,0,1,3,p_1.30.24_LL3f_mi,19
3,131,110,170,784,402,382,0,1,3,p_1.30.24_LL3f_mi,19
4,161,124,211,703,375,328,0,1,3,p_1.30.24_LL3f_mi,19
5,172,132,218,685,364,321,0,1,3,p_1.30.24_LL3f_mi,19
6,182,139,233,639,323,316,0,1,3,p_1.30.24_LL3f_mi,19
7,176,139,221,667,305,362,0,1,3,p_1.30.24_LL3f_mi,19
8,169,139,216,688,322,366,0,1,3,p_1.30.24_LL3f_mi,19
9,166,131,215,691,320,371,0,1,3,p_1.30.24_LL3f_mi,19
10,170,138,234,637,291,346,0,1,3,p_1.30.24_LL3f_mi,19
11,171,136,225,658,315,343,0,1,3,p_1.30.24_LL3f_mi,19
12,169,134,222,673,344,329,0,1,3,p_1.30.24_LL3f_mi,19
13,177,134,224,670,346,324,0,1,3,p_1.30.24_LL3f_mi,19
14,184,141,234,634,319,315,0,1,3,p_1.30.24_LL3f_mi,19
15,179,143,229,649,309,340,0,1,3,p_1.30.24_LL3f_mi,19
16,169,127,217,680,313,367,0,1,3,p_1.30.24_LL3f_mi,19
17,178,142,224,658,306,352,0,1,3,p_1.30.24_LL3f_mi,19
18,170,130,225,662,332,330,0,1,3,p_1.30.24_LL3f_mi,19
19,179,140,224,673,356,317,0,1,3,p_1.30.24_LL3f_mi,19
20,180,141,225,658,336,322,0,1,3,p_1.30.24_LL3f_mi,19
21,174,134,226,656,338,318,0,1,3,p_1.30.24_LL3f_mi,19
22,174,142,230,648,315,333,0,1,3,p_1.30.24_LL3f_mi,19
23,176,136,224,662,311,351,0,1,3,p_1.30.24_LL3f_mi,19
24,175,135,224,668,326,342,0,1,3,p_1.30.24_LL3f_mi,19
25,169,135,223,671,313,358,0,1,3,p_1.30.24_LL3f_mi,19
26,167,131,214,697,355,342,0,1,3,p_1.30.24_LL3f_mi,19
27,177,135,223,663,329,334,0,1,3,p_1.30.24_LL3f_mi,19
28,174,136,227,664,324,340,0,1,3,p_1.30.24_LL3f_mi,19
29,177,141,219,679,316,363,0,1,3,p_1.30.24_LL3f_mi,19
30,174,135,219,675,320,355,0,1,3,p_1.30.24_LL3f_mi,19
31,176,142,226,654,319,335,0,1,3,p_1.30.24_LL3f_mi,19
32,177,132,231,648,324,324,0,1,3,p_1.30.24_LL3f_mi,19
33,173,134,225,662,335,327,0,1,3,p_1.30.24_LL3f_mi,19
34,170,134,222,667,338,329,0,1,3,p_1.30.24_LL3f_mi,19
35,185,138,226,659,331,328,0,1,3,p_1.30.24_LL3f_mi,19
36,181,140,226,660,324,336,0,1,3,p_1.30.24_LL3f_mi,19
37,171,132,222,669,339,330,0,1,3,p_1.30.24_LL3f_mi,19
38,191,143,229,664,342,322,0,1,3,p_1.30.24_LL3f_mi,19
39,168,128,220,676,336,340,0,1,3,p_1.30.24_LL3f_mi,19
40,162,122,217,684,351,333,0,1,3,p_1.30.24_LL3f_mi,19
41,174,137,226,660,311,349,0,1,3,p_1.30.24_LL3f_mi,19
42,171,134,223,669,325,344,0,1,3,p_1.30.24_LL3f_mi,19
43,178,139,223,663,327,336,0,1,3,p_1.30.24_LL3f_mi,19
44,173,137,211,694,349,345,0,1,3,p_1.30.24_LL3f_mi,19
45,177,134,228,651,340,311,0,1,3,p_1.30.24_LL3f_mi,19
46,172,132,222,672,359,313,0,1,3,p_1.30.24_LL3f_mi,19
47,171,128,218,679,346,333,0,1,3,p_1.30.24_LL3f_mi,19
48,177,123,223,667,351,316,0,1,3,p_1.30.24_LL3f_mi,19
49,170,127,220,673,353,320,0,1,3,p_1.30.24_LL3f_mi,19
50,176,135,224,668,342,326,0,1,3,p_1.30.24_LL3f_mi,19
51,160,131,210,706,365,341,0,1,3,p_1.30.24_LL3f_mi,19
52,177,132,232,641,328,313,0,1,3,p_1.30.24_LL3f_mi,19
53,174,143,225,667,338,329,0,1,3,p_1.30.24_LL3f_mi,19
54,171,132,219,676,340,336,0,1,3,p_1.30.24_LL3f_mi,19
55,173,128,219,682,347,335,0,1,3,p_1.30.24_LL3f_mi,19
56,177,133,225,652,310,342,0,1,3,p_1.30.24_LL3f_mi,19
57,174,140,226,662,318,344,0,1,3,p_1.30.24_LL3f_mi,19
58,175,138,230,643,304,339,0,1,3,p_1.30.24_LL3f_mi,19
59,181,140,223,663,300,363,0,1,3,p_1.30.24_LL3f_mi,19
60,168,134,224,665,306,359,0,1,3,p_1.30.24_LL3f_mi,19
61,166,135,219,680,313,367,0,1,3,p_1.30.24_LL3f_mi,19
62,170,136,222,669,311,358,0,1,3,p_1.30.24_LL3f_mi,19
63,177,139,226,659,314,345,0,1,3,p_1.30.24_LL3f_mi,19
64,170,135,220,670,320,350,0,1,3,p_1.30.24_LL3f_mi,19
65,181,137,233,632,311,321,0,1,3,p_1.30.24_LL3f_mi,19
66,177,134,222,667,337,330,0,1,3,p_1.30.24_LL3f_mi,19
67,165,124,214,689,343,346,0,1,3,p_1.30.24_LL3f_mi,19
68,179,145,225,659,324,335,0,1,3,p_1.30.24_LL3f_mi,19
69,172,138,232,640,302,338,0,1,3,p_1.30.24_LL3f_mi,19
70,181,137,230,653,306,347,0,1,3,p_1.30.24_LL3f_mi,19
71,166,132,220,674,325,349,0,1,3,p_1.30.24_LL3f_mi,19
72,179,141,224,665,327,338,0,1,3,p_1.30.24_LL3f_mi,19
73,177,141,225,655,327,328,0,1,3,p_1.30.24_LL3f_mi,19
74,176,142,224,668,336,332,0,1,3,p_1.30.24_LL3f_mi,19
75,184,139,233,634,321,313,0,1,3,p_1.30.24_LL3f_mi,19
76,168,132,215,700,372,328,0,1,3,p_1.30.24_LL3f_mi,19
77,167,135,217,679,348,331,0,1,3,p_1.30.24_LL3f_mi,19
78,171,139,225,655,318,337,0,1,3,p_1.30.24_LL3f_mi,19
79,184,148,230,647,306,341,0,1,3,p_1.30.24_LL3f_mi,19
80,175,147,225,660,311,349,0,1,3,p_1.30.24_LL3f_mi,19
81,177,141,228,653,308,345,0,1,3,p_1.30.24_LL3f_mi,19
82,170,132,221,674,327,347,0,1,3,p_1.30.24_LL3f_mi,19
83,172,137,226,660,333,327,0,1,3,p_1.30.24_LL3f_mi,19
84,182,139,229,643,327,316,0,1,3,p_1.30.24_LL3f_mi,19
85,190,137,235,625,324,301,0,1,3,p_1.30.24_LL3f_mi,19
86,177,134,226,652,329,323,0,1,3,p_1.30.24_LL3f_mi,19
87,175,140,217,686,339,347,0,1,3,p_1.30.24_LL3f_mi,19
88,176,134,224,659,337,322,0,1,3,p_1.30.24_LL3f_mi,19
89,179,137,229,651,324,327,0,1,3,p_1.30.24_LL3f_mi,19
90,173,132,229,654,333,321,0,1,3,p_1.30.24_LL3f_mi,19
91,169,132,215,687,343,344,0,1,3,p_1.30.24_LL3f_mi,19
92,160,134,209,700,339,361,0,1,3,p_1.30.24_LL3f_mi,19
93,173,137,226,656,311,345,0,1,3,p_1.30.24_LL3f_mi,19
94,179,148,223,666,324,342,0,1,3,p_1.30.24_LL3f_mi,19
95,173,140,223,663,324,339,0,1,3,p_1.30.24_LL3f_mi,19
96,164,141,217,685,333,352,0,1,3,p_1.30.24_LL3f_mi,19
97,171,135,222,668,319,349,0,1,3,p_1.30.24_LL3f_mi,19
98,173,141,225,661,332,329,0,1,3,p_1.30.24_LL3f_mi,19
99,174,126,222,670,344,326,0,1,3,p_1.30.24_LL3f_mi,19
100,145,119,187,678,330,348,0,1,3,p_1.30.24_LL3f_mi,19
101,109,94,142,686,337,349,0,1,3,p_1.30.24_LL3f_mi,19
102,123,94,153,584,295,289,0,1,3,p_1.30.24_LL3f_mi,19
103,105,86,142,523,273,250,0,1,3,p_1.30.24_LL3f_mi,19
104,91,73,123,483,246,237,0,1,3,p_1.30.24_LL3f_mi,19
105,81,65,104,448,233,215,0,1,3,p_1.30.24_LL3f_mi,19
106,70,58,87,397,210,187,0,1,3,p_1.30.24_LL3f_mi,19
107,49,41,62,367,192,175,0,1,3,p_1.30.24_LL3f_mi,19
108,46,39,63,288,145,143,0,1,3,p_1.30.24_LL3f_mi,19
109,38,34,51,237,121,116,0,1,3,p_1.30.24_LL3f_mi,19
110,27,24,34,202,101,101,0,1,3,p_1.30.24_LL3f_mi,19
111,27,23,36,163,75,88,0,1,3,p_1.30.24_LL3f_mi,19
112,30,23,38,139,59,80,0,1,3,p_1.30.24_LL3f_mi,19
113,29,20,37,113,53,60,0,1,3,p_1.30.24_LL3f_mi,19
114,25,22,34,115,55,60,0,1,3,p_1.30.24_LL3f_mi,19
115,30,26,37,110,58,52,0,1,3,p_1.30.24_LL3f_mi,19
116,25,20,32,100,44,56,0,1,3,p_1.30.24_LL3f_mi,19
117,26,22,32,98,41,57,0,1,3,p_1.30.24_LL3f_mi,19
118,24,22,32,94,44,50,0,1,3,p_1.30.24_LL3f_mi,19
119,24,21,31,87,39,48,0,1,3,p_1.30.24_LL3f_mi,19
120,25,18,33,93,45,48,0,1,3,p_1.30.24_LL3f_mi,19
121,24,20,32,88,39,49,0,1,3,p_1.30.24_LL3f_mi,19
122,25,18,32,99,47,52,0,1,3,p_1.30.24_LL3f_mi,19
123,27,20,34,102,51,51,0,1,3,p_1.30.24_LL3f_mi,19
124,27,24,32,95,48,47,0,1,3,p_1.30.24_LL3f_mi,19
125,27,20,37,117,69,48,22,1,3,p_1.30.24_LL3f_mi,19
126,28,23,36,119,64,55,9,1,3,p_1.30.24_LL3f_mi,19
127,29,24,36,116,59,57,3,1,3,p_1.30.24_LL3f_mi,19
128,23,20,34,113,61,52,1,1,3,p_1.30.24_LL3f_mi,19
129,26,19,35,104,58,46,0,1,3,p_1.30.24_LL3f_mi,19
130,27,21,36,114,60,54,0,1,3,p_1.30.24_LL3f_mi,19
131,29,21,35,106,55,51,0,1,3,p_1.30.24_LL3f_mi,19
132,29,21,35,111,51,60,0,1,3,p_1.30.24_LL3f_mi,19
133,29,24,35,116,62,54,0,1,3,p_1.30.24_LL3f_mi,19
134,27,17,36,108,58,50,0,1,3,p_1.30.24_LL3f_mi,19
135,28,20,35,112,60,52,0,1,3,p_1.30.24_LL3f_mi,19
136,27,23,34,108,52,56,0,1,3,p_1.30.24_LL3f_mi,19
137,26,21,34,104,50,54,0,1,3,p_1.30.24_LL3f_mi,19
138,26,24,33,104,46,58,0,1,3,p_1.30.24_LL3f_mi,19
139,26,18,32,95,46,49,0,1,3,p_1.30.24_LL3f_mi,19
140,24,22,35,116,47,69,16,1,3,p_1.30.24_LL3f_mi,19
141,26,22,36,117,46,71,11,1,3,p_1.30.24_LL3f_mi,19
142,27,22,36,121,51,70,9,1,3,p_1.30.24_LL3f_mi,19
143,26,22,34,105,49,56,4,1,3,p_1.30.24_LL3f_mi,19
144,25,19,34,101,42,59,0,1,3,p_1.30.24_LL3f_mi,19
145,28,22,33,105,40,65,0,1,3,p_1.30.24_LL3f_mi,19
146,28,23,33,108,48,60,0,1,3,p_1.30.24_LL3f_mi,19
147,29,24,33,108,48,60,0,1,3,p_1.30.24_LL3f_mi,19
148,25,22,33,102,46,56,0,1,3,p_1.30.24_LL3f_mi,19
149,22,19,31,96,45,51,0,1,3,p_1.30.24_LL3f_mi,19
150,26,21,32,96,45,51,0,1,3,p_1.30.24_LL3f_mi,19
151,49,31,70,100,50,50,0,1,3,p_1.30.24_LL3f_mi,19
152,69,41,95,135,76,59,0,1,3,p_1.30.24_LL3f_mi,19
153,88,53,121,202,107,95,0,1,3,p_1.30.24_LL3f_mi,19
154,104,71,142,266,140,126,0,1,3,p_1.30.24_LL3f_mi,19
155,124,83,160,360,184,176,17,1,3,p_1.30.24_LL3f_mi,19
156,133,95,175,417,211,206,11,1,3,p_1.30.24_LL3f_mi,19
157,150,112,195,451,227,224,6,1,3,p_1.30.24_LL3f_mi,19
158,165,129,211,502,234,268,1,1,3,p_1.30.24_LL3f_mi,19
159,181,127,224,550,272,278,0,1,3,p_1.30.24_LL3f_mi,19
160,178,129,235,620,331,289,0,1,3,p_1.30.24_LL3f_mi,19
161,180,132,225,667,355,312,0,1,3,p_1.30.24_LL3f_mi,19
162,174,132,223,668,351,317,0,1,3,p_1.30.24_LL3f_mi,19
163,179,146,224,659,337,322,0,1,3,p_1.30.24_LL3f_mi,19
164,177,141,222,669,341,328,0,1,3,p_1.30.24_LL3f_mi,19
165,179,141,223,664,344,320,0,1,3,p_1.30.24_LL3f_mi,19
166,172,131,224,660,343,317,0,1,3,p_1.30.24_LL3f_mi,19
167,182,142,223,664,343,321,0,1,3,p_1.30.24_LL3f_mi,19
168,175,139,227,657,329,328,0,1,3,p_1.30.24_LL3f_mi,19
169,175,141,223,661,327,334,0,1,3,p_1.30.24_LL3f_mi,19
170,172,135,214,693,331,362,18,1,3,p_1.30.24_LL3f_mi,19
171,176,142,226,652,324,328,9,1,3,p_1.30.24_LL3f_mi,19
172,180,151,229,644,309,335,5,1,3,p_1.30.24_LL3f_mi,19
173,175,136,229,655,323,332,1,1,3,p_1.30.24_LL3f_mi,19
174,167,133,215,696,334,362,1,1,3,p_1.30.24_LL3f_mi,19
175,174,138,227,658,325,333,0,1,3,p_1.30.24_LL3f_mi,19
176,159,134,198,732,360,372,0,1,3,p_1.30.24_LL3f_mi,19
177,177,137,228,652,324,328,0,1,3,p_1.30.24_LL3f_mi,19
178,176,135,216,690,333,357,0,1,3,p_1.30.24_LL3f_mi,19
179,172,137,226,654,340,314,0,1,3,p_1.30.24_LL3f_mi,19
180,178,138,227,656,355,301,0,1,3,p_1.30.24_LL3f_mi,19
181,179,134,224,666,339,327,0,1,3,p_1.30.24_LL3f_mi,19
182,166,126,215,688,357,331,0,1,3,p_1.30.24_LL3f_mi,19
183,168,126,221,675,334,341,0,1,3,p_1.30.24_LL3f_mi,19
184,177,139,225,663,322,341,0,1,3,p_1.30.24_LL3f_mi,19
185,181,138,228,650,309,341,0,1,3,p_1.30.24_LL3f_mi,19
186,188,142,233,640,301,339,0,1,3,p_1.30.24_LL3f_mi,19
187,180,139,229,647,308,339,0,1,3,p_1.30.24_LL3f_mi,19
188,168,128,218,685,338,347,0,1,3,p_1.30.24_LL3f_mi,19
189,169,137,220,674,323,351,0,1,3,p_1.30.24_LL3f_mi,19
190,171,135,227,658,309,349,0,1,3,p_1.30.24_LL3f_mi,19
191,173,131,223,668,335,333,0,1,3,p_1.30.24_LL3f_mi,19
192,174,139,223,663,316,347,0,1,3,p_1.30.24_LL3f_mi,19
193,175,135,221,670,322,348,0,1,3,p_1.30.24_LL3f_mi,19
194,176,137,228,657,325,332,0,1,3,p_1.30.24_LL3f_mi,19
195,171,127,222,670,323,347,0,1,3,p_1.30.24_LL3f_mi,19
196,165,127,216,687,340,347,0,1,3,p_1.30.24_LL3f_mi,19
197,171,131,222,673,331,342,0,1,3,p_1.30.24_LL3f_mi,19
198,176,142,220,681,342,339,0,1,3,p_1.30.24_LL3f_mi,19
199,167,133,212,698,344,354,0,1,3,p_1.30.24_LL3f_mi,19
200,171,139,218,682,347,335,0,1,3,p_1.30.24_LL3f_mi,19
201,158,130,201,723,359,364,0,1,3,p_1.30.24_LL3f_mi,19
202,175,143,229,647,310,337,0,1,3,p_1.30.24_LL3f_mi,19
203,186,132,237,624,313,311,0,1,3,p_1.30.24_LL3f_mi,19
204,180,146,228,655,322,333,0,1,3,p_1.30.24_LL3f_mi,19
205,174,134,223,670,334,336,0,1,3,p_1.30.24_LL3f_mi,19
206,176,140,227,656,334,322,0,1,3,p_1.30.24_LL3f_mi,19
207,173,129,222,673,344,329,0,1,3,p_1.30.24_LL3f_mi,19
208,171,130,221,670,350,320,0,1,3,p_1.30.24_LL3f_mi,19
209,181,136,227,652,329,323,0,1,3,p_1.30.24_LL3f_mi,19
210,170,135,226,655,320,335,0,1,3,p_1.30.24_LL3f_mi,19
211,174,133,226,658,310,348,0,1,3,p_1.30.24_LL3f_mi,19
212,174,135,227,658,311,347,0,1,3,p_1.30.24_LL3f_mi,19
213,172,127,223,674,333,341,0,1,3,p_1.30.24_LL3f_mi,19
214,174,145,221,670,331,339,0,1,3,p_1.30.24_LL3f_mi,19
215,178,136,227,654,334,320,0,1,3,p_1.30.24_LL3f_mi,19
216,180,132,227,653,332,321,0,1,3,p_1.30.24_LL3f_mi,19
217,175,136,232,637,321,316,0,1,3,p_1.30.24_LL3f_mi,19
218,174,143,224,663,332,331,0,1,3,p_1.30.24_LL3f_mi,19
219,183,140,229,655,319,336,0,1,3,p_1.30.24_LL3f_mi,19
220,172,136,224,663,322,341,0,1,3,p_1.30.24_LL3f_mi,19
221,175,137,229,642,316,326,0,1,3,p_1.30.24_LL3f_mi,19
222,184,141,230,641,323,318,0,1,3,p_1.30.24_LL3f_mi,19
223,171,127,223,665,335,330,0,1,3,p_1.30.24_LL3f_mi,19
224,169,129,211,700,363,337,0,1,3,p_1.30.24_LL3f_mi,19
225,174,133,228,648,339,309,0,1,3,p_1.30.24_LL3f_mi,19
226,158,128,200,723,371,352,0,1,3,p_1.30.24_LL3f_mi,19
227,185,134,227,653,321,332,0,1,3,p_1.30.24_LL3f_mi,19
228,177,136,228,653,315,338,0,1,3,p_1.30.24_LL3f_mi,19
229,176,135,221,675,327,348,0,1,3,p_1.30.24_LL3f_mi,19
230,179,138,229,651,313,338,0,1,3,p_1.30.24_LL3f_mi,19
231,164,134,219,676,341,335,0,1,3,p_1.30.24_LL3f_mi,19
232,175,133,223,666,341,325,0,1,3,p_1.30.24_LL3f_mi,19
233,167,129,225,658,341,317,0,1,3,p_1.30.24_LL3f_mi,19
234,179,139,226,660,334,326,0,1,3,p_1.30.24_LL3f_mi,19
235,170,135,219,678,343,335,0,1,3,p_1.30.24_LL3f_mi,19
236,170,135,225,655,314,341,0,1,3,p_1.30.24_LL3f_mi,19
237,175,141,230,649,310,339,0,1,3,p_1.30.24_LL3f_mi,19
238,174,140,227,654,302,352,0,1,3,p_1.30.24_LL3f_mi,19
239,170,133,224,662,310,352,0,1,3,p_1.30.24_LL3f_mi,19
240,175,136,226,665,319,346,0,1,3,p_1.30.24_LL3f_mi,19
241,178,139,224,662,336,326,0,1,3,p_1.30.24_LL3f_mi,19
242,168,139,218,674,342,332,0,1,3,p_1.30.24_LL3f_mi,19
243,178,137,227,650,327,323,0,1,3,p_1.30.24_LL3f_mi,19
244,173,135,228,653,322,331,0,1,3,p_1.30.24_LL3f_mi,19
245,180,140,230,651,314,337,0,1,3,p_1.30.24_LL3f_mi,19
246,181,146,226,655,315,340,0,1,3,p_1.30.24_LL3f_mi,19
247,181,138,225,662,305,357,0,1,3,p_1.30.24_LL3f_mi,19
248,181,138,224,670,311,359,0,1,3,p_1.30.24_LL3f_mi,19
249,181,147,222,665,311,354,0,1,3,p_1.30.24_LL3f_mi,19
250,178,131,223,664,321,343,0,1,3,p_1.30.24_LL3f_mi,19
251,154,123,201,724,361,363,0,1,3,p_1.30.24_LL3f_mi,19
252,169,125,223,662,335,327,0,1,3,p_1.30.24_LL3f_mi,19
253,171,135,231,644,327,317,0,1,3,p_1.30.24_LL3f_mi,19
254,183,142,226,663,348,315,0,1,3,p_1.30.24_LL3f_mi,19
255,177,141,225,671,355,316,0,1,3,p_1.30.24_LL3f_mi,19
256,166,137,212,695,350,345,0,1,3,p_1.30.24_LL3f_mi,19
257,174,136,222,667,333,334,0,1,3,p_1.30.24_LL3f_mi,19
258,178,139,228,648,338,310,0,1,3,p_1.30.24_LL3f_mi,19
259,175,132,222,670,320,350,0,1,3,p_1.30.24_LL3f_mi,19
260,180,139,227,656,310,346,0,1,3,p_1.30.24_LL3f_mi,19
261,177,135,228,648,311,337,0,1,3,p_1.30.24_LL3f_mi,19
262,173,136,217,688,338,350,0,1,3,p_1.30.24_LL3f_mi,19
263,172,134,220,672,340,332,0,1,3,p_1.30.24_LL3f_mi,19
264,174,127,226,657,338,319,0,1,3,p_1.30.24_LL3f_mi,19
265,172,130,223,665,337,328,0,1,3,p_1.30.24_LL3f_mi,19
266,166,133,215,692,340,352,0,1,3,p_1.30.24_LL3f_mi,19
267,176,139,221,677,331,346,0,1,3,p_1.30.24_LL3f_mi,19
268,172,143,220,672,324,348,0,1,3,p_1.30.24_LL3f_mi,19
269,174,132,225,665,323,342,0,1,3,p_1.30.24_LL3f_mi,19
270,185,148,231,641,313,328,0,1,3,p_1.30.24_LL3f_mi,19
271,182,138,227,656,320,336,0,1,3,p_1.30.24_LL3f_mi,19
272,176,134,226,662,326,336,0,1,3,p_1.30.24_LL3f_mi,19
273,179,141,236,623,296,327,0,1,3,p_1.30.24_LL3f_mi,19
274,167,135,214,690,336,354,0,1,3,p_1.30.24_LL3f_mi,19
275,168,137,223,666,337,329,0,1,3,p_1.30.24_LL3f_mi,19
276,165,133,210,699,357,342,0,1,3,p_1.30.24_LL3f_mi,19
277,182,140,228,649,323,326,0,1,3,p_1.30.24_LL3f_mi,19
278,179,147,226,661,328,333,0,1,3,p_1.30.24_LL3f_mi,19
279,174,135,220,675,331,344,0,1,3,p_1.30.24_LL3f_mi,19
280,179,140,229,646,312,334,0,1,3,p_1.30.24_LL3f_mi,19
281,168,133,217,687,328,359,0,1,3,p_1.30.24_LL3f_mi,19
282,170,135,220,678,323,355,0,1,3,p_1.30.24_LL3f_mi,19
283,163,134,215,692,326,366,0,1,3,p_1.30.24_LL3f_mi,19
284,171,133,216,685,327,358,0,1,3,p_1.30.24_LL3f_mi,19
285,176,136,224,665,323,342,0,1,3,p_1.30.24_LL3f_mi,19
286,170,130,223,666,338,328,0,1,3,p_1.30.24_LL3f_mi,19
287,171,136,221,670,329,341,0,1,3,p_1.30.24_LL3f_mi,19
288,171,136,221,675,324,351,0,1,3,p_1.30.24_LL3f_mi,19
289,169,131,220,677,346,331,0,1,3,p_1.30.24_LL3f_mi,19
290,167,127,227,657,331,326,0,1,3,p_1.30.24_LL3f_mi,19
291,176,140,230,644,321,323,0,1,3,p_1.30.24_LL3f_mi,19
292,165,133,209,700,343,357,0,1,3,p_1.30.24_LL3f_mi,19
293,186,146,231,647,315,332,0,1,3,p_1.30.24_LL3f_mi,19
294,172,138,222,668,331,337,0,1,3,p_1.30.24_LL3f_mi,19
295,178,136,228,652,308,344,0,1,3,p_1.30.24_LL3f_mi,19
296,175,139,220,676,331,345,0,1,3,p_1.30.24_LL3f_mi,19
297,171,134,221,672,328,344,0,1,3,p_1.30.24_LL3f_mi,19
298,174,128,223,668,331,337,0,1,3,p_1.30.24_LL3f_mi,19
299,176,136,230,644,324,320,0,1,3,p_1.30.24_LL3f_mi,19
300,184,142,232,640,315,325,0,1,3,p_1.30.24_LL3f_mi,19
301,169,143,215,692,353,339,0,1,3,p_1.30.24_LL3f_mi,19
302,175,135,223,665,350,315,0,1,3,p_1.30.24_LL3f_mi,19
303,175,135,224,667,344,323,0,1,3,p_1.30.24_LL3f_mi,19
304,176,131,221,670,367,303,0,1,3,p_1.30.24_LL3f_mi,19
305,185,134,224,658,340,318,0,1,3,p_1.30.24_LL3f_mi,19
306,180,141,228,658,345,313,0,1,3,p_1.30.24_LL3f_mi,19
307,172,139,225,656,328,328,0,1,3,p_1.30.24_LL3f_mi,19
308,163,135,220,678,330,348,0,1,3,p_1.30.24_LL3f_mi,19
309,174,141,224,663,328,335,0,1,3,p_1.30.24_LL3f_mi,19
310,176,137,226,659,349,310,0,1,3,p_1.30.24_LL3f_mi,19
311,170,126,230,652,341,311,0,1,3,p_1.30.24_LL3f_mi,19
312,182,140,228,651,329,322,0,1,3,p_1.30.24_LL3f_mi,19
313,163,131,212,700,334,366,0,1,3,p_1.30.24_LL3f_mi,19
314,175,126,217,683,338,345,0,1,3,p_1.30.24_LL3f_mi,19
315,169,123,224,665,334,331,0,1,3,p_1.30.24_LL3f_mi,19
316,175,136,223,666,333,333,0,1,3,p_1.30.24_LL3f_mi,19
317,170,140,224,669,327,342,0,1,3,p_1.30.24_LL3f_mi,19
318,169,139,216,685,343,342,0,1,3,p_1.30.24_LL3f_mi,19
319,167,133,222,674,340,334,0,1,3,p_1.30.24_LL3f_mi,19
320,186,146,232,647,327,320,0,1,3,p_1.30.24_LL3f_mi,19
321,171,133,222,670,333,337,0,1,3,p_1.30.24_LL3f_mi,19
322,171,135,219,670,323,347,0,1,3,p_1.30.24_LL3f_mi,19
323,176,140,221,677,327,350,0,1,3,p_1.30.24_LL3f_mi,19
324,170,128,227,660,329,331,0,1,3,p_1.30.24_LL3f_mi,19
325,174,139,227,652,315,337,0,1,3,p_1.30.24_LL3f_mi,19
326,167,129,205,716,339,377,0,1,3,p_1.30.24_LL3f_mi,19
327,169,129,222,667,321,346,0,1,3,p_1.30.24_LL3f_mi,19
328,178,135,223,671,337,334,0,1,3,p_1.30.24_LL3f_mi,19
329,167,140,217,680,341,339,0,1,3,p_1.30.24_LL3f_mi,19
330,179,134,230,648,333,315,0,1,3,p_1.30.24_LL3f_mi,19
331,179,137,224,660,344,316,0,1,3,p_1.30.24_LL3f_mi,19
332,171,131,223,671,348,323,0,1,3,p_1.30.24_LL3f_mi,19
333,178,133,230,641,348,293,0,1,3,p_1.30.24_LL3f_mi,19
334,178,138,224,659,342,317,0,1,3,p_1.30.24_LL3f_mi,19
335,167,130,224,663,341,322,0,1,3,p_1.30.24_LL3f_mi,19
336,174,124,222,669,358,311,0,1,3,p_1.30.24_LL3f_mi,19
337,171,130,227,661,352,309,0,1,3,p_1.30.24_LL3f_mi,19
338,174,129,224,661,352,309,0,1,3,p_1.30.24_LL3f_mi,19
339,180,136,225,661,337,324,0,1,3,p_1.30.24_LL3f_mi,19
340,167,137,216,687,347,340,0,1,3,p_1.30.24_LL3f_mi,19
341,169,141,224,672,338,334,0,1,3,p_1.30.24_LL3f_mi,19
342,178,143,230,657,339,318,0,1,3,p_1.30.24_LL3f_mi,19
343,167,130,213,684,356,328,0,1,3,p_1.30.24_LL3f_mi,19
344,181,140,227,653,338,315,0,1,3,p_1.30.24_LL3f_mi,19
345,171,128,225,662,338,324,0,1,3,p_1.30.24_LL3f_mi,19
346,170,137,222,674,324,350,0,1,3,p_1.30.24_LL3f_mi,19
347,161,136,208,705,344,361,0,1,3,p_1.30.24_LL3f_mi,19
348,172,134,222,667,342,325,0,1,3,p_1.30.24_LL3f_mi,19
349,173,133,219,674,342,332,0,1,3,p_1.30.24_LL3f_mi,19
350,169,129,222,670,344,326,0,1,3,p_1.30.24_LL3f_mi,19
1,2,2,3,612,317,295,0,1,4,p_1.30.24_LL3f_mi,19
2,86,77,113,868,450,418,0,1,4,p_1.30.24_LL3f_mi,19
3,130,113,162,801,409,392,0,1,4,p_1.30.24_LL3f_mi,19
4,161,125,211,702,355,347,0,1,4,p_1.30.24_LL3f_mi,19
5,170,129,223,667,331,336,0,1,4,p_1.30.24_LL3f_mi,19
6,178,139,226,658,323,335,0,1,4,p_1.30.24_LL3f_mi,19
7,185,142,229,646,308,338,0,1,4,p_1.30.24_LL3f_mi,19
8,174,141,231,647,316,331,0,1,4,p_1.30.24_LL3f_mi,19
9,180,143,226,663,325,338,0,1,4,p_1.30.24_LL3f_mi,19
10,176,134,220,678,339,339,0,1,4,p_1.30.24_LL3f_mi,19
11,177,131,226,661,326,335,0,1,4,p_1.30.24_LL3f_mi,19
12,171,140,220,676,334,342,0,1,4,p_1.30.24_LL3f_mi,19
13,171,127,218,678,336,342,0,1,4,p_1.30.24_LL3f_mi,19
14,174,141,224,665,337,328,0,1,4,p_1.30.24_LL3f_mi,19
15,170,130,227,649,321,328,0,1,4,p_1.30.24_LL3f_mi,19
16,184,147,224,666,328,338,0,1,4,p_1.30.24_LL3f_mi,19
17,178,137,226,654,311,343,0,1,4,p_1.30.24_LL3f_mi,19
18,171,139,216,691,322,369,0,1,4,p_1.30.24_LL3f_mi,19
19,166,134,220,674,317,357,0,1,4,p_1.30.24_LL3f_mi,19
20,176,133,224,659,333,326,0,1,4,p_1.30.24_LL3f_mi,19
21,184,138,225,662,322,340,0,1,4,p_1.30.24_LL3f_mi,19
22,181,139,230,637,317,320,0,1,4,p_1.30.24_LL3f_mi,19
23,179,145,225,662,324,338,0,1,4,p_1.30.24_LL3f_mi,19
24,169,127,223,670,348,322,0,1,4,p_1.30.24_LL3f_mi,19
25,177,139,228,653,329,324,0,1,4,p_1.30.24_LL3f_mi,19
26,159,127,201,727,367,360,0,1,4,p_1.30.24_LL3f_mi,19
27,167,129,219,675,326,349,0,1,4,p_1.30.24_LL3f_mi,19
28,178,137,231,642,310,332,0,1,4,p_1.30.24_LL3f_mi,19
29,174,132,224,660,330,330,0,1,4,p_1.30.24_LL3f_mi,19
30,170,130,220,671,340,331,0,1,4,p_1.30.24_LL3f_mi,19
31,177,126,221,668,339,329,0,1,4,p_1.30.24_LL3f_mi,19
32,165,130,219,674,347,327,0,1,4,p_1.30.24_LL3f_mi,19
33,178,136,229,648,319,329,0,1,4,p_1.30.24_LL3f_mi,19
34,159,131,214,683,336,347,0,1,4,p_1.30.24_LL3f_mi,19
35,171,140,222,666,318,348,0,1,4,p_1.30.24_LL3f_mi,19
36,170,134,221,672,316,356,0,1,4,p_1.30.24_LL3f_mi,19
37,172,139,226,657,312,345,0,1,4,p_1.30.24_LL3f_mi,19
38,174,138,220,675,328,347,0,1,4,p_1.30.24_LL3f_mi,19
39,179,139,227,652,318,334,0,1,4,p_1.30.24_LL3f_mi,19
40,166,139,212,693,335,358,0,1,4,p_1.30.24_LL3f_mi,19
41,169,135,225,656,313,343,0,1,4,p_1.30.24_LL3f_mi,19
42,177,134,222,675,328,347,0,1,4,p_1.30.24_LL3f_mi,19
43,178,128,225,665,334,331,0,1,4,p_1.30.24_LL3f_mi,19
44,176,131,225,662,340,322,0,1,4,p_1.30.24_LL3f_mi,19
45,176,147,225,662,336,326,0,1,4,p_1.30.24_LL3f_mi,19
46,180,132,231,644,315,329,0,1,4,p_1.30.24_LL3f_mi,19
47,174,135,230,645,306,339,0,1,4,p_1.30.24_LL3f_mi,19
48,174,134,221,676,317,359,0,1,4,p_1.30.24_LL3f_mi,19
49,174,130,222,667,311,356,0,1,4,p_1.30.24_LL3f_mi,19
50,175,136,224,670,319,351,0,1,4,p_1.30.24_LL3f_mi,19
51,154,127,202,724,351,373,0,1,4,p_1.30.24_LL3f_mi,19
52,177,139,225,657,315,342,0,1,4,p_1.30.24_LL3f_mi,19
53,179,140,229,649,316,333,0,1,4,p_1.30.24_LL3f_mi,19
54,172,132,223,667,313,354,0,1,4,p_1.30.24_LL3f_mi,19
55,177,136,226,658,323,335,0,1,4,p_1.30.24_LL3f_mi,19
56,174,137,224,663,335,328,0,1,4,p_1.30.24_LL3f_mi,19
57,169,136,221,671,330,341,0,1,4,p_1.30.24_LL3f_mi,19
58,175,135,222,673,324,349,0,1,4,p_1.30.24_LL3f_mi,19
59,184,139,231,647,315,332,0,1,4,p_1.30.24_LL3f_mi,19
60,183,151,228,657,312,345,0,1,4,p_1.30.24_LL3f_mi,19
61,173,133,222,671,329,342,0,1,4,p_1.30.24_LL3f_mi,19
62,173,140,228,652,326,326,0,1,4,p_1.30.24_LL3f_mi,19
63,165,129,224,667,333,334,0,1,4,p_1.30.24_LL3f_mi,19
64,177,134,220,672,348,324,0,1,4,p_1.30.24_LL3f_mi,19
65,180,137,228,660,355,305,0,1,4,p_1.30.24_LL3f_mi,19
66,178,140,227,653,353,300,0,1,4,p_1.30.24_LL3f_mi,19
67,169,131,226,657,347,310,0,1,4,p_1.30.24_LL3f_mi,19
68,171,129,225,661,340,321,0,1,4,p_1.30.24_LL3f_mi,19
69,180,138,229,651,326,325,0,1,4,p_1.30.24_LL3f_mi,19
70,178,135,224,660,322,338,0,1,4,p_1.30.24_LL3f_mi,19
71,178,140,222,672,322,350,0,1,4,p_1.30.24_LL3f_mi,19
72,171,139,218,682,332,350,0,1,4,p_1.30.24_LL3f_mi,19
73,174,136,220,676,348,328,0,1,4,p_1.30.24_LL3f_mi,19
74,172,132,223,666,347,319,0,1,4,p_1.30.24_LL3f_mi,19
75,172,136,220,678,349,329,0,1,4,p_1.30.24_LL3f_mi,19
76,158,137,208,709,360,349,0,1,4,p_1.30.24_LL3f_mi,19
77,177,134,228,651,332,319,0,1,4,p_1.30.24_LL3f_mi,19
78,170,138,221,678,353,325,0,1,4,p_1.30.24_LL3f_mi,19
79,168,128,218,683,357,326,0,1,4,p_1.30.24_LL3f_mi,19
80,167,138,228,657,331,326,0,1,4,p_1.30.24_LL3f_mi,19
81,172,132,222,673,335,338,0,1,4,p_1.30.24_LL3f_mi,19
82,181,135,223,673,339,334,0,1,4,p_1.30.24_LL3f_mi,19
83,181,144,227,666,347,319,0,1,4,p_1.30.24_LL3f_mi,19
84,178,138,225,661,343,318,0,1,4,p_1.30.24_LL3f_mi,19
85,172,135,229,646,327,319,0,1,4,p_1.30.24_LL3f_mi,19
86,177,138,228,652,317,335,0,1,4,p_1.30.24_LL3f_mi,19
87,176,135,226,657,322,335,0,1,4,p_1.30.24_LL3f_mi,19
88,172,137,219,680,345,335,0,1,4,p_1.30.24_LL3f_mi,19
89,179,144,232,648,324,324,0,1,4,p_1.30.24_LL3f_mi,19
90,177,139,229,648,338,310,0,1,4,p_1.30.24_LL3f_mi,19
91,171,132,220,673,348,325,0,1,4,p_1.30.24_LL3f_mi,19
92,176,130,222,678,352,326,0,1,4,p_1.30.24_LL3f_mi,19
93,170,140,219,676,328,348,0,1,4,p_1.30.24_LL3f_mi,19
94,171,124,220,674,329,345,0,1,4,p_1.30.24_LL3f_mi,19
95,175,133,225,658,340,318,0,1,4,p_1.30.24_LL3f_mi,19
96,177,134,224,667,330,337,0,1,4,p_1.30.24_LL3f_mi,19
97,174,129,224,668,313,355,0,1,4,p_1.30.24_LL3f_mi,19
98,164,131,216,683,328,355,0,1,4,p_1.30.24_LL3f_mi,19
99,172,137,225,658,322,336,0,1,4,p_1.30.24_LL3f_mi,19
100,154,118,193,656,322,334,0,1,4,p_1.30.24_LL3f_mi,19
101,116,106,151,666,329,337,0,1,4,p_1.30.24_LL3f_mi,19
102,128,104,162,567,280,287,0,1,4,p_1.30.24_LL3f_mi,19
103,110,87,139,536,263,273,0,1,4,p_1.30.24_LL3f_mi,19
104,96,80,119,495,253,242,0,1,4,p_1.30.24_LL3f_mi,19
105,90,74,112,430,213,217,0,1,4,p_1.30.24_LL3f_mi,19
106,63,54,79,414,207,207,0,1,4,p_1.30.24_LL3f_mi,19
107,59,52,76,343,180,163,0,1,4,p_1.30.24_LL3f_mi,19
108,44,42,57,303,159,144,0,1,4,p_1.30.24_LL3f_mi,19
109,31,30,41,252,133,119,0,1,4,p_1.30.24_LL3f_mi,19
110,25,23,33,205,108,97,0,1,4,p_1.30.24_LL3f_mi,19
111,30,25,38,157,78,79,0,1,4,p_1.30.24_LL3f_mi,19
112,27,21,37,134,68,66,0,1,4,p_1.30.24_LL3f_mi,19
113,27,22,36,128,53,75,0,1,4,p_1.30.24_LL3f_mi,19
114,29,23,36,115,50,65,0,1,4,p_1.30.24_LL3f_mi,19
115,29,24,35,106,47,59,0,1,4,p_1.30.24_LL3f_mi,19
116,26,20,34,109,50,59,0,1,4,p_1.30.24_LL3f_mi,19
117,25,21,33,96,39,57,0,1,4,p_1.30.24_LL3f_mi,19
118,26,23,34,104,50,54,0,1,4,p_1.30.24_LL3f_mi,19
119,26,22,36,111,57,54,0,1,4,p_1.30.24_LL3f_mi,19
120,24,22,32,101,49,52,0,1,4,p_1.30.24_LL3f_mi,19
121,25,22,33,103,45,58,0,1,4,p_1.30.24_LL3f_mi,19
122,25,20,34,99,44,55,0,1,4,p_1.30.24_LL3f_mi,19
123,23,19,32,97,46,51,0,1,4,p_1.30.24_LL3f_mi,19
124,25,18,34,100,48,52,0,1,4,p_1.30.24_LL3f_mi,19
125,25,25,37,122,58,64,16,1,4,p_1.30.24_LL3f_mi,19
126,28,24,37,128,61,67,10,1,4,p_1.30.24_LL3f_mi,19
127,29,22,36,119,62,57,7,1,4,p_1.30.24_LL3f_mi,19
128,27,21,35,116,61,55,1,1,4,p_1.30.24_LL3f_mi,19
129,25,20,34,105,54,51,1,1,4,p_1.30.24_LL3f_mi,19
130,27,23,35,109,52,57,1,1,4,p_1.30.24_LL3f_mi,19
131,31,27,38,120,52,68,0,1,4,p_1.30.24_LL3f_mi,19
132,26,23,34,111,48,63,0,1,4,p_1.30.24_LL3f_mi,19
133,27,23,35,103,47,56,1,1,4,p_1.30.24_LL3f_mi,19
134,28,25,36,110,51,59,0,1,4,p_1.30.24_LL3f_mi,19
135,26,22,35,102,51,51,0,1,4,p_1.30.24_LL3f_mi,19
136,27,21,34,108,49,59,0,1,4,p_1.30.24_LL3f_mi,19
137,25,22,34,107,44,63,0,1,4,p_1.30.24_LL3f_mi,19
138,28,23,34,103,46,57,0,1,4,p_1.30.24_LL3f_mi,19
139,26,19,31,94,44,50,0,1,4,p_1.30.24_LL3f_mi,19
140,25,21,38,124,57,67,17,1,4,p_1.30.24_LL3f_mi,19
141,26,22,36,123,55,68,15,1,4,p_1.30.24_LL3f_mi,19
142,24,16,34,107,58,49,5,1,4,p_1.30.24_LL3f_mi,19
143,30,25,34,113,57,56,4,1,4,p_1.30.24_LL3f_mi,19
144,30,24,36,111,55,56,2,1,4,p_1.30.24_LL3f_mi,19
145,26,21,35,101,51,50,0,1,4,p_1.30.24_LL3f_mi,19
146,28,21,36,110,55,55,0,1,4,p_1.30.24_LL3f_mi,19
147,28,17,34,117,55,62,0,1,4,p_1.30.24_LL3f_mi,19
148,30,25,35,127,59,68,0,1,4,p_1.30.24_LL3f_mi,19
149,28,22,36,116,53,63,0,1,4,p_1.30.24_LL3f_mi,19
150,26,23,35,103,51,52,0,1,4,p_1.30.24_LL3f_mi,19
151,47,29,69,106,49,57,0,1,4,p_1.30.24_LL3f_mi,19
152,70,41,93,136,73,63,0,1,4,p_1.30.24_LL3f_mi,19
153,93,53,118,190,112,78,0,1,4,p_1.30.24_LL3f_mi,19
154,106,69,141,245,128,117,0,1,4,p_1.30.24_LL3f_mi,19
155,119,82,163,329,168,161,17,1,4,p_1.30.24_LL3f_mi,19
156,137,97,178,388,198,190,11,1,4,p_1.30.24_LL3f_mi,19
157,147,113,192,465,244,221,6,1,4,p_1.30.24_LL3f_mi,19
158,166,131,208,506,256,250,1,1,4,p_1.30.24_LL3f_mi,19
159,171,135,221,564,274,290,0,1,4,p_1.30.24_LL3f_mi,19
160,181,137,242,597,264,333,0,1,4,p_1.30.24_LL3f_mi,19
161,180,138,228,648,306,342,0,1,4,p_1.30.24_LL3f_mi,19
162,162,136,217,678,325,353,0,1,4,p_1.30.24_LL3f_mi,19
163,172,130,226,661,328,333,0,1,4,p_1.30.24_LL3f_mi,19
164,170,132,225,661,335,326,0,1,4,p_1.30.24_LL3f_mi,19
165,179,143,229,658,340,318,0,1,4,p_1.30.24_LL3f_mi,19
166,185,141,227,659,330,329,0,1,4,p_1.30.24_LL3f_mi,19
167,175,143,225,670,330,340,0,1,4,p_1.30.24_LL3f_mi,19
168,174,131,230,656,347,309,0,1,4,p_1.30.24_LL3f_mi,19
169,167,133,221,676,348,328,0,1,4,p_1.30.24_LL3f_mi,19
170,163,129,214,688,364,324,15,1,4,p_1.30.24_LL3f_mi,19
171,170,133,219,675,356,319,10,1,4,p_1.30.24_LL3f_mi,19
172,177,138,225,662,348,314,5,1,4,p_1.30.24_LL3f_mi,19
173,174,136,224,663,330,333,2,1,4,p_1.30.24_LL3f_mi,19
174,168,134,221,668,324,344,1,1,4,p_1.30.24_LL3f_mi,19
175,172,134,227,657,314,343,0,1,4,p_1.30.24_LL3f_mi,19
176,165,131,205,713,355,358,0,1,4,p_1.30.24_LL3f_mi,19
177,178,146,222,667,321,346,0,1,4,p_1.30.24_LL3f_mi,19
178,168,130,225,661,326,335,0,1,4,p_1.30.24_LL3f_mi,19
179,182,147,234,631,317,314,0,1,4,p_1.30.24_LL3f_mi,19
180,180,137,228,651,333,318,0,1,4,p_1.30.24_LL3f_mi,19
181,170,128,224,668,337,331,0,1,4,p_1.30.24_LL3f_mi,19
182,177,133,228,640,326,314,0,1,4,p_1.30.24_LL3f_mi,19
183,169,144,224,665,331,334,0,1,4,p_1.30.24_LL3f_mi,19
184,176,140,220,682,343,339,0,1,4,p_1.30.24_LL3f_mi,19
185,176,139,225,667,345,322,0,1,4,p_1.30.24_LL3f_mi,19
186,170,139,221,668,340,328,0,1,4,p_1.30.24_LL3f_mi,19
187,168,121,221,668,335,333,0,1,4,p_1.30.24_LL3f_mi,19
188,169,136,224,658,318,340,0,1,4,p_1.30.24_LL3f_mi,19
189,170,131,215,689,330,359,0,1,4,p_1.30.24_LL3f_mi,19
190,173,131,218,678,322,356,0,1,4,p_1.30.24_LL3f_mi,19
191,181,139,232,635,303,332,0,1,4,p_1.30.24_LL3f_mi,19
192,178,138,224,666,327,339,0,1,4,p_1.30.24_LL3f_mi,19
193,171,130,220,678,342,336,0,1,4,p_1.30.24_LL3f_mi,19
194,176,133,226,656,346,310,0,1,4,p_1.30.24_LL3f_mi,19
195,173,132,220,670,337,333,0,1,4,p_1.30.24_LL3f_mi,19
196,174,145,219,681,343,338,0,1,4,p_1.30.24_LL3f_mi,19
197,178,140,227,657,331,326,0,1,4,p_1.30.24_LL3f_mi,19
198,173,129,220,675,324,351,0,1,4,p_1.30.24_LL3f_mi,19
199,172,128,223,668,343,325,0,1,4,p_1.30.24_LL3f_mi,19
200,177,131,225,660,327,333,0,1,4,p_1.30.24_LL3f_mi,19
201,156,129,201,721,344,377,0,1,4,p_1.30.24_LL3f_mi,19
202,173,136,221,672,317,355,0,1,4,p_1.30.24_LL3f_mi,19
203,179,140,223,665,306,359,0,1,4,p_1.30.24_LL3f_mi,19
204,180,142,224,670,322,348,0,1,4,p_1.30.24_LL3f_mi,19
205,174,138,227,647,319,328,0,1,4,p_1.30.24_LL3f_mi,19
206,178,133,225,662,326,336,0,1,4,p_1.30.24_LL3f_mi,19
207,177,135,229,645,303,342,0,1,4,p_1.30.24_LL3f_mi,19
208,173,138,225,664,307,357,0,1,4,p_1.30.24_LL3f_mi,19
209,176,145,227,664,292,372,0,1,4,p_1.30.24_LL3f_mi,19
210,172,140,224,660,305,355,0,1,4,p_1.30.24_LL3f_mi,19
211,171,137,220,681,321,360,0,1,4,p_1.30.24_LL3f_mi,19
212,173,137,222,671,332,339,0,1,4,p_1.30.24_LL3f_mi,19
213,176,137,228,651,338,313,0,1,4,p_1.30.24_LL3f_mi,19
214,179,139,227,647,333,314,0,1,4,p_1.30.24_LL3f_mi,19
215,179,136,229,652,342,310,0,1,4,p_1.30.24_LL3f_mi,19
216,181,133,229,643,339,304,0,1,4,p_1.30.24_LL3f_mi,19
217,165,135,219,679,364,315,0,1,4,p_1.30.24_LL3f_mi,19
218,166,132,216,688,359,329,0,1,4,p_1.30.24_LL3f_mi,19
219,179,143,226,657,325,332,0,1,4,p_1.30.24_LL3f_mi,19
220,175,144,224,670,333,337,0,1,4,p_1.30.24_LL3f_mi,19
221,168,136,218,679,357,322,0,1,4,p_1.30.24_LL3f_mi,19
222,184,136,230,646,346,300,0,1,4,p_1.30.24_LL3f_mi,19
223,181,132,230,639,334,305,0,1,4,p_1.30.24_LL3f_mi,19
224,176,137,221,671,333,338,0,1,4,p_1.30.24_LL3f_mi,19
225,172,136,222,680,339,341,0,1,4,p_1.30.24_LL3f_mi,19
226,152,123,202,720,368,352,0,1,4,p_1.30.24_LL3f_mi,19
227,181,136,225,664,350,314,0,1,4,p_1.30.24_LL3f_mi,19
228,174,136,223,662,343,319,0,1,4,p_1.30.24_LL3f_mi,19
229,176,135,221,665,335,330,0,1,4,p_1.30.24_LL3f_mi,19
230,179,142,218,685,352,333,0,1,4,p_1.30.24_LL3f_mi,19
231,183,136,228,650,325,325,0,1,4,p_1.30.24_LL3f_mi,19
232,170,136,220,673,339,334,0,1,4,p_1.30.24_LL3f_mi,19
233,175,130,227,660,338,322,0,1,4,p_1.30.24_LL3f_mi,19
234,172,124,220,681,368,313,0,1,4,p_1.30.24_LL3f_mi,19
235,166,129,211,700,370,330,0,1,4,p_1.30.24_LL3f_mi,19
236,181,137,230,645,347,298,0,1,4,p_1.30.24_LL3f_mi,19
237,175,140,225,665,341,324,0,1,4,p_1.30.24_LL3f_mi,19
238,173,137,221,672,329,343,0,1,4,p_1.30.24_LL3f_mi,19
239,176,142,224,668,334,334,0,1,4,p_1.30.24_LL3f_mi,19
240,174,136,227,656,324,332,0,1,4,p_1.30.24_LL3f_mi,19
241,183,136,225,663,329,334,0,1,4,p_1.30.24_LL3f_mi,19
242,182,137,224,666,330,336,0,1,4,p_1.30.24_LL3f_mi,19
243,174,130,227,663,323,340,0,1,4,p_1.30.24_LL3f_mi,19
244,175,137,224,667,336,331,0,1,4,p_1.30.24_LL3f_mi,19
245,175,138,227,651,319,332,0,1,4,p_1.30.24_LL3f_mi,19
246,177,133,222,671,323,348,0,1,4,p_1.30.24_LL3f_mi,19
247,166,136,222,672,324,348,0,1,4,p_1.30.24_LL3f_mi,19
248,184,138,230,645,324,321,0,1,4,p_1.30.24_LL3f_mi,19
249,178,140,223,666,340,326,0,1,4,p_1.30.24_LL3f_mi,19
250,176,137,226,650,316,334,0,1,4,p_1.30.24_LL3f_mi,19
251,158,128,205,715,341,374,0,1,4,p_1.30.24_LL3f_mi,19
252,178,144,228,649,316,333,0,1,4,p_1.30.24_LL3f_mi,19
253,168,132,224,668,316,352,0,1,4,p_1.30.24_LL3f_mi,19
254,187,135,228,654,326,328,0,1,4,p_1.30.24_LL3f_mi,19
255,179,143,224,664,343,321,0,1,4,p_1.30.24_LL3f_mi,19
256,182,133,231,639,319,320,0,1,4,p_1.30.24_LL3f_mi,19
257,182,143,229,643,313,330,0,1,4,p_1.30.24_LL3f_mi,19
258,171,134,222,668,313,355,0,1,4,p_1.30.24_LL3f_mi,19
259,180,133,223,661,323,338,0,1,4,p_1.30.24_LL3f_mi,19
260,180,132,223,676,342,334,0,1,4,p_1.30.24_LL3f_mi,19
261,179,142,231,643,311,332,0,1,4,p_1.30.24_LL3f_mi,19
262,181,137,229,649,350,299,0,1,4,p_1.30.24_LL3f_mi,19
263,175,127,226,660,354,306,0,1,4,p_1.30.24_LL3f_mi,19
264,175,134,229,648,332,316,0,1,4,p_1.30.24_LL3f_mi,19
265,178,144,230,644,339,305,0,1,4,p_1.30.24_LL3f_mi,19
266,180,137,225,655,337,318,0,1,4,p_1.30.24_LL3f_mi,19
267,181,136,223,664,354,310,0,1,4,p_1.30.24_LL3f_mi,19
268,177,141,226,658,348,310,0,1,4,p_1.30.24_LL3f_mi,19
269,173,136,225,659,330,329,0,1,4,p_1.30.24_LL3f_mi,19
270,185,143,227,654,332,322,0,1,4,p_1.30.24_LL3f_mi,19
271,170,134,225,662,346,316,0,1,4,p_1.30.24_LL3f_mi,19
272,173,134,222,668,365,303,0,1,4,p_1.30.24_LL3f_mi,19
273,172,126,220,676,374,302,0,1,4,p_1.30.24_LL3f_mi,19
274,177,136,223,663,343,320,0,1,4,p_1.30.24_LL3f_mi,19
275,175,139,224,665,340,325,0,1,4,p_1.30.24_LL3f_mi,19
276,160,128,210,704,363,341,0,1,4,p_1.30.24_LL3f_mi,19
277,175,135,224,660,335,325,0,1,4,p_1.30.24_LL3f_mi,19
278,176,136,229,644,330,314,0,1,4,p_1.30.24_LL3f_mi,19
279,170,132,226,655,328,327,0,1,4,p_1.30.24_LL3f_mi,19
280,169,133,219,688,342,346,0,1,4,p_1.30.24_LL3f_mi,19
281,182,145,222,667,337,330,0,1,4,p_1.30.24_LL3f_mi,19
282,168,132,217,683,353,330,0,1,4,p_1.30.24_LL3f_mi,19
283,162,128,207,709,361,348,0,1,4,p_1.30.24_LL3f_mi,19
284,176,144,225,661,334,327,0,1,4,p_1.30.24_LL3f_mi,19
285,175,137,222,666,350,316,0,1,4,p_1.30.24_LL3f_mi,19
286,175,142,226,663,333,330,0,1,4,p_1.30.24_LL3f_mi,19
287,164,132,219,680,342,338,0,1,4,p_1.30.24_LL3f_mi,19
288,165,132,224,664,324,340,0,1,4,p_1.30.24_LL3f_mi,19
289,173,133,218,682,327,355,0,1,4,p_1.30.24_LL3f_mi,19
290,167,136,215,696,341,355,0,1,4,p_1.30.24_LL3f_mi,19
291,176,129,226,657,335,322,0,1,4,p_1.30.24_LL3f_mi,19
292,167,131,221,678,347,331,0,1,4,p_1.30.24_LL3f_mi,19
293,173,137,223,664,332,332,0,1,4,p_1.30.24_LL3f_mi,19
294,173,136,220,676,322,354,0,1,4,p_1.30.24_LL3f_mi,19
295,165,135,213,691,338,353,0,1,4,p_1.30.24_LL3f_mi,19
296,179,132,225,664,313,351,0,1,4,p_1.30.24_LL3f_mi,19
297,174,138,226,666,325,341,0,1,4,p_1.30.24_LL3f_mi,19
298,174,133,227,669,335,334,0,1,4,p_1.30.24_LL3f_mi,19
299,175,143,219,679,338,341,0,1,4,p_1.30.24_LL3f_mi,19
300,177,139,226,659,321,338,0,1,4,p_1.30.24_LL3f_mi,19
301,160,120,206,718,369,349,0,1,4,p_1.30.24_LL3f_mi,19
302,173,128,222,660,348,312,0,1,4,p_1.30.24_LL3f_mi,19
303,181,134,229,649,331,318,0,1,4,p_1.30.24_LL3f_mi,19
304,173,138,221,668,333,335,0,1,4,p_1.30.24_LL3f_mi,19
305,181,139,226,655,322,333,0,1,4,p_1.30.24_LL3f_mi,19
306,178,138,219,681,318,363,0,1,4,p_1.30.24_LL3f_mi,19
307,177,140,228,659,317,342,0,1,4,p_1.30.24_LL3f_mi,19
308,161,131,214,684,333,351,0,1,4,p_1.30.24_LL3f_mi,19
309,169,140,221,667,328,339,0,1,4,p_1.30.24_LL3f_mi,19
310,177,136,225,662,336,326,0,1,4,p_1.30.24_LL3f_mi,19
311,181,136,230,639,314,325,0,1,4,p_1.30.24_LL3f_mi,19
312,179,140,227,654,335,319,0,1,4,p_1.30.24_LL3f_mi,19
313,169,131,214,692,367,325,0,1,4,p_1.30.24_LL3f_mi,19
314,177,129,218,680,377,303,0,1,4,p_1.30.24_LL3f_mi,19
315,172,135,222,665,349,316,0,1,4,p_1.30.24_LL3f_mi,19
316,173,136,220,671,346,325,0,1,4,p_1.30.24_LL3f_mi,19
317,180,133,226,649,327,322,0,1,4,p_1.30.24_LL3f_mi,19
318,181,136,228,652,317,335,0,1,4,p_1.30.24_LL3f_mi,19
319,179,133,228,650,321,329,0,1,4,p_1.30.24_LL3f_mi,19
320,176,141,222,671,333,338,0,1,4,p_1.30.24_LL3f_mi,19
321,161,132,217,688,335,353,0,1,4,p_1.30.24_LL3f_mi,19
322,174,144,219,681,341,340,0,1,4,p_1.30.24_LL3f_mi,19
323,179,138,231,642,321,321,0,1,4,p_1.30.24_LL3f_mi,19
324,181,137,227,663,344,319,0,1,4,p_1.30.24_LL3f_mi,19
325,169,141,218,684,353,331,0,1,4,p_1.30.24_LL3f_mi,19
326,155,136,202,719,363,356,0,1,4,p_1.30.24_LL3f_mi,19
327,178,134,224,661,336,325,0,1,4,p_1.30.24_LL3f_mi,19
328,173,129,231,639,324,315,0,1,4,p_1.30.24_LL3f_mi,19
329,177,132,227,653,314,339,0,1,4,p_1.30.24_LL3f_mi,19
330,171,135,225,663,332,331,0,1,4,p_1.30.24_LL3f_mi,19
331,181,138,227,651,327,324,0,1,4,p_1.30.24_LL3f_mi,19
332,173,133,221,669,342,327,0,1,4,p_1.30.24_LL3f_mi,19
333,177,133,222,665,346,319,0,1,4,p_1.30.24_LL3f_mi,19
334,175,126,223,668,347,321,0,1,4,p_1.30.24_LL3f_mi,19
335,174,134,224,666,330,336,0,1,4,p_1.30.24_LL3f_mi,19
336,169,129,219,678,335,343,0,1,4,p_1.30.24_LL3f_mi,19
337,175,143,224,664,335,329,0,1,4,p_1.30.24_LL3f_mi,19
338,173,137,227,659,324,335,0,1,4,p_1.30.24_LL3f_mi,19
339,176,133,227,655,309,346,0,1,4,p_1.30.24_LL3f_mi,19
340,179,144,230,640,301,339,0,1,4,p_1.30.24_LL3f_mi,19
341,165,127,226,659,321,338,0,1,4,p_1.30.24_LL3f_mi,19
342,170,135,218,681,311,370,0,1,4,p_1.30.24_LL3f_mi,19
343,180,138,228,652,321,331,0,1,4,p_1.30.24_LL3f_mi,19
344,175,138,230,645,321,324,0,1,4,p_1.30.24_LL3f_mi,19
345,177,136,223,671,344,327,0,1,4,p_1.30.24_LL3f_mi,19
346,173,129,223,667,336,331,0,1,4,p_1.30.24_LL3f_mi,19
347,183,140,227,655,325,330,0,1,4,p_1.30.24_LL3f_mi,19
348,171,132,227,658,325,333,0,1,4,p_1.30.24_LL3f_mi,19
349,180,136,227,650,327,323,0,1,4,p_1.30.24_LL3f_mi,19
350,178,139,228,654,320,334,0,1,4,p_1.30.24_LL3f_mi,19
1,6,6,8,631,307,324,0,1,5,p_1.30.24_LL3f_mi,19
2,99,87,127,852,418,434,0,1,5,p_1.30.24_LL3f_mi,19
3,131,117,168,792,388,404,0,1,5,p_1.30.24_LL3f_mi,19
4,161,132,210,701,344,357,0,1,5,p_1.30.24_LL3f_mi,19
5,172,130,228,645,303,342,0,1,5,p_1.30.24_LL3f_mi,19
6,187,137,227,654,312,342,0,1,5,p_1.30.24_LL3f_mi,19
7,181,138,228,651,318,333,0,1,5,p_1.30.24_LL3f_mi,19
8,178,135,224,658,334,324,0,1,5,p_1.30.24_LL3f_mi,19
9,172,133,221,668,344,324,0,1,5,p_1.30.24_LL3f_mi,19
10,177,131,224,664,336,328,0,1,5,p_1.30.24_LL3f_mi,19
11,172,141,222,674,330,344,0,1,5,p_1.30.24_LL3f_mi,19
12,178,143,224,665,316,349,0,1,5,p_1.30.24_LL3f_mi,19
13,176,139,218,684,328,356,0,1,5,p_1.30.24_LL3f_mi,19
14,173,132,224,668,333,335,0,1,5,p_1.30.24_LL3f_mi,19
15,176,139,225,659,316,343,0,1,5,p_1.30.24_LL3f_mi,19
16,178,141,228,645,329,316,0,1,5,p_1.30.24_LL3f_mi,19
17,174,133,227,657,320,337,0,1,5,p_1.30.24_LL3f_mi,19
18,176,135,225,660,327,333,0,1,5,p_1.30.24_LL3f_mi,19
19,176,141,228,659,324,335,0,1,5,p_1.30.24_LL3f_mi,19
20,170,137,218,678,340,338,0,1,5,p_1.30.24_LL3f_mi,19
21,171,134,224,662,338,324,0,1,5,p_1.30.24_LL3f_mi,19
22,176,135,221,673,334,339,0,1,5,p_1.30.24_LL3f_mi,19
23,169,135,219,674,347,327,0,1,5,p_1.30.24_LL3f_mi,19
24,175,141,225,659,341,318,0,1,5,p_1.30.24_LL3f_mi,19
25,173,124,228,653,338,315,0,1,5,p_1.30.24_LL3f_mi,19
26,166,137,211,705,354,351,0,1,5,p_1.30.24_LL3f_mi,19
27,174,126,219,675,342,333,0,1,5,p_1.30.24_LL3f_mi,19
28,170,137,228,653,322,331,0,1,5,p_1.30.24_LL3f_mi,19
29,180,144,226,666,315,351,0,1,5,p_1.30.24_LL3f_mi,19
30,175,127,228,658,327,331,0,1,5,p_1.30.24_LL3f_mi,19
31,167,130,221,669,334,335,0,1,5,p_1.30.24_LL3f_mi,19
32,166,133,220,678,340,338,0,1,5,p_1.30.24_LL3f_mi,19
33,175,138,228,651,325,326,0,1,5,p_1.30.24_LL3f_mi,19
34,167,125,223,666,334,332,0,1,5,p_1.30.24_LL3f_mi,19
35,162,132,215,685,326,359,0,1,5,p_1.30.24_LL3f_mi,19
36,182,141,232,645,310,335,0,1,5,p_1.30.24_LL3f_mi,19
37,167,128,221,671,333,338,0,1,5,p_1.30.24_LL3f_mi,19
38,172,131,226,652,331,321,0,1,5,p_1.30.24_LL3f_mi,19
39,178,138,227,654,318,336,0,1,5,p_1.30.24_LL3f_mi,19
40,175,136,229,644,317,327,0,1,5,p_1.30.24_LL3f_mi,19
41,177,138,222,674,330,344,0,1,5,p_1.30.24_LL3f_mi,19
42,166,140,212,700,331,369,0,1,5,p_1.30.24_LL3f_mi,19
43,175,137,225,662,310,352,0,1,5,p_1.30.24_LL3f_mi,19
44,172,139,220,673,316,357,0,1,5,p_1.30.24_LL3f_mi,19
45,175,141,234,630,298,332,0,1,5,p_1.30.24_LL3f_mi,19
46,178,134,231,635,321,314,0,1,5,p_1.30.24_LL3f_mi,19
47,179,142,232,635,311,324,0,1,5,p_1.30.24_LL3f_mi,19
48,173,136,218,683,343,340,0,1,5,p_1.30.24_LL3f_mi,19
49,177,136,220,678,316,362,0,1,5,p_1.30.24_LL3f_mi,19
50,168,129,223,669,322,347,0,1,5,p_1.30.24_LL3f_mi,19
51,167,130,207,714,349,365,0,1,5,p_1.30.24_LL3f_mi,19
52,174,134,226,661,333,328,0,1,5,p_1.30.24_LL3f_mi,19
53,177,144,223,661,343,318,0,1,5,p_1.30.24_LL3f_mi,19
54,170,144,219,678,356,322,0,1,5,p_1.30.24_LL3f_mi,19
55,177,127,227,663,346,317,0,1,5,p_1.30.24_LL3f_mi,19
56,174,137,226,652,332,320,0,1,5,p_1.30.24_LL3f_mi,19
57,170,131,223,660,323,337,0,1,5,p_1.30.24_LL3f_mi,19
58,180,140,227,656,318,338,0,1,5,p_1.30.24_LL3f_mi,19
59,173,136,224,666,312,354,0,1,5,p_1.30.24_LL3f_mi,19
60,182,138,229,640,304,336,0,1,5,p_1.30.24_LL3f_mi,19
61,170,132,223,668,328,340,0,1,5,p_1.30.24_LL3f_mi,19
62,173,132,219,680,331,349,0,1,5,p_1.30.24_LL3f_mi,19
63,177,141,225,668,326,342,0,1,5,p_1.30.24_LL3f_mi,19
64,185,146,229,648,315,333,0,1,5,p_1.30.24_LL3f_mi,19
65,171,140,226,660,307,353,0,1,5,p_1.30.24_LL3f_mi,19
66,165,133,212,694,342,352,0,1,5,p_1.30.24_LL3f_mi,19
67,176,137,222,666,337,329,0,1,5,p_1.30.24_LL3f_mi,19
68,175,139,223,660,330,330,0,1,5,p_1.30.24_LL3f_mi,19
69,174,132,225,661,312,349,0,1,5,p_1.30.24_LL3f_mi,19
70,179,136,229,646,324,322,0,1,5,p_1.30.24_LL3f_mi,19
71,171,128,224,671,327,344,0,1,5,p_1.30.24_LL3f_mi,19
72,171,135,222,669,323,346,0,1,5,p_1.30.24_LL3f_mi,19
73,182,142,228,650,320,330,0,1,5,p_1.30.24_LL3f_mi,19
74,182,132,226,662,334,328,0,1,5,p_1.30.24_LL3f_mi,19
75,173,137,222,669,339,330,0,1,5,p_1.30.24_LL3f_mi,19
76,158,126,198,730,378,352,0,1,5,p_1.30.24_LL3f_mi,19
77,171,142,223,668,327,341,0,1,5,p_1.30.24_LL3f_mi,19
78,174,141,230,646,315,331,0,1,5,p_1.30.24_LL3f_mi,19
79,169,139,215,690,334,356,0,1,5,p_1.30.24_LL3f_mi,19
80,172,136,223,666,309,357,0,1,5,p_1.30.24_LL3f_mi,19
81,178,137,224,666,314,352,0,1,5,p_1.30.24_LL3f_mi,19
82,179,134,225,657,305,352,0,1,5,p_1.30.24_LL3f_mi,19
83,170,136,219,676,317,359,0,1,5,p_1.30.24_LL3f_mi,19
84,172,131,221,676,328,348,0,1,5,p_1.30.24_LL3f_mi,19
85,172,136,226,659,320,339,0,1,5,p_1.30.24_LL3f_mi,19
86,173,127,225,652,320,332,0,1,5,p_1.30.24_LL3f_mi,19
87,177,138,229,646,311,335,0,1,5,p_1.30.24_LL3f_mi,19
88,173,136,223,664,336,328,0,1,5,p_1.30.24_LL3f_mi,19
89,170,136,216,683,343,340,0,1,5,p_1.30.24_LL3f_mi,19
90,181,140,223,669,341,328,0,1,5,p_1.30.24_LL3f_mi,19
91,180,126,235,630,329,301,0,1,5,p_1.30.24_LL3f_mi,19
92,176,140,225,662,344,318,0,1,5,p_1.30.24_LL3f_mi,19
93,173,136,223,666,336,330,0,1,5,p_1.30.24_LL3f_mi,19
94,175,137,225,660,320,340,0,1,5,p_1.30.24_LL3f_mi,19
95,174,138,226,657,319,338,0,1,5,p_1.30.24_LL3f_mi,19
96,167,137,223,667,331,336,0,1,5,p_1.30.24_LL3f_mi,19
97,172,141,215,691,346,345,0,1,5,p_1.30.24_LL3f_mi,19
98,172,135,221,672,346,326,0,1,5,p_1.30.24_LL3f_mi,19
99,180,138,228,649,303,346,0,1,5,p_1.30.24_LL3f_mi,19
100,152,122,198,651,307,344,0,1,5,p_1.30.24_LL3f_mi,19
101,114,95,146,677,326,351,0,1,5,p_1.30.24_LL3f_mi,19
102,130,105,160,573,274,299,0,1,5,p_1.30.24_LL3f_mi,19
103,117,88,148,515,270,245,0,1,5,p_1.30.24_LL3f_mi,19
104,93,79,118,494,262,232,0,1,5,p_1.30.24_LL3f_mi,19
105,85,71,113,432,232,200,0,1,5,p_1.30.24_LL3f_mi,19
106,74,57,94,389,211,178,0,1,5,p_1.30.24_LL3f_mi,19
107,60,51,78,342,173,169,0,1,5,p_1.30.24_LL3f_mi,19
108,36,33,48,313,160,153,0,1,5,p_1.30.24_LL3f_mi,19
109,41,36,50,240,121,119,0,1,5,p_1.30.24_LL3f_mi,19
110,23,20,31,205,104,101,0,1,5,p_1.30.24_LL3f_mi,19
111,30,24,38,147,73,74,0,1,5,p_1.30.24_LL3f_mi,19
112,27,22,36,126,69,57,0,1,5,p_1.30.24_LL3f_mi,19
113,30,25,37,115,65,50,0,1,5,p_1.30.24_LL3f_mi,19
114,28,24,36,117,60,57,0,1,5,p_1.30.24_LL3f_mi,19
115,29,25,34,114,52,62,0,1,5,p_1.30.24_LL3f_mi,19
116,27,23,35,111,55,56,0,1,5,p_1.30.24_LL3f_mi,19
117,28,22,35,106,49,57,0,1,5,p_1.30.24_LL3f_mi,19
118,27,21,35,107,53,54,0,1,5,p_1.30.24_LL3f_mi,19
119,26,19,34,107,49,58,0,1,5,p_1.30.24_LL3f_mi,19
120,27,24,35,104,45,59,0,1,5,p_1.30.24_LL3f_mi,19
121,29,21,35,110,52,58,0,1,5,p_1.30.24_LL3f_mi,19
122,28,22,35,115,56,59,0,1,5,p_1.30.24_LL3f_mi,19
123,26,24,35,109,55,54,0,1,5,p_1.30.24_LL3f_mi,19
124,25,22,32,111,54,57,0,1,5,p_1.30.24_LL3f_mi,19
125,29,26,37,125,64,61,18,1,5,p_1.30.24_LL3f_mi,19
126,29,23,37,123,63,60,8,1,5,p_1.30.24_LL3f_mi,19
127,28,23,37,109,56,53,3,1,5,p_1.30.24_LL3f_mi,19
128,28,23,34,105,53,52,1,1,5,p_1.30.24_LL3f_mi,19
129,27,23,33,108,56,52,0,1,5,p_1.30.24_LL3f_mi,19
130,27,24,36,113,56,57,0,1,5,p_1.30.24_LL3f_mi,19
131,24,20,34,108,51,57,0,1,5,p_1.30.24_LL3f_mi,19
132,28,22,36,108,51,57,0,1,5,p_1.30.24_LL3f_mi,19
133,32,24,37,114,53,61,0,1,5,p_1.30.24_LL3f_mi,19
134,28,20,35,110,53,57,0,1,5,p_1.30.24_LL3f_mi,19
135,27,21,33,101,55,46,0,1,5,p_1.30.24_LL3f_mi,19
136,23,19,33,101,56,45,0,1,5,p_1.30.24_LL3f_mi,19
137,26,19,35,101,59,42,0,1,5,p_1.30.24_LL3f_mi,19
138,25,19,33,104,52,52,0,1,5,p_1.30.24_LL3f_mi,19
139,26,21,33,107,55,52,0,1,5,p_1.30.24_LL3f_mi,19
140,28,18,39,130,67,63,20,1,5,p_1.30.24_LL3f_mi,19
141,26,22,36,122,57,65,14,1,5,p_1.30.24_LL3f_mi,19
142,28,23,36,113,63,50,9,1,5,p_1.30.24_LL3f_mi,19
143,26,17,34,107,57,50,5,1,5,p_1.30.24_LL3f_mi,19
144,24,19,34,109,61,48,2,1,5,p_1.30.24_LL3f_mi,19
145,22,18,31,96,46,50,0,1,5,p_1.30.24_LL3f_mi,19
146,26,20,33,104,48,56,0,1,5,p_1.30.24_LL3f_mi,19
147,26,22,34,104,46,58,0,1,5,p_1.30.24_LL3f_mi,19
148,25,21,34,106,48,58,0,1,5,p_1.30.24_LL3f_mi,19
149,28,22,34,109,47,62,0,1,5,p_1.30.24_LL3f_mi,19
150,30,23,36,114,50,64,0,1,5,p_1.30.24_LL3f_mi,19
151,51,37,78,115,53,62,0,1,5,p_1.30.24_LL3f_mi,19
152,68,47,100,149,70,79,0,1,5,p_1.30.24_LL3f_mi,19
153,91,64,123,211,102,109,0,1,5,p_1.30.24_LL3f_mi,19
154,107,80,144,275,121,154,0,1,5,p_1.30.24_LL3f_mi,19
155,121,88,161,342,155,187,14,1,5,p_1.30.24_LL3f_mi,19
156,139,99,178,388,186,202,13,1,5,p_1.30.24_LL3f_mi,19
157,149,110,194,446,217,229,5,1,5,p_1.30.24_LL3f_mi,19
158,163,119,213,485,229,256,1,1,5,p_1.30.24_LL3f_mi,19
159,176,132,226,553,267,286,0,1,5,p_1.30.24_LL3f_mi,19
160,187,133,241,595,295,300,0,1,5,p_1.30.24_LL3f_mi,19
161,177,142,228,659,306,353,0,1,5,p_1.30.24_LL3f_mi,19
162,168,138,218,681,329,352,0,1,5,p_1.30.24_LL3f_mi,19
163,173,139,219,683,332,351,0,1,5,p_1.30.24_LL3f_mi,19
164,173,138,224,670,319,351,0,1,5,p_1.30.24_LL3f_mi,19
165,166,134,216,690,330,360,0,1,5,p_1.30.24_LL3f_mi,19
166,180,147,226,663,327,336,0,1,5,p_1.30.24_LL3f_mi,19
167,169,132,227,653,334,319,0,1,5,p_1.30.24_LL3f_mi,19
168,180,143,228,650,333,317,0,1,5,p_1.30.24_LL3f_mi,19
169,178,143,223,668,329,339,0,1,5,p_1.30.24_LL3f_mi,19
170,174,127,218,680,340,340,21,1,5,p_1.30.24_LL3f_mi,19
171,167,126,226,656,315,341,6,1,5,p_1.30.24_LL3f_mi,19
172,159,127,216,688,351,337,3,1,5,p_1.30.24_LL3f_mi,19
173,176,130,227,654,334,320,0,1,5,p_1.30.24_LL3f_mi,19
174,176,137,228,653,325,328,0,1,5,p_1.30.24_LL3f_mi,19
175,169,134,219,676,336,340,0,1,5,p_1.30.24_LL3f_mi,19
176,159,127,203,719,348,371,0,1,5,p_1.30.24_LL3f_mi,19
177,169,143,212,695,333,362,0,1,5,p_1.30.24_LL3f_mi,19
178,182,127,234,631,304,327,0,1,5,p_1.30.24_LL3f_mi,19
179,178,141,230,645,316,329,0,1,5,p_1.30.24_LL3f_mi,19
180,174,133,223,666,321,345,0,1,5,p_1.30.24_LL3f_mi,19
181,174,141,225,663,324,339,0,1,5,p_1.30.24_LL3f_mi,19
182,173,134,226,652,335,317,0,1,5,p_1.30.24_LL3f_mi,19
183,179,134,222,676,352,324,0,1,5,p_1.30.24_LL3f_mi,19
184,174,136,221,676,367,309,0,1,5,p_1.30.24_LL3f_mi,19
185,177,138,225,666,331,335,0,1,5,p_1.30.24_LL3f_mi,19
186,173,129,222,671,334,337,0,1,5,p_1.30.24_LL3f_mi,19
187,172,136,223,670,336,334,0,1,5,p_1.30.24_LL3f_mi,19
188,181,144,226,659,321,338,0,1,5,p_1.30.24_LL3f_mi,19
189,177,133,224,663,315,348,0,1,5,p_1.30.24_LL3f_mi,19
190,168,138,225,668,318,350,0,1,5,p_1.30.24_LL3f_mi,19
191,177,135,229,642,306,336,0,1,5,p_1.30.24_LL3f_mi,19
192,172,135,222,671,338,333,0,1,5,p_1.30.24_LL3f_mi,19
193,171,134,220,675,347,328,0,1,5,p_1.30.24_LL3f_mi,19
194,175,130,228,652,339,313,0,1,5,p_1.30.24_LL3f_mi,19
195,173,136,227,655,341,314,0,1,5,p_1.30.24_LL3f_mi,19
196,185,142,233,638,318,320,0,1,5,p_1.30.24_LL3f_mi,19
197,164,140,220,678,320,358,0,1,5,p_1.30.24_LL3f_mi,19
198,169,138,219,677,323,354,0,1,5,p_1.30.24_LL3f_mi,19
199,180,143,223,667,328,339,0,1,5,p_1.30.24_LL3f_mi,19
200,168,136,218,689,344,345,0,1,5,p_1.30.24_LL3f_mi,19
201,164,134,207,712,354,358,0,1,5,p_1.30.24_LL3f_mi,19
202,176,141,224,659,332,327,0,1,5,p_1.30.24_LL3f_mi,19
203,176,136,225,654,342,312,0,1,5,p_1.30.24_LL3f_mi,19
204,177,139,222,676,351,325,0,1,5,p_1.30.24_LL3f_mi,19
205,173,133,221,676,337,339,0,1,5,p_1.30.24_LL3f_mi,19
206,171,138,220,680,341,339,0,1,5,p_1.30.24_LL3f_mi,19
207,171,134,221,677,345,332,0,1,5,p_1.30.24_LL3f_mi,19
208,181,133,229,654,330,324,0,1,5,p_1.30.24_LL3f_mi,19
209,173,133,228,651,326,325,0,1,5,p_1.30.24_LL3f_mi,19
210,172,134,229,651,336,315,0,1,5,p_1.30.24_LL3f_mi,19
211,175,140,220,676,331,345,0,1,5,p_1.30.24_LL3f_mi,19
212,171,132,220,678,336,342,0,1,5,p_1.30.24_LL3f_mi,19
213,176,143,222,670,329,341,0,1,5,p_1.30.24_LL3f_mi,19
214,174,144,223,668,332,336,0,1,5,p_1.30.24_LL3f_mi,19
215,174,134,216,685,338,347,0,1,5,p_1.30.24_LL3f_mi,19
216,168,132,219,676,340,336,0,1,5,p_1.30.24_LL3f_mi,19
217,176,139,224,662,341,321,0,1,5,p_1.30.24_LL3f_mi,19
218,166,131,218,681,356,325,0,1,5,p_1.30.24_LL3f_mi,19
219,172,132,221,668,353,315,0,1,5,p_1.30.24_LL3f_mi,19
220,175,140,230,647,326,321,0,1,5,p_1.30.24_LL3f_mi,19
221,178,133,230,647,310,337,0,1,5,p_1.30.24_LL3f_mi,19
222,184,141,226,657,318,339,0,1,5,p_1.30.24_LL3f_mi,19
223,166,135,225,658,321,337,0,1,5,p_1.30.24_LL3f_mi,19
224,169,137,226,655,329,326,0,1,5,p_1.30.24_LL3f_mi,19
225,172,135,223,668,325,343,0,1,5,p_1.30.24_LL3f_mi,19
226,151,120,203,722,346,376,0,1,5,p_1.30.24_LL3f_mi,19
227,178,134,220,675,314,361,0,1,5,p_1.30.24_LL3f_mi,19
228,176,144,229,646,297,349,0,1,5,p_1.30.24_LL3f_mi,19
229,175,134,222,664,316,348,0,1,5,p_1.30.24_LL3f_mi,19
230,167,130,215,680,323,357,0,1,5,p_1.30.24_LL3f_mi,19
231,175,147,225,659,313,346,0,1,5,p_1.30.24_LL3f_mi,19
232,179,130,230,651,326,325,0,1,5,p_1.30.24_LL3f_mi,19
233,180,142,228,654,326,328,0,1,5,p_1.30.24_LL3f_mi,19
234,175,132,224,664,340,324,0,1,5,p_1.30.24_LL3f_mi,19
235,173,139,221,681,342,339,0,1,5,p_1.30.24_LL3f_mi,19
236,162,130,219,680,346,334,0,1,5,p_1.30.24_LL3f_mi,19
237,172,131,230,648,319,329,0,1,5,p_1.30.24_LL3f_mi,19
238,176,137,226,651,330,321,0,1,5,p_1.30.24_LL3f_mi,19
239,180,141,229,650,327,323,0,1,5,p_1.30.24_LL3f_mi,19
240,169,135,217,689,340,349,0,1,5,p_1.30.24_LL3f_mi,19
241,177,138,224,663,335,328,0,1,5,p_1.30.24_LL3f_mi,19
242,182,147,225,663,330,333,0,1,5,p_1.30.24_LL3f_mi,19
243,172,133,223,666,338,328,0,1,5,p_1.30.24_LL3f_mi,19
244,165,135,214,691,340,351,0,1,5,p_1.30.24_LL3f_mi,19
245,169,138,213,694,322,372,0,1,5,p_1.30.24_LL3f_mi,19
246,170,132,214,688,326,362,0,1,5,p_1.30.24_LL3f_mi,19
247,178,144,223,665,316,349,0,1,5,p_1.30.24_LL3f_mi,19
248,179,141,228,651,317,334,0,1,5,p_1.30.24_LL3f_mi,19
249,182,139,233,642,311,331,0,1,5,p_1.30.24_LL3f_mi,19
250,167,137,214,688,332,356,0,1,5,p_1.30.24_LL3f_mi,19
251,162,123,205,716,334,382,0,1,5,p_1.30.24_LL3f_mi,19
252,180,143,227,653,315,338,0,1,5,p_1.30.24_LL3f_mi,19
253,168,132,225,662,318,344,0,1,5,p_1.30.24_LL3f_mi,19
254,173,133,220,678,333,345,0,1,5,p_1.30.24_LL3f_mi,19
255,175,137,222,668,316,352,0,1,5,p_1.30.24_LL3f_mi,19
256,179,143,230,647,321,326,0,1,5,p_1.30.24_LL3f_mi,19
257,177,134,228,653,325,328,0,1,5,p_1.30.24_LL3f_mi,19
258,178,135,229,644,339,305,0,1,5,p_1.30.24_LL3f_mi,19
259,170,137,221,672,341,331,0,1,5,p_1.30.24_LL3f_mi,19
260,178,137,225,664,356,308,0,1,5,p_1.30.24_LL3f_mi,19
261,184,147,231,643,318,325,0,1,5,p_1.30.24_LL3f_mi,19
262,171,139,225,666,341,325,0,1,5,p_1.30.24_LL3f_mi,19
263,173,131,227,643,328,315,0,1,5,p_1.30.24_LL3f_mi,19
264,176,133,219,674,351,323,0,1,5,p_1.30.24_LL3f_mi,19
265,178,142,224,663,343,320,0,1,5,p_1.30.24_LL3f_mi,19
266,180,128,227,659,351,308,0,1,5,p_1.30.24_LL3f_mi,19
267,171,127,225,660,336,324,0,1,5,p_1.30.24_LL3f_mi,19
268,171,131,224,660,342,318,0,1,5,p_1.30.24_LL3f_mi,19
269,169,133,222,667,321,346,0,1,5,p_1.30.24_LL3f_mi,19
270,167,129,221,673,317,356,0,1,5,p_1.30.24_LL3f_mi,19
271,167,138,217,684,328,356,0,1,5,p_1.30.24_LL3f_mi,19
272,176,137,222,671,318,353,0,1,5,p_1.30.24_LL3f_mi,19
273,176,141,223,662,308,354,0,1,5,p_1.30.24_LL3f_mi,19
274,169,131,217,682,325,357,0,1,5,p_1.30.24_LL3f_mi,19
275,160,128,216,684,331,353,0,1,5,p_1.30.24_LL3f_mi,19
276,163,126,204,715,340,375,0,1,5,p_1.30.24_LL3f_mi,19
277,170,135,222,666,322,344,0,1,5,p_1.30.24_LL3f_mi,19
278,178,141,227,654,315,339,0,1,5,p_1.30.24_LL3f_mi,19
279,176,131,224,662,319,343,0,1,5,p_1.30.24_LL3f_mi,19
280,180,138,230,639,297,342,0,1,5,p_1.30.24_LL3f_mi,19
281,180,137,228,657,305,352,0,1,5,p_1.30.24_LL3f_mi,19
282,167,123,217,680,322,358,0,1,5,p_1.30.24_LL3f_mi,19
283,170,131,228,655,309,346,0,1,5,p_1.30.24_LL3f_mi,19
284,165,128,218,683,342,341,0,1,5,p_1.30.24_LL3f_mi,19
285,166,126,213,692,357,335,0,1,5,p_1.30.24_LL3f_mi,19
286,179,134,221,674,344,330,0,1,5,p_1.30.24_LL3f_mi,19
287,170,135,223,671,334,337,0,1,5,p_1.30.24_LL3f_mi,19
288,177,136,228,650,319,331,0,1,5,p_1.30.24_LL3f_mi,19
289,180,140,226,657,332,325,0,1,5,p_1.30.24_LL3f_mi,19
290,175,136,224,664,342,322,0,1,5,p_1.30.24_LL3f_mi,19
291,175,126,228,652,334,318,0,1,5,p_1.30.24_LL3f_mi,19
292,177,138,220,681,315,366,0,1,5,p_1.30.24_LL3f_mi,19
293,163,129,220,671,319,352,0,1,5,p_1.30.24_LL3f_mi,19
294,175,130,221,667,318,349,0,1,5,p_1.30.24_LL3f_mi,19
295,174,144,225,669,329,340,0,1,5,p_1.30.24_LL3f_mi,19
296,169,123,219,681,344,337,0,1,5,p_1.30.24_LL3f_mi,19
297,174,136,221,681,345,336,0,1,5,p_1.30.24_LL3f_mi,19
298,170,137,219,677,348,329,0,1,5,p_1.30.24_LL3f_mi,19
299,177,136,229,646,303,343,0,1,5,p_1.30.24_LL3f_mi,19
300,175,136,227,656,320,336,0,1,5,p_1.30.24_LL3f_mi,19
301,171,138,213,699,349,350,0,1,5,p_1.30.24_LL3f_mi,19
302,171,134,219,676,347,329,0,1,5,p_1.30.24_LL3f_mi,19
303,172,127,224,659,338,321,0,1,5,p_1.30.24_LL3f_mi,19
304,178,145,230,650,322,328,0,1,5,p_1.30.24_LL3f_mi,19
305,176,129,232,647,330,317,0,1,5,p_1.30.24_LL3f_mi,19
306,178,129,225,659,331,328,0,1,5,p_1.30.24_LL3f_mi,19
307,169,138,219,675,333,342,0,1,5,p_1.30.24_LL3f_mi,19
308,171,138,222,675,330,345,0,1,5,p_1.30.24_LL3f_mi,19
309,168,134,221,671,332,339,0,1,5,p_1.30.24_LL3f_mi,19
310,171,135,220,670,329,341,0,1,5,p_1.30.24_LL3f_mi,19
311,174,133,224,667,338,329,0,1,5,p_1.30.24_LL3f_mi,19
312,181,137,223,666,351,315,0,1,5,p_1.30.24_LL3f_mi,19
313,170,130,220,674,348,326,0,1,5,p_1.30.24_LL3f_mi,19
314,172,129,224,664,345,319,0,1,5,p_1.30.24_LL3f_mi,19
315,186,140,231,640,325,315,0,1,5,p_1.30.24_LL3f_mi,19
316,173,140,226,661,326,335,0,1,5,p_1.30.24_LL3f_mi,19
317,176,126,227,657,342,315,0,1,5,p_1.30.24_LL3f_mi,19
318,166,132,221,667,331,336,0,1,5,p_1.30.24_LL3f_mi,19
319,166,130,213,691,358,333,0,1,5,p_1.30.24_LL3f_mi,19
320,178,136,227,653,347,306,0,1,5,p_1.30.24_LL3f_mi,19
321,162,130,216,681,360,321,0,1,5,p_1.30.24_LL3f_mi,19
322,178,144,222,672,349,323,0,1,5,p_1.30.24_LL3f_mi,19
323,173,132,224,662,340,322,0,1,5,p_1.30.24_LL3f_mi,19
324,174,129,224,662,342,320,0,1,5,p_1.30.24_LL3f_mi,19
325,182,136,230,648,335,313,0,1,5,p_1.30.24_LL3f_mi,19
326,163,130,209,708,370,338,0,1,5,p_1.30.24_LL3f_mi,19
327,174,135,222,669,353,316,0,1,5,p_1.30.24_LL3f_mi,19
328,178,132,226,657,337,320,0,1,5,p_1.30.24_LL3f_mi,19
329,176,138,226,658,351,307,0,1,5,p_1.30.24_LL3f_mi,19
330,176,133,225,660,339,321,0,1,5,p_1.30.24_LL3f_mi,19
331,169,133,218,687,336,351,0,1,5,p_1.30.24_LL3f_mi,19
332,169,127,224,661,329,332,0,1,5,p_1.30.24_LL3f_mi,19
333,179,127,228,655,330,325,0,1,5,p_1.30.24_LL3f_mi,19
334,175,135,220,679,347,332,0,1,5,p_1.30.24_LL3f_mi,19
335,166,134,219,682,339,343,0,1,5,p_1.30.24_LL3f_mi,19
336,183,134,229,645,329,316,0,1,5,p_1.30.24_LL3f_mi,19
337,172,139,222,669,320,349,0,1,5,p_1.30.24_LL3f_mi,19
338,177,132,220,678,335,343,0,1,5,p_1.30.24_LL3f_mi,19
339,174,135,224,655,319,336,0,1,5,p_1.30.24_LL3f_mi,19
340,177,146,218,681,320,361,0,1,5,p_1.30.24_LL3f_mi,19
341,180,144,222,665,323,342,0,1,5,p_1.30.24_LL3f_mi,19
342,189,139,234,634,319,315,0,1,5,p_1.30.24_LL3f_mi,19
343,173,135,225,661,320,341,0,1,5,p_1.30.24_LL3f_mi,19
344,178,137,226,659,323,336,0,1,5,p_1.30.24_LL3f_mi,19
345,170,140,221,681,314,367,0,1,5,p_1.30.24_LL3f_mi,19
346,180,138,228,647,310,337,0,1,5,p_1.30.24_LL3f_mi,19
347,184,145,232,636,297,339,0,1,5,p_1.30.24_LL3f_mi,19
348,174,137,228,653,305,348,0,1,5,p_1.30.24_LL3f_mi,19
349,176,132,221,673,330,343,0,1,5,p_1.30.24_LL3f_mi,19
350,182,141,230,654,318,336,0,1,5,p_1.30.24_LL3f_mi,19
1,2,2,3,607,311,296,0,1,1,p_1.30.24_LL3f_mi,20
2,95,88,121,859,436,423,0,1,1,p_1.30.24_LL3f_mi,20
3,131,113,168,785,401,384,0,1,1,p_1.30.24_LL3f_mi,20
4,168,128,211,699,360,339,0,1,1,p_1.30.24_LL3f_mi,20
5,185,140,229,650,327,323,0,1,1,p_1.30.24_LL3f_mi,20
6,184,147,234,631,325,306,0,1,1,p_1.30.24_LL3f_mi,20
7,177,134,229,644,344,300,0,1,1,p_1.30.24_LL3f_mi,20
8,162,127,220,666,348,318,0,1,1,p_1.30.24_LL3f_mi,20
9,171,135,224,664,338,326,0,1,1,p_1.30.24_LL3f_mi,20
10,176,138,222,672,334,338,0,1,1,p_1.30.24_LL3f_mi,20
11,173,127,225,660,341,319,0,1,1,p_1.30.24_LL3f_mi,20
12,177,138,226,658,327,331,0,1,1,p_1.30.24_LL3f_mi,20
13,177,146,224,660,317,343,0,1,1,p_1.30.24_LL3f_mi,20
14,183,147,228,648,323,325,0,1,1,p_1.30.24_LL3f_mi,20
15,172,138,222,667,334,333,0,1,1,p_1.30.24_LL3f_mi,20
16,165,135,219,675,335,340,0,1,1,p_1.30.24_LL3f_mi,20
17,175,130,224,666,319,347,0,1,1,p_1.30.24_LL3f_mi,20
18,175,142,228,658,296,362,0,1,1,p_1.30.24_LL3f_mi,20
19,179,139,229,649,296,353,0,1,1,p_1.30.24_LL3f_mi,20
20,171,139,224,668,324,344,0,1,1,p_1.30.24_LL3f_mi,20
21,168,122,221,672,343,329,0,1,1,p_1.30.24_LL3f_mi,20
22,171,132,219,681,365,316,0,1,1,p_1.30.24_LL3f_mi,20
23,161,124,206,711,390,321,0,1,1,p_1.30.24_LL3f_mi,20
24,171,124,222,669,376,293,0,1,1,p_1.30.24_LL3f_mi,20
25,170,136,224,665,370,295,0,1,1,p_1.30.24_LL3f_mi,20
26,163,126,208,709,388,321,0,1,1,p_1.30.24_LL3f_mi,20
27,173,133,225,658,344,314,0,1,1,p_1.30.24_LL3f_mi,20
28,175,143,227,656,330,326,0,1,1,p_1.30.24_LL3f_mi,20
29,173,140,223,664,332,332,0,1,1,p_1.30.24_LL3f_mi,20
30,168,134,217,684,340,344,0,1,1,p_1.30.24_LL3f_mi,20
31,172,131,228,659,323,336,0,1,1,p_1.30.24_LL3f_mi,20
32,173,131,217,680,337,343,0,1,1,p_1.30.24_LL3f_mi,20
33,173,140,220,671,331,340,0,1,1,p_1.30.24_LL3f_mi,20
34,169,140,219,678,333,345,0,1,1,p_1.30.24_LL3f_mi,20
35,172,138,219,679,338,341,0,1,1,p_1.30.24_LL3f_mi,20
36,178,137,227,658,339,319,0,1,1,p_1.30.24_LL3f_mi,20
37,179,124,230,650,325,325,0,1,1,p_1.30.24_LL3f_mi,20
38,179,136,232,637,325,312,0,1,1,p_1.30.24_LL3f_mi,20
39,179,133,226,662,346,316,0,1,1,p_1.30.24_LL3f_mi,20
40,182,138,225,654,332,322,0,1,1,p_1.30.24_LL3f_mi,20
41,174,137,225,666,341,325,0,1,1,p_1.30.24_LL3f_mi,20
42,167,128,215,689,362,327,0,1,1,p_1.30.24_LL3f_mi,20
43,173,130,225,662,354,308,0,1,1,p_1.30.24_LL3f_mi,20
44,174,132,228,658,343,315,0,1,1,p_1.30.24_LL3f_mi,20
45,180,128,229,650,337,313,0,1,1,p_1.30.24_LL3f_mi,20
46,176,136,226,668,330,338,0,1,1,p_1.30.24_LL3f_mi,20
47,175,140,223,666,316,350,0,1,1,p_1.30.24_LL3f_mi,20
48,166,135,216,686,319,367,0,1,1,p_1.30.24_LL3f_mi,20
49,172,135,223,662,321,341,0,1,1,p_1.30.24_LL3f_mi,20
50,178,137,229,642,318,324,0,1,1,p_1.30.24_LL3f_mi,20
51,162,128,208,712,348,364,0,1,1,p_1.30.24_LL3f_mi,20
52,172,130,216,687,354,333,0,1,1,p_1.30.24_LL3f_mi,20
53,180,128,233,629,331,298,0,1,1,p_1.30.24_LL3f_mi,20
54,183,140,233,637,337,300,0,1,1,p_1.30.24_LL3f_mi,20
55,169,128,222,671,359,312,0,1,1,p_1.30.24_LL3f_mi,20
56,177,130,223,666,335,331,0,1,1,p_1.30.24_LL3f_mi,20
57,176,139,230,646,340,306,0,1,1,p_1.30.24_LL3f_mi,20
58,168,127,221,672,354,318,0,1,1,p_1.30.24_LL3f_mi,20
59,181,144,225,661,334,327,0,1,1,p_1.30.24_LL3f_mi,20
60,178,132,221,676,337,339,0,1,1,p_1.30.24_LL3f_mi,20
61,175,137,220,675,335,340,0,1,1,p_1.30.24_LL3f_mi,20
62,177,137,228,659,319,340,0,1,1,p_1.30.24_LL3f_mi,20
63,180,143,230,644,323,321,0,1,1,p_1.30.24_LL3f_mi,20
64,171,132,228,653,311,342,0,1,1,p_1.30.24_LL3f_mi,20
65,175,128,224,665,312,353,0,1,1,p_1.30.24_LL3f_mi,20
66,172,133,219,678,304,374,0,1,1,p_1.30.24_LL3f_mi,20
67,176,143,228,654,308,346,0,1,1,p_1.30.24_LL3f_mi,20
68,161,135,212,693,335,358,0,1,1,p_1.30.24_LL3f_mi,20
69,171,140,225,660,329,331,0,1,1,p_1.30.24_LL3f_mi,20
70,175,138,224,656,334,322,0,1,1,p_1.30.24_LL3f_mi,20
71,185,148,224,663,317,346,0,1,1,p_1.30.24_LL3f_mi,20
72,180,137,227,656,312,344,0,1,1,p_1.30.24_LL3f_mi,20
73,172,128,222,679,339,340,0,1,1,p_1.30.24_LL3f_mi,20
74,170,139,221,678,333,345,0,1,1,p_1.30.24_LL3f_mi,20
75,172,139,224,668,308,360,0,1,1,p_1.30.24_LL3f_mi,20
76,159,132,206,717,331,386,0,1,1,p_1.30.24_LL3f_mi,20
77,171,140,220,676,325,351,0,1,1,p_1.30.24_LL3f_mi,20
78,172,128,223,659,327,332,0,1,1,p_1.30.24_LL3f_mi,20
79,173,134,226,656,321,335,0,1,1,p_1.30.24_LL3f_mi,20
80,183,139,232,634,302,332,0,1,1,p_1.30.24_LL3f_mi,20
81,181,139,226,658,326,332,0,1,1,p_1.30.24_LL3f_mi,20
82,182,141,221,676,334,342,0,1,1,p_1.30.24_LL3f_mi,20
83,171,140,226,659,328,331,0,1,1,p_1.30.24_LL3f_mi,20
84,173,139,225,656,333,323,0,1,1,p_1.30.24_LL3f_mi,20
85,169,133,219,672,345,327,0,1,1,p_1.30.24_LL3f_mi,20
86,171,134,222,661,310,351,0,1,1,p_1.30.24_LL3f_mi,20
87,171,127,227,661,324,337,0,1,1,p_1.30.24_LL3f_mi,20
88,180,139,228,650,300,350,0,1,1,p_1.30.24_LL3f_mi,20
89,170,135,224,662,323,339,0,1,1,p_1.30.24_LL3f_mi,20
90,170,138,223,671,332,339,0,1,1,p_1.30.24_LL3f_mi,20
91,181,142,227,657,325,332,0,1,1,p_1.30.24_LL3f_mi,20
92,178,135,224,658,323,335,0,1,1,p_1.30.24_LL3f_mi,20
93,179,141,222,669,334,335,0,1,1,p_1.30.24_LL3f_mi,20
94,170,132,225,666,334,332,0,1,1,p_1.30.24_LL3f_mi,20
95,170,128,224,661,335,326,0,1,1,p_1.30.24_LL3f_mi,20
96,162,127,214,688,356,332,0,1,1,p_1.30.24_LL3f_mi,20
97,176,134,224,664,343,321,0,1,1,p_1.30.24_LL3f_mi,20
98,170,138,224,669,326,343,0,1,1,p_1.30.24_LL3f_mi,20
99,178,137,224,664,321,343,0,1,1,p_1.30.24_LL3f_mi,20
100,148,115,189,667,304,363,0,1,1,p_1.30.24_LL3f_mi,20
101,109,95,138,692,330,362,0,1,1,p_1.30.24_LL3f_mi,20
102,114,94,149,590,295,295,0,1,1,p_1.30.24_LL3f_mi,20
103,115,95,145,523,252,271,0,1,1,p_1.30.24_LL3f_mi,20
104,98,79,129,475,238,237,0,1,1,p_1.30.24_LL3f_mi,20
105,90,79,116,420,213,207,0,1,1,p_1.30.24_LL3f_mi,20
106,69,58,89,397,206,191,0,1,1,p_1.30.24_LL3f_mi,20
107,54,44,72,349,166,183,0,1,1,p_1.30.24_LL3f_mi,20
108,45,37,56,305,145,160,0,1,1,p_1.30.24_LL3f_mi,20
109,30,27,40,256,112,144,0,1,1,p_1.30.24_LL3f_mi,20
110,29,22,37,179,80,99,0,1,1,p_1.30.24_LL3f_mi,20
111,30,25,38,151,70,81,0,1,1,p_1.30.24_LL3f_mi,20
112,29,23,35,119,59,60,0,1,1,p_1.30.24_LL3f_mi,20
113,26,19,34,113,54,59,0,1,1,p_1.30.24_LL3f_mi,20
114,28,25,36,115,51,64,0,1,1,p_1.30.24_LL3f_mi,20
115,25,19,34,108,55,53,0,1,1,p_1.30.24_LL3f_mi,20
116,28,24,36,112,51,61,0,1,1,p_1.30.24_LL3f_mi,20
117,30,25,36,108,47,61,0,1,1,p_1.30.24_LL3f_mi,20
118,24,19,36,115,58,57,0,1,1,p_1.30.24_LL3f_mi,20
119,25,18,35,113,68,45,0,1,1,p_1.30.24_LL3f_mi,20
120,29,23,34,109,60,49,0,1,1,p_1.30.24_LL3f_mi,20
121,28,21,37,104,55,49,0,1,1,p_1.30.24_LL3f_mi,20
122,28,23,34,105,53,52,0,1,1,p_1.30.24_LL3f_mi,20
123,25,23,34,95,45,50,0,1,1,p_1.30.24_LL3f_mi,20
124,25,20,33,92,50,42,0,1,1,p_1.30.24_LL3f_mi,20
125,28,18,37,118,59,59,15,1,1,p_1.30.24_LL3f_mi,20
126,23,16,35,130,65,65,11,1,1,p_1.30.24_LL3f_mi,20
127,27,21,37,116,57,59,5,1,1,p_1.30.24_LL3f_mi,20
128,28,22,37,120,63,57,3,1,1,p_1.30.24_LL3f_mi,20
129,28,19,37,123,70,53,3,1,1,p_1.30.24_LL3f_mi,20
130,29,20,35,117,69,48,1,1,1,p_1.30.24_LL3f_mi,20
131,29,21,35,112,67,45,0,1,1,p_1.30.24_LL3f_mi,20
132,24,18,33,106,64,42,0,1,1,p_1.30.24_LL3f_mi,20
133,30,21,35,110,63,47,0,1,1,p_1.30.24_LL3f_mi,20
134,28,22,34,118,65,53,0,1,1,p_1.30.24_LL3f_mi,20
135,26,20,34,101,50,51,0,1,1,p_1.30.24_LL3f_mi,20
136,25,19,34,102,51,51,0,1,1,p_1.30.24_LL3f_mi,20
137,24,19,32,105,63,42,0,1,1,p_1.30.24_LL3f_mi,20
138,26,20,34,102,58,44,0,1,1,p_1.30.24_LL3f_mi,20
139,27,22,34,102,56,46,0,1,1,p_1.30.24_LL3f_mi,20
140,28,19,38,130,71,59,17,1,1,p_1.30.24_LL3f_mi,20
141,26,20,36,127,64,63,7,1,1,p_1.30.24_LL3f_mi,20
142,31,23,37,128,63,65,9,1,1,p_1.30.24_LL3f_mi,20
143,29,23,38,121,55,66,4,1,1,p_1.30.24_LL3f_mi,20
144,28,25,36,119,50,69,0,1,1,p_1.30.24_LL3f_mi,20
145,31,27,35,120,61,59,1,1,1,p_1.30.24_LL3f_mi,20
146,28,22,34,113,61,52,0,1,1,p_1.30.24_LL3f_mi,20
147,28,25,35,109,58,51,0,1,1,p_1.30.24_LL3f_mi,20
148,25,17,33,100,54,46,0,1,1,p_1.30.24_LL3f_mi,20
149,25,19,33,97,51,46,0,1,1,p_1.30.24_LL3f_mi,20
150,26,21,34,94,52,42,0,1,1,p_1.30.24_LL3f_mi,20
151,51,34,69,104,53,51,0,1,1,p_1.30.24_LL3f_mi,20
152,62,44,93,148,64,84,0,1,1,p_1.30.24_LL3f_mi,20
153,78,55,119,192,79,113,0,1,1,p_1.30.24_LL3f_mi,20
154,109,76,144,260,112,148,0,1,1,p_1.30.24_LL3f_mi,20
155,130,88,162,341,166,175,19,1,1,p_1.30.24_LL3f_mi,20
156,139,98,179,385,193,192,8,1,1,p_1.30.24_LL3f_mi,20
157,149,104,194,441,234,207,3,1,1,p_1.30.24_LL3f_mi,20
158,162,115,206,507,264,243,1,1,1,p_1.30.24_LL3f_mi,20
159,179,132,226,550,283,267,1,1,1,p_1.30.24_LL3f_mi,20
160,189,143,243,593,296,297,0,1,1,p_1.30.24_LL3f_mi,20
161,181,139,234,633,312,321,0,1,1,p_1.30.24_LL3f_mi,20
162,173,141,223,669,318,351,0,1,1,p_1.30.24_LL3f_mi,20
163,167,130,213,691,335,356,0,1,1,p_1.30.24_LL3f_mi,20
164,178,134,224,668,310,358,0,1,1,p_1.30.24_LL3f_mi,20
165,175,131,224,668,313,355,0,1,1,p_1.30.24_LL3f_mi,20
166,180,140,228,653,302,351,0,1,1,p_1.30.24_LL3f_mi,20
167,176,141,230,650,306,344,0,1,1,p_1.30.24_LL3f_mi,20
168,174,133,219,677,325,352,0,1,1,p_1.30.24_LL3f_mi,20
169,168,125,217,684,333,351,0,1,1,p_1.30.24_LL3f_mi,20
170,162,129,208,710,351,359,19,1,1,p_1.30.24_LL3f_mi,20
171,165,136,217,690,330,360,12,1,1,p_1.30.24_LL3f_mi,20
172,173,145,226,659,303,356,7,1,1,p_1.30.24_LL3f_mi,20
173,179,140,225,657,309,348,3,1,1,p_1.30.24_LL3f_mi,20
174,161,129,212,697,342,355,0,1,1,p_1.30.24_LL3f_mi,20
175,179,141,226,657,335,322,0,1,1,p_1.30.24_LL3f_mi,20
176,165,129,207,711,371,340,0,1,1,p_1.30.24_LL3f_mi,20
177,179,132,231,646,346,300,0,1,1,p_1.30.24_LL3f_mi,20
178,177,133,226,655,333,322,0,1,1,p_1.30.24_LL3f_mi,20
179,176,136,223,670,329,341,0,1,1,p_1.30.24_LL3f_mi,20
180,172,134,223,663,322,341,0,1,1,p_1.30.24_LL3f_mi,20
181,177,133,225,654,317,337,0,1,1,p_1.30.24_LL3f_mi,20
182,174,140,221,669,331,338,0,1,1,p_1.30.24_LL3f_mi,20
183,166,134,217,686,331,355,0,1,1,p_1.30.24_LL3f_mi,20
184,178,126,228,644,338,306,0,1,1,p_1.30.24_LL3f_mi,20
185,176,138,228,655,331,324,0,1,1,p_1.30.24_LL3f_mi,20
186,176,136,230,647,319,328,0,1,1,p_1.30.24_LL3f_mi,20
187,168,129,213,692,329,363,0,1,1,p_1.30.24_LL3f_mi,20
188,177,142,223,667,314,353,0,1,1,p_1.30.24_LL3f_mi,20
189,180,135,224,666,337,329,0,1,1,p_1.30.24_LL3f_mi,20
190,177,138,226,657,327,330,0,1,1,p_1.30.24_LL3f_mi,20
191,170,139,224,664,329,335,0,1,1,p_1.30.24_LL3f_mi,20
192,180,140,227,656,329,327,0,1,1,p_1.30.24_LL3f_mi,20
193,175,131,227,661,333,328,0,1,1,p_1.30.24_LL3f_mi,20
194,173,127,220,675,350,325,0,1,1,p_1.30.24_LL3f_mi,20
195,178,138,220,667,343,324,0,1,1,p_1.30.24_LL3f_mi,20
196,174,140,229,650,325,325,0,1,1,p_1.30.24_LL3f_mi,20
197,174,140,223,668,318,350,0,1,1,p_1.30.24_LL3f_mi,20
198,171,145,216,690,324,366,0,1,1,p_1.30.24_LL3f_mi,20
199,171,131,220,675,306,369,0,1,1,p_1.30.24_LL3f_mi,20
200,171,132,223,665,312,353,0,1,1,p_1.30.24_LL3f_mi,20
201,163,138,210,705,321,384,0,1,1,p_1.30.24_LL3f_mi,20
202,179,141,220,676,299,377,0,1,1,p_1.30.24_LL3f_mi,20
203,172,138,220,676,294,382,0,1,1,p_1.30.24_LL3f_mi,20
204,179,137,226,661,303,358,0,1,1,p_1.30.24_LL3f_mi,20
205,179,137,225,666,311,355,0,1,1,p_1.30.24_LL3f_mi,20
206,181,131,226,654,316,338,0,1,1,p_1.30.24_LL3f_mi,20
207,183,141,228,655,323,332,0,1,1,p_1.30.24_LL3f_mi,20
208,178,135,225,657,323,334,0,1,1,p_1.30.24_LL3f_mi,20
209,183,150,226,657,303,354,0,1,1,p_1.30.24_LL3f_mi,20
210,168,135,225,665,298,367,0,1,1,p_1.30.24_LL3f_mi,20
211,182,144,224,664,305,359,0,1,1,p_1.30.24_LL3f_mi,20
212,166,131,223,673,341,332,0,1,1,p_1.30.24_LL3f_mi,20
213,176,131,226,657,331,326,0,1,1,p_1.30.24_LL3f_mi,20
214,172,126,226,653,345,308,0,1,1,p_1.30.24_LL3f_mi,20
215,164,125,214,688,348,340,0,1,1,p_1.30.24_LL3f_mi,20
216,171,132,214,691,341,350,0,1,1,p_1.30.24_LL3f_mi,20
217,172,138,225,660,336,324,0,1,1,p_1.30.24_LL3f_mi,20
218,172,137,228,646,331,315,0,1,1,p_1.30.24_LL3f_mi,20
219,178,141,228,656,340,316,0,1,1,p_1.30.24_LL3f_mi,20
220,174,136,216,686,342,344,0,1,1,p_1.30.24_LL3f_mi,20
221,177,135,227,653,318,335,0,1,1,p_1.30.24_LL3f_mi,20
222,174,129,227,655,331,324,0,1,1,p_1.30.24_LL3f_mi,20
223,180,140,230,650,322,328,0,1,1,p_1.30.24_LL3f_mi,20
224,176,142,226,661,319,342,0,1,1,p_1.30.24_LL3f_mi,20
225,170,137,215,694,354,340,0,1,1,p_1.30.24_LL3f_mi,20
226,164,131,206,711,368,343,0,1,1,p_1.30.24_LL3f_mi,20
227,175,138,223,669,340,329,0,1,1,p_1.30.24_LL3f_mi,20
228,181,141,223,665,344,321,0,1,1,p_1.30.24_LL3f_mi,20
229,166,128,214,691,363,328,0,1,1,p_1.30.24_LL3f_mi,20
230,160,124,208,701,369,332,0,1,1,p_1.30.24_LL3f_mi,20
231,176,138,222,665,348,317,0,1,1,p_1.30.24_LL3f_mi,20
232,171,130,228,643,334,309,0,1,1,p_1.30.24_LL3f_mi,20
233,173,132,226,658,341,317,0,1,1,p_1.30.24_LL3f_mi,20
234,176,142,220,680,344,336,0,1,1,p_1.30.24_LL3f_mi,20
235,166,133,216,684,340,344,0,1,1,p_1.30.24_LL3f_mi,20
236,164,137,225,658,326,332,0,1,1,p_1.30.24_LL3f_mi,20
237,172,141,223,669,335,334,0,1,1,p_1.30.24_LL3f_mi,20
238,179,142,223,673,330,343,0,1,1,p_1.30.24_LL3f_mi,20
239,173,137,225,662,325,337,0,1,1,p_1.30.24_LL3f_mi,20
240,175,143,218,682,335,347,0,1,1,p_1.30.24_LL3f_mi,20
241,171,132,220,680,334,346,0,1,1,p_1.30.24_LL3f_mi,20
242,176,138,230,643,302,341,0,1,1,p_1.30.24_LL3f_mi,20
243,174,140,226,655,315,340,0,1,1,p_1.30.24_LL3f_mi,20
244,169,140,223,667,324,343,0,1,1,p_1.30.24_LL3f_mi,20
245,177,135,227,653,309,344,0,1,1,p_1.30.24_LL3f_mi,20
246,177,133,231,648,300,348,0,1,1,p_1.30.24_LL3f_mi,20
247,175,146,220,676,320,356,0,1,1,p_1.30.24_LL3f_mi,20
248,174,132,223,665,323,342,0,1,1,p_1.30.24_LL3f_mi,20
249,174,125,226,661,336,325,0,1,1,p_1.30.24_LL3f_mi,20
250,171,132,223,671,331,340,0,1,1,p_1.30.24_LL3f_mi,20
251,164,132,214,696,349,347,0,1,1,p_1.30.24_LL3f_mi,20
252,177,130,220,682,356,326,0,1,1,p_1.30.24_LL3f_mi,20
253,173,137,228,657,323,334,0,1,1,p_1.30.24_LL3f_mi,20
254,169,136,228,647,311,336,0,1,1,p_1.30.24_LL3f_mi,20
255,176,131,230,641,315,326,0,1,1,p_1.30.24_LL3f_mi,20
256,169,135,222,675,346,329,0,1,1,p_1.30.24_LL3f_mi,20
257,182,138,230,643,346,297,0,1,1,p_1.30.24_LL3f_mi,20
258,177,136,221,668,347,321,0,1,1,p_1.30.24_LL3f_mi,20
259,171,131,216,691,351,340,0,1,1,p_1.30.24_LL3f_mi,20
260,172,134,225,663,322,341,0,1,1,p_1.30.24_LL3f_mi,20
261,182,143,222,669,325,344,0,1,1,p_1.30.24_LL3f_mi,20
262,170,138,222,668,340,328,0,1,1,p_1.30.24_LL3f_mi,20
263,178,139,224,661,324,337,0,1,1,p_1.30.24_LL3f_mi,20
264,182,145,231,640,305,335,0,1,1,p_1.30.24_LL3f_mi,20
265,175,137,225,665,315,350,0,1,1,p_1.30.24_LL3f_mi,20
266,179,153,229,650,322,328,0,1,1,p_1.30.24_LL3f_mi,20
267,172,139,222,668,331,337,0,1,1,p_1.30.24_LL3f_mi,20
268,177,133,227,654,330,324,0,1,1,p_1.30.24_LL3f_mi,20
269,171,138,223,665,329,336,0,1,1,p_1.30.24_LL3f_mi,20
270,173,134,219,676,322,354,0,1,1,p_1.30.24_LL3f_mi,20
271,177,136,223,674,309,365,0,1,1,p_1.30.24_LL3f_mi,20
272,171,139,222,672,316,356,0,1,1,p_1.30.24_LL3f_mi,20
273,177,136,228,654,318,336,0,1,1,p_1.30.24_LL3f_mi,20
274,181,135,227,652,351,301,0,1,1,p_1.30.24_LL3f_mi,20
275,177,142,230,642,344,298,0,1,1,p_1.30.24_LL3f_mi,20
276,163,127,216,692,349,343,0,1,1,p_1.30.24_LL3f_mi,20
277,167,126,223,666,328,338,0,1,1,p_1.30.24_LL3f_mi,20
278,178,134,229,649,324,325,0,1,1,p_1.30.24_LL3f_mi,20
279,185,144,233,649,340,309,0,1,1,p_1.30.24_LL3f_mi,20
280,177,135,221,672,363,309,0,1,1,p_1.30.24_LL3f_mi,20
281,161,126,216,685,369,316,0,1,1,p_1.30.24_LL3f_mi,20
282,173,137,222,672,359,313,0,1,1,p_1.30.24_LL3f_mi,20
283,168,127,218,677,357,320,0,1,1,p_1.30.24_LL3f_mi,20
284,180,139,226,659,336,323,0,1,1,p_1.30.24_LL3f_mi,20
285,174,125,222,663,336,327,0,1,1,p_1.30.24_LL3f_mi,20
286,169,140,220,671,321,350,0,1,1,p_1.30.24_LL3f_mi,20
287,181,132,228,655,296,359,0,1,1,p_1.30.24_LL3f_mi,20
288,174,138,226,659,321,338,0,1,1,p_1.30.24_LL3f_mi,20
289,170,136,220,673,337,336,0,1,1,p_1.30.24_LL3f_mi,20
290,177,137,223,665,340,325,0,1,1,p_1.30.24_LL3f_mi,20
291,168,128,214,690,357,333,0,1,1,p_1.30.24_LL3f_mi,20
292,168,127,222,667,356,311,0,1,1,p_1.30.24_LL3f_mi,20
293,179,136,226,650,354,296,0,1,1,p_1.30.24_LL3f_mi,20
294,171,131,225,656,332,324,0,1,1,p_1.30.24_LL3f_mi,20
295,173,144,217,688,340,348,0,1,1,p_1.30.24_LL3f_mi,20
296,178,137,226,661,318,343,0,1,1,p_1.30.24_LL3f_mi,20
297,176,134,229,642,307,335,0,1,1,p_1.30.24_LL3f_mi,20
298,179,145,231,642,323,319,0,1,1,p_1.30.24_LL3f_mi,20
299,173,132,225,662,337,325,0,1,1,p_1.30.24_LL3f_mi,20
300,176,133,226,658,346,312,0,1,1,p_1.30.24_LL3f_mi,20
301,156,130,201,724,354,370,0,1,1,p_1.30.24_LL3f_mi,20
302,172,138,221,670,319,351,0,1,1,p_1.30.24_LL3f_mi,20
303,172,137,223,670,333,337,0,1,1,p_1.30.24_LL3f_mi,20
304,180,143,227,655,334,321,0,1,1,p_1.30.24_LL3f_mi,20
305,171,130,227,657,334,323,0,1,1,p_1.30.24_LL3f_mi,20
306,168,131,221,673,330,343,0,1,1,p_1.30.24_LL3f_mi,20
307,173,146,223,669,320,349,0,1,1,p_1.30.24_LL3f_mi,20
308,178,136,230,641,320,321,0,1,1,p_1.30.24_LL3f_mi,20
309,180,132,230,651,333,318,0,1,1,p_1.30.24_LL3f_mi,20
310,165,132,215,684,342,342,0,1,1,p_1.30.24_LL3f_mi,20
311,180,140,232,634,326,308,0,1,1,p_1.30.24_LL3f_mi,20
312,176,135,222,667,332,335,0,1,1,p_1.30.24_LL3f_mi,20
313,176,134,223,674,349,325,0,1,1,p_1.30.24_LL3f_mi,20
314,177,134,227,654,333,321,0,1,1,p_1.30.24_LL3f_mi,20
315,180,131,227,652,333,319,0,1,1,p_1.30.24_LL3f_mi,20
316,183,145,227,654,344,310,0,1,1,p_1.30.24_LL3f_mi,20
317,168,133,218,676,354,322,0,1,1,p_1.30.24_LL3f_mi,20
318,157,129,209,695,376,319,0,1,1,p_1.30.24_LL3f_mi,20
319,176,140,223,666,356,310,0,1,1,p_1.30.24_LL3f_mi,20
320,173,134,226,663,338,325,0,1,1,p_1.30.24_LL3f_mi,20
321,168,132,223,670,331,339,0,1,1,p_1.30.24_LL3f_mi,20
322,163,142,210,701,345,356,0,1,1,p_1.30.24_LL3f_mi,20
323,169,132,214,691,340,351,0,1,1,p_1.30.24_LL3f_mi,20
324,181,142,226,661,333,328,0,1,1,p_1.30.24_LL3f_mi,20
325,180,127,228,648,338,310,0,1,1,p_1.30.24_LL3f_mi,20
326,157,127,205,718,381,337,0,1,1,p_1.30.24_LL3f_mi,20
327,169,133,219,674,361,313,0,1,1,p_1.30.24_LL3f_mi,20
328,171,139,222,668,336,332,0,1,1,p_1.30.24_LL3f_mi,20
329,177,140,225,662,339,323,0,1,1,p_1.30.24_LL3f_mi,20
330,173,129,220,676,360,316,0,1,1,p_1.30.24_LL3f_mi,20
331,175,126,230,647,351,296,0,1,1,p_1.30.24_LL3f_mi,20
332,166,139,224,659,344,315,0,1,1,p_1.30.24_LL3f_mi,20
333,176,135,219,676,363,313,0,1,1,p_1.30.24_LL3f_mi,20
334,170,137,222,670,336,334,0,1,1,p_1.30.24_LL3f_mi,20
335,179,136,229,647,317,330,0,1,1,p_1.30.24_LL3f_mi,20
336,171,137,223,662,308,354,0,1,1,p_1.30.24_LL3f_mi,20
337,171,128,223,668,314,354,0,1,1,p_1.30.24_LL3f_mi,20
338,182,135,229,647,313,334,0,1,1,p_1.30.24_LL3f_mi,20
339,174,129,218,678,330,348,0,1,1,p_1.30.24_LL3f_mi,20
340,179,137,222,664,327,337,0,1,1,p_1.30.24_LL3f_mi,20
341,176,138,225,665,320,345,0,1,1,p_1.30.24_LL3f_mi,20
342,169,127,217,685,318,367,0,1,1,p_1.30.24_LL3f_mi,20
343,186,140,231,641,313,328,0,1,1,p_1.30.24_LL3f_mi,20
344,174,134,223,670,338,332,0,1,1,p_1.30.24_LL3f_mi,20
345,188,138,229,651,323,328,0,1,1,p_1.30.24_LL3f_mi,20
346,172,137,224,658,333,325,0,1,1,p_1.30.24_LL3f_mi,20
347,179,139,233,637,327,310,0,1,1,p_1.30.24_LL3f_mi,20
348,168,125,219,677,356,321,0,1,1,p_1.30.24_LL3f_mi,20
349,173,133,215,696,355,341,0,1,1,p_1.30.24_LL3f_mi,20
350,163,126,215,691,351,340,0,1,1,p_1.30.24_LL3f_mi,20
1,3,3,3,636,324,312,0,1,2,p_1.30.24_LL3f_mi,20
2,101,94,131,846,446,400,0,1,2,p_1.30.24_LL3f_mi,20
3,133,115,168,790,406,384,0,1,2,p_1.30.24_LL3f_mi,20
4,149,130,194,735,372,363,0,1,2,p_1.30.24_LL3f_mi,20
5,179,133,229,640,325,315,0,1,2,p_1.30.24_LL3f_mi,20
6,180,140,233,634,330,304,0,1,2,p_1.30.24_LL3f_mi,20
7,171,134,217,685,353,332,0,1,2,p_1.30.24_LL3f_mi,20
8,169,134,220,674,337,337,0,1,2,p_1.30.24_LL3f_mi,20
9,171,135,219,685,339,346,0,1,2,p_1.30.24_LL3f_mi,20
10,173,137,222,668,327,341,0,1,2,p_1.30.24_LL3f_mi,20
11,179,138,225,656,316,340,0,1,2,p_1.30.24_LL3f_mi,20
12,178,138,226,654,309,345,0,1,2,p_1.30.24_LL3f_mi,20
13,180,145,228,656,311,345,0,1,2,p_1.30.24_LL3f_mi,20
14,180,138,224,664,325,339,0,1,2,p_1.30.24_LL3f_mi,20
15,171,138,222,668,320,348,0,1,2,p_1.30.24_LL3f_mi,20
16,173,135,223,671,317,354,0,1,2,p_1.30.24_LL3f_mi,20
17,177,139,220,674,337,337,0,1,2,p_1.30.24_LL3f_mi,20
18,179,140,225,657,336,321,0,1,2,p_1.30.24_LL3f_mi,20
19,169,123,223,663,350,313,0,1,2,p_1.30.24_LL3f_mi,20
20,168,138,215,686,356,330,0,1,2,p_1.30.24_LL3f_mi,20
21,185,133,233,629,325,304,0,1,2,p_1.30.24_LL3f_mi,20
22,185,137,228,650,324,326,0,1,2,p_1.30.24_LL3f_mi,20
23,174,131,223,671,338,333,0,1,2,p_1.30.24_LL3f_mi,20
24,166,122,222,667,347,320,0,1,2,p_1.30.24_LL3f_mi,20
25,176,141,220,679,334,345,0,1,2,p_1.30.24_LL3f_mi,20
26,152,121,201,725,365,360,0,1,2,p_1.30.24_LL3f_mi,20
27,177,139,221,675,337,338,0,1,2,p_1.30.24_LL3f_mi,20
28,170,135,226,657,329,328,0,1,2,p_1.30.24_LL3f_mi,20
29,183,144,223,670,329,341,0,1,2,p_1.30.24_LL3f_mi,20
30,185,142,232,636,303,333,0,1,2,p_1.30.24_LL3f_mi,20
31,172,140,220,672,329,343,0,1,2,p_1.30.24_LL3f_mi,20
32,174,136,225,663,328,335,0,1,2,p_1.30.24_LL3f_mi,20
33,172,134,228,657,325,332,0,1,2,p_1.30.24_LL3f_mi,20
34,179,143,225,661,340,321,0,1,2,p_1.30.24_LL3f_mi,20
35,175,147,229,651,323,328,0,1,2,p_1.30.24_LL3f_mi,20
36,170,135,217,680,337,343,0,1,2,p_1.30.24_LL3f_mi,20
37,184,146,228,653,321,332,0,1,2,p_1.30.24_LL3f_mi,20
38,170,137,231,638,308,330,0,1,2,p_1.30.24_LL3f_mi,20
39,173,141,223,668,330,338,0,1,2,p_1.30.24_LL3f_mi,20
40,175,137,223,667,321,346,0,1,2,p_1.30.24_LL3f_mi,20
41,169,131,225,665,336,329,0,1,2,p_1.30.24_LL3f_mi,20
42,172,131,225,667,344,323,0,1,2,p_1.30.24_LL3f_mi,20
43,183,133,227,661,351,310,0,1,2,p_1.30.24_LL3f_mi,20
44,181,134,227,656,348,308,0,1,2,p_1.30.24_LL3f_mi,20
45,184,135,227,658,347,311,0,1,2,p_1.30.24_LL3f_mi,20
46,174,143,228,645,332,313,0,1,2,p_1.30.24_LL3f_mi,20
47,172,138,226,659,327,332,0,1,2,p_1.30.24_LL3f_mi,20
48,174,139,220,673,327,346,0,1,2,p_1.30.24_LL3f_mi,20
49,171,136,221,672,327,345,0,1,2,p_1.30.24_LL3f_mi,20
50,157,128,210,707,347,360,0,1,2,p_1.30.24_LL3f_mi,20
51,165,133,202,722,346,376,0,1,2,p_1.30.24_LL3f_mi,20
52,179,136,228,651,315,336,0,1,2,p_1.30.24_LL3f_mi,20
53,184,141,238,623,318,305,0,1,2,p_1.30.24_LL3f_mi,20
54,171,131,223,660,349,311,0,1,2,p_1.30.24_LL3f_mi,20
55,172,133,226,656,346,310,0,1,2,p_1.30.24_LL3f_mi,20
56,174,139,224,665,340,325,0,1,2,p_1.30.24_LL3f_mi,20
57,185,145,235,629,321,308,0,1,2,p_1.30.24_LL3f_mi,20
58,173,131,231,638,322,316,0,1,2,p_1.30.24_LL3f_mi,20
59,178,132,228,652,325,327,0,1,2,p_1.30.24_LL3f_mi,20
60,180,138,233,645,316,329,0,1,2,p_1.30.24_LL3f_mi,20
61,167,133,217,678,337,341,0,1,2,p_1.30.24_LL3f_mi,20
62,175,131,229,647,309,338,0,1,2,p_1.30.24_LL3f_mi,20
63,184,142,231,642,305,337,0,1,2,p_1.30.24_LL3f_mi,20
64,175,139,230,646,309,337,0,1,2,p_1.30.24_LL3f_mi,20
65,178,132,231,647,337,310,0,1,2,p_1.30.24_LL3f_mi,20
66,175,141,225,665,347,318,0,1,2,p_1.30.24_LL3f_mi,20
67,168,125,220,677,345,332,0,1,2,p_1.30.24_LL3f_mi,20
68,172,135,224,664,335,329,0,1,2,p_1.30.24_LL3f_mi,20
69,180,140,233,641,331,310,0,1,2,p_1.30.24_LL3f_mi,20
70,187,138,232,631,314,317,0,1,2,p_1.30.24_LL3f_mi,20
71,169,137,223,667,323,344,0,1,2,p_1.30.24_LL3f_mi,20
72,163,130,212,694,319,375,0,1,2,p_1.30.24_LL3f_mi,20
73,173,135,226,657,318,339,0,1,2,p_1.30.24_LL3f_mi,20
74,180,126,231,652,331,321,0,1,2,p_1.30.24_LL3f_mi,20
75,171,138,225,659,330,329,0,1,2,p_1.30.24_LL3f_mi,20
76,161,130,206,716,353,363,0,1,2,p_1.30.24_LL3f_mi,20
77,172,130,218,678,345,333,0,1,2,p_1.30.24_LL3f_mi,20
78,171,132,221,666,351,315,0,1,2,p_1.30.24_LL3f_mi,20
79,168,129,214,688,350,338,0,1,2,p_1.30.24_LL3f_mi,20
80,171,133,220,673,352,321,0,1,2,p_1.30.24_LL3f_mi,20
81,181,123,233,643,324,319,0,1,2,p_1.30.24_LL3f_mi,20
82,173,133,231,643,319,324,0,1,2,p_1.30.24_LL3f_mi,20
83,178,137,229,646,326,320,0,1,2,p_1.30.24_LL3f_mi,20
84,166,132,223,669,327,342,0,1,2,p_1.30.24_LL3f_mi,20
85,172,135,216,684,329,355,0,1,2,p_1.30.24_LL3f_mi,20
86,169,125,219,677,333,344,0,1,2,p_1.30.24_LL3f_mi,20
87,181,139,228,648,316,332,0,1,2,p_1.30.24_LL3f_mi,20
88,179,142,228,647,315,332,0,1,2,p_1.30.24_LL3f_mi,20
89,179,132,220,680,331,349,0,1,2,p_1.30.24_LL3f_mi,20
90,175,138,219,684,305,379,0,1,2,p_1.30.24_LL3f_mi,20
91,168,133,219,684,318,366,0,1,2,p_1.30.24_LL3f_mi,20
92,173,140,223,673,315,358,0,1,2,p_1.30.24_LL3f_mi,20
93,169,135,225,667,314,353,0,1,2,p_1.30.24_LL3f_mi,20
94,168,133,225,658,333,325,0,1,2,p_1.30.24_LL3f_mi,20
95,173,130,224,663,344,319,0,1,2,p_1.30.24_LL3f_mi,20
96,174,130,222,675,348,327,0,1,2,p_1.30.24_LL3f_mi,20
97,175,133,221,671,332,339,0,1,2,p_1.30.24_LL3f_mi,20
98,169,134,221,673,348,325,0,1,2,p_1.30.24_LL3f_mi,20
99,172,136,220,672,352,320,0,1,2,p_1.30.24_LL3f_mi,20
100,140,115,185,678,365,313,0,1,2,p_1.30.24_LL3f_mi,20
101,109,91,140,684,386,298,0,1,2,p_1.30.24_LL3f_mi,20
102,131,98,167,548,307,241,0,1,2,p_1.30.24_LL3f_mi,20
103,112,88,141,530,276,254,0,1,2,p_1.30.24_LL3f_mi,20
104,99,81,124,483,246,237,0,1,2,p_1.30.24_LL3f_mi,20
105,86,74,111,430,221,209,0,1,2,p_1.30.24_LL3f_mi,20
106,68,57,92,390,202,188,0,1,2,p_1.30.24_LL3f_mi,20
107,54,47,67,361,177,184,0,1,2,p_1.30.24_LL3f_mi,20
108,37,33,46,317,153,164,0,1,2,p_1.30.24_LL3f_mi,20
109,35,29,47,242,104,138,0,1,2,p_1.30.24_LL3f_mi,20
110,28,24,36,200,87,113,0,1,2,p_1.30.24_LL3f_mi,20
111,30,26,36,160,65,95,0,1,2,p_1.30.24_LL3f_mi,20
112,29,24,38,132,60,72,0,1,2,p_1.30.24_LL3f_mi,20
113,30,23,38,129,60,69,0,1,2,p_1.30.24_LL3f_mi,20
114,28,22,36,124,56,68,0,1,2,p_1.30.24_LL3f_mi,20
115,28,26,38,124,52,72,0,1,2,p_1.30.24_LL3f_mi,20
116,28,25,35,119,53,66,0,1,2,p_1.30.24_LL3f_mi,20
117,27,20,35,112,54,58,0,1,2,p_1.30.24_LL3f_mi,20
118,28,21,35,114,59,55,0,1,2,p_1.30.24_LL3f_mi,20
119,29,24,38,121,63,58,0,1,2,p_1.30.24_LL3f_mi,20
120,27,23,35,109,58,51,0,1,2,p_1.30.24_LL3f_mi,20
121,27,20,36,113,58,55,0,1,2,p_1.30.24_LL3f_mi,20
122,28,24,34,110,48,62,0,1,2,p_1.30.24_LL3f_mi,20
123,24,19,33,104,49,55,0,1,2,p_1.30.24_LL3f_mi,20
124,24,21,34,109,54,55,0,1,2,p_1.30.24_LL3f_mi,20
125,27,19,35,117,54,63,16,1,2,p_1.30.24_LL3f_mi,20
126,28,20,36,115,52,63,7,1,2,p_1.30.24_LL3f_mi,20
127,23,19,34,105,53,52,4,1,2,p_1.30.24_LL3f_mi,20
128,24,19,33,96,49,47,2,1,2,p_1.30.24_LL3f_mi,20
129,24,16,32,94,49,45,3,1,2,p_1.30.24_LL3f_mi,20
130,27,18,34,97,48,49,0,1,2,p_1.30.24_LL3f_mi,20
131,29,20,33,102,53,49,0,1,2,p_1.30.24_LL3f_mi,20
132,23,16,31,95,51,44,0,1,2,p_1.30.24_LL3f_mi,20
133,25,20,32,100,54,46,0,1,2,p_1.30.24_LL3f_mi,20
134,27,21,34,98,52,46,0,1,2,p_1.30.24_LL3f_mi,20
135,25,20,31,92,51,41,0,1,2,p_1.30.24_LL3f_mi,20
136,29,24,35,107,54,53,0,1,2,p_1.30.24_LL3f_mi,20
137,27,22,34,104,54,50,0,1,2,p_1.30.24_LL3f_mi,20
138,27,21,34,104,59,45,0,1,2,p_1.30.24_LL3f_mi,20
139,25,21,33,97,45,52,0,1,2,p_1.30.24_LL3f_mi,20
140,28,20,37,125,60,65,18,1,2,p_1.30.24_LL3f_mi,20
141,26,22,34,110,50,60,8,1,2,p_1.30.24_LL3f_mi,20
142,28,23,36,107,49,58,3,1,2,p_1.30.24_LL3f_mi,20
143,24,20,34,100,41,59,1,1,2,p_1.30.24_LL3f_mi,20
144,25,20,33,93,38,55,0,1,2,p_1.30.24_LL3f_mi,20
145,26,22,34,107,43,64,0,1,2,p_1.30.24_LL3f_mi,20
146,26,24,33,101,45,56,0,1,2,p_1.30.24_LL3f_mi,20
147,25,20,33,101,47,54,0,1,2,p_1.30.24_LL3f_mi,20
148,26,18,34,102,54,48,0,1,2,p_1.30.24_LL3f_mi,20
149,27,20,35,112,57,55,0,1,2,p_1.30.24_LL3f_mi,20
150,27,21,35,109,58,51,0,1,2,p_1.30.24_LL3f_mi,20
151,53,34,76,110,54,56,0,1,2,p_1.30.24_LL3f_mi,20
152,64,43,95,138,66,72,0,1,2,p_1.30.24_LL3f_mi,20
153,88,62,121,196,96,100,0,1,2,p_1.30.24_LL3f_mi,20
154,105,68,143,256,127,129,0,1,2,p_1.30.24_LL3f_mi,20
155,121,88,161,343,158,185,14,1,2,p_1.30.24_LL3f_mi,20
156,137,101,180,385,185,200,10,1,2,p_1.30.24_LL3f_mi,20
157,142,102,193,460,215,245,4,1,2,p_1.30.24_LL3f_mi,20
158,166,121,213,484,228,256,1,1,2,p_1.30.24_LL3f_mi,20
159,183,133,226,547,263,284,0,1,2,p_1.30.24_LL3f_mi,20
160,192,144,242,596,289,307,0,1,2,p_1.30.24_LL3f_mi,20
161,181,140,233,632,306,326,0,1,2,p_1.30.24_LL3f_mi,20
162,176,140,222,670,331,339,0,1,2,p_1.30.24_LL3f_mi,20
163,171,127,216,685,351,334,0,1,2,p_1.30.24_LL3f_mi,20
164,171,136,225,662,347,315,0,1,2,p_1.30.24_LL3f_mi,20
165,183,144,229,651,355,296,0,1,2,p_1.30.24_LL3f_mi,20
166,166,130,222,669,356,313,0,1,2,p_1.30.24_LL3f_mi,20
167,172,137,226,658,343,315,0,1,2,p_1.30.24_LL3f_mi,20
168,176,132,230,653,321,332,0,1,2,p_1.30.24_LL3f_mi,20
169,174,138,225,663,335,328,0,1,2,p_1.30.24_LL3f_mi,20
170,158,130,210,699,356,343,22,1,2,p_1.30.24_LL3f_mi,20
171,158,125,204,715,363,352,12,1,2,p_1.30.24_LL3f_mi,20
172,182,147,221,677,330,347,5,1,2,p_1.30.24_LL3f_mi,20
173,171,133,225,662,319,343,3,1,2,p_1.30.24_LL3f_mi,20
174,179,135,230,644,316,328,1,1,2,p_1.30.24_LL3f_mi,20
175,178,132,222,666,336,330,0,1,2,p_1.30.24_LL3f_mi,20
176,174,134,216,687,344,343,0,1,2,p_1.30.24_LL3f_mi,20
177,176,133,219,679,346,333,0,1,2,p_1.30.24_LL3f_mi,20
178,176,132,225,659,317,342,0,1,2,p_1.30.24_LL3f_mi,20
179,173,135,223,669,314,355,0,1,2,p_1.30.24_LL3f_mi,20
180,172,139,222,672,325,347,0,1,2,p_1.30.24_LL3f_mi,20
181,177,137,224,664,324,340,0,1,2,p_1.30.24_LL3f_mi,20
182,172,138,222,677,320,357,0,1,2,p_1.30.24_LL3f_mi,20
183,178,133,223,665,316,349,0,1,2,p_1.30.24_LL3f_mi,20
184,176,138,229,647,309,338,0,1,2,p_1.30.24_LL3f_mi,20
185,177,136,222,666,312,354,0,1,2,p_1.30.24_LL3f_mi,20
186,172,128,222,670,331,339,0,1,2,p_1.30.24_LL3f_mi,20
187,181,140,224,665,320,345,0,1,2,p_1.30.24_LL3f_mi,20
188,171,140,222,670,333,337,0,1,2,p_1.30.24_LL3f_mi,20
189,172,135,219,682,343,339,0,1,2,p_1.30.24_LL3f_mi,20
190,180,147,227,655,319,336,0,1,2,p_1.30.24_LL3f_mi,20
191,176,142,232,647,299,348,0,1,2,p_1.30.24_LL3f_mi,20
192,170,136,223,666,316,350,0,1,2,p_1.30.24_LL3f_mi,20
193,179,150,220,685,326,359,0,1,2,p_1.30.24_LL3f_mi,20
194,179,138,231,639,288,351,0,1,2,p_1.30.24_LL3f_mi,20
195,171,133,226,658,305,353,0,1,2,p_1.30.24_LL3f_mi,20
196,175,135,221,672,332,340,0,1,2,p_1.30.24_LL3f_mi,20
197,166,135,219,676,333,343,0,1,2,p_1.30.24_LL3f_mi,20
198,172,133,219,682,337,345,0,1,2,p_1.30.24_LL3f_mi,20
199,181,137,229,651,323,328,0,1,2,p_1.30.24_LL3f_mi,20
200,178,135,227,659,319,340,0,1,2,p_1.30.24_LL3f_mi,20
201,164,123,214,697,334,363,0,1,2,p_1.30.24_LL3f_mi,20
202,182,142,232,635,314,321,0,1,2,p_1.30.24_LL3f_mi,20
203,167,133,222,674,338,336,0,1,2,p_1.30.24_LL3f_mi,20
204,162,128,215,689,344,345,0,1,2,p_1.30.24_LL3f_mi,20
205,181,144,228,652,322,330,0,1,2,p_1.30.24_LL3f_mi,20
206,173,135,223,666,323,343,0,1,2,p_1.30.24_LL3f_mi,20
207,175,127,223,675,333,342,0,1,2,p_1.30.24_LL3f_mi,20
208,185,136,229,654,325,329,0,1,2,p_1.30.24_LL3f_mi,20
209,181,138,231,645,315,330,0,1,2,p_1.30.24_LL3f_mi,20
210,169,134,218,676,328,348,0,1,2,p_1.30.24_LL3f_mi,20
211,166,129,221,674,328,346,0,1,2,p_1.30.24_LL3f_mi,20
212,180,141,218,682,330,352,0,1,2,p_1.30.24_LL3f_mi,20
213,178,132,226,654,321,333,0,1,2,p_1.30.24_LL3f_mi,20
214,178,143,228,652,327,325,0,1,2,p_1.30.24_LL3f_mi,20
215,174,138,227,656,328,328,0,1,2,p_1.30.24_LL3f_mi,20
216,174,123,221,676,334,342,0,1,2,p_1.30.24_LL3f_mi,20
217,181,143,224,662,310,352,0,1,2,p_1.30.24_LL3f_mi,20
218,175,142,229,648,305,343,0,1,2,p_1.30.24_LL3f_mi,20
219,171,140,220,678,315,363,0,1,2,p_1.30.24_LL3f_mi,20
220,172,131,220,675,313,362,0,1,2,p_1.30.24_LL3f_mi,20
221,170,138,217,685,328,357,0,1,2,p_1.30.24_LL3f_mi,20
222,179,131,229,655,316,339,0,1,2,p_1.30.24_LL3f_mi,20
223,167,130,218,685,336,349,0,1,2,p_1.30.24_LL3f_mi,20
224,175,130,230,646,336,310,0,1,2,p_1.30.24_LL3f_mi,20
225,173,127,225,663,337,326,0,1,2,p_1.30.24_LL3f_mi,20
226,165,139,209,708,351,357,0,1,2,p_1.30.24_LL3f_mi,20
227,172,136,221,677,332,345,0,1,2,p_1.30.24_LL3f_mi,20
228,175,138,224,671,323,348,0,1,2,p_1.30.24_LL3f_mi,20
229,174,131,221,670,344,326,0,1,2,p_1.30.24_LL3f_mi,20
230,171,130,221,670,361,309,0,1,2,p_1.30.24_LL3f_mi,20
231,189,139,234,626,327,299,0,1,2,p_1.30.24_LL3f_mi,20
232,178,138,233,636,331,305,0,1,2,p_1.30.24_LL3f_mi,20
233,165,131,225,658,340,318,0,1,2,p_1.30.24_LL3f_mi,20
234,180,140,221,673,351,322,0,1,2,p_1.30.24_LL3f_mi,20
235,164,121,221,675,353,322,0,1,2,p_1.30.24_LL3f_mi,20
236,174,130,225,667,351,316,0,1,2,p_1.30.24_LL3f_mi,20
237,180,133,224,663,355,308,0,1,2,p_1.30.24_LL3f_mi,20
238,172,129,223,665,351,314,0,1,2,p_1.30.24_LL3f_mi,20
239,176,135,225,665,336,329,0,1,2,p_1.30.24_LL3f_mi,20
240,169,138,215,688,338,350,0,1,2,p_1.30.24_LL3f_mi,20
241,173,131,223,668,333,335,0,1,2,p_1.30.24_LL3f_mi,20
242,172,137,221,675,351,324,0,1,2,p_1.30.24_LL3f_mi,20
243,163,124,215,687,373,314,0,1,2,p_1.30.24_LL3f_mi,20
244,179,135,225,667,345,322,0,1,2,p_1.30.24_LL3f_mi,20
245,173,138,223,675,326,349,0,1,2,p_1.30.24_LL3f_mi,20
246,183,143,229,647,327,320,0,1,2,p_1.30.24_LL3f_mi,20
247,171,137,222,671,333,338,0,1,2,p_1.30.24_LL3f_mi,20
248,177,134,223,669,352,317,0,1,2,p_1.30.24_LL3f_mi,20
249,170,132,217,676,357,319,0,1,2,p_1.30.24_LL3f_mi,20
250,180,144,225,662,353,309,0,1,2,p_1.30.24_LL3f_mi,20
251,163,127,207,706,368,338,0,1,2,p_1.30.24_LL3f_mi,20
252,178,135,227,653,343,310,0,1,2,p_1.30.24_LL3f_mi,20
253,173,142,224,669,343,326,0,1,2,p_1.30.24_LL3f_mi,20
254,176,128,225,661,338,323,0,1,2,p_1.30.24_LL3f_mi,20
255,173,129,222,667,345,322,0,1,2,p_1.30.24_LL3f_mi,20
256,173,134,222,670,339,331,0,1,2,p_1.30.24_LL3f_mi,20
257,168,136,221,672,332,340,0,1,2,p_1.30.24_LL3f_mi,20
258,177,142,219,680,344,336,0,1,2,p_1.30.24_LL3f_mi,20
259,178,141,223,670,329,341,0,1,2,p_1.30.24_LL3f_mi,20
260,176,145,219,684,329,355,0,1,2,p_1.30.24_LL3f_mi,20
261,177,141,221,676,313,363,0,1,2,p_1.30.24_LL3f_mi,20
262,180,141,229,646,301,345,0,1,2,p_1.30.24_LL3f_mi,20
263,178,140,229,651,316,335,0,1,2,p_1.30.24_LL3f_mi,20
264,170,136,218,682,340,342,0,1,2,p_1.30.24_LL3f_mi,20
265,170,134,224,660,336,324,0,1,2,p_1.30.24_LL3f_mi,20
266,175,129,226,666,351,315,0,1,2,p_1.30.24_LL3f_mi,20
267,165,132,215,689,378,311,0,1,2,p_1.30.24_LL3f_mi,20
268,172,136,225,663,341,322,0,1,2,p_1.30.24_LL3f_mi,20
269,168,128,214,686,364,322,0,1,2,p_1.30.24_LL3f_mi,20
270,181,129,228,648,353,295,0,1,2,p_1.30.24_LL3f_mi,20
271,174,131,225,664,351,313,0,1,2,p_1.30.24_LL3f_mi,20
272,173,139,228,660,342,318,0,1,2,p_1.30.24_LL3f_mi,20
273,176,133,226,657,328,329,0,1,2,p_1.30.24_LL3f_mi,20
274,174,133,223,662,333,329,0,1,2,p_1.30.24_LL3f_mi,20
275,178,135,224,667,349,318,0,1,2,p_1.30.24_LL3f_mi,20
276,163,129,204,720,370,350,0,1,2,p_1.30.24_LL3f_mi,20
277,165,139,206,708,351,357,0,1,2,p_1.30.24_LL3f_mi,20
278,178,137,229,648,320,328,0,1,2,p_1.30.24_LL3f_mi,20
279,177,137,228,654,325,329,0,1,2,p_1.30.24_LL3f_mi,20
280,174,135,223,663,342,321,0,1,2,p_1.30.24_LL3f_mi,20
281,169,126,219,681,348,333,0,1,2,p_1.30.24_LL3f_mi,20
282,176,132,224,659,347,312,0,1,2,p_1.30.24_LL3f_mi,20
283,176,135,230,641,331,310,0,1,2,p_1.30.24_LL3f_mi,20
284,171,142,223,670,336,334,0,1,2,p_1.30.24_LL3f_mi,20
285,169,121,219,673,347,326,0,1,2,p_1.30.24_LL3f_mi,20
286,173,125,224,667,342,325,0,1,2,p_1.30.24_LL3f_mi,20
287,170,121,226,656,335,321,0,1,2,p_1.30.24_LL3f_mi,20
288,181,135,226,659,342,317,0,1,2,p_1.30.24_LL3f_mi,20
289,179,145,222,671,355,316,0,1,2,p_1.30.24_LL3f_mi,20
290,176,135,221,673,348,325,0,1,2,p_1.30.24_LL3f_mi,20
291,178,133,224,672,343,329,0,1,2,p_1.30.24_LL3f_mi,20
292,162,129,216,684,350,334,0,1,2,p_1.30.24_LL3f_mi,20
293,175,126,222,670,340,330,0,1,2,p_1.30.24_LL3f_mi,20
294,168,128,227,654,316,338,0,1,2,p_1.30.24_LL3f_mi,20
295,175,133,223,674,330,344,0,1,2,p_1.30.24_LL3f_mi,20
296,175,144,227,657,308,349,0,1,2,p_1.30.24_LL3f_mi,20
297,178,143,221,673,320,353,0,1,2,p_1.30.24_LL3f_mi,20
298,177,136,220,672,322,350,0,1,2,p_1.30.24_LL3f_mi,20
299,170,134,227,655,323,332,0,1,2,p_1.30.24_LL3f_mi,20
300,176,138,230,653,344,309,0,1,2,p_1.30.24_LL3f_mi,20
301,164,134,205,715,368,347,0,1,2,p_1.30.24_LL3f_mi,20
302,174,133,224,662,350,312,0,1,2,p_1.30.24_LL3f_mi,20
303,187,141,240,605,317,288,0,1,2,p_1.30.24_LL3f_mi,20
304,178,147,224,666,333,333,0,1,2,p_1.30.24_LL3f_mi,20
305,167,133,221,668,346,322,0,1,2,p_1.30.24_LL3f_mi,20
306,176,143,225,656,325,331,0,1,2,p_1.30.24_LL3f_mi,20
307,178,138,222,669,325,344,0,1,2,p_1.30.24_LL3f_mi,20
308,175,135,229,649,314,335,0,1,2,p_1.30.24_LL3f_mi,20
309,177,139,224,663,315,348,0,1,2,p_1.30.24_LL3f_mi,20
310,176,138,226,661,313,348,0,1,2,p_1.30.24_LL3f_mi,20
311,174,136,226,662,314,348,0,1,2,p_1.30.24_LL3f_mi,20
312,159,130,208,709,332,377,0,1,2,p_1.30.24_LL3f_mi,20
313,173,132,234,634,297,337,0,1,2,p_1.30.24_LL3f_mi,20
314,176,140,227,655,318,337,0,1,2,p_1.30.24_LL3f_mi,20
315,174,132,228,657,335,322,0,1,2,p_1.30.24_LL3f_mi,20
316,165,132,213,697,353,344,0,1,2,p_1.30.24_LL3f_mi,20
317,184,143,230,644,315,329,0,1,2,p_1.30.24_LL3f_mi,20
318,176,137,227,651,307,344,0,1,2,p_1.30.24_LL3f_mi,20
319,180,144,232,636,306,330,0,1,2,p_1.30.24_LL3f_mi,20
320,170,138,222,670,308,362,0,1,2,p_1.30.24_LL3f_mi,20
321,185,141,229,651,300,351,0,1,2,p_1.30.24_LL3f_mi,20
322,176,143,227,656,315,341,0,1,2,p_1.30.24_LL3f_mi,20
323,160,127,209,698,353,345,0,1,2,p_1.30.24_LL3f_mi,20
324,169,130,223,665,344,321,0,1,2,p_1.30.24_LL3f_mi,20
325,168,130,226,656,343,313,0,1,2,p_1.30.24_LL3f_mi,20
326,162,124,209,704,386,318,0,1,2,p_1.30.24_LL3f_mi,20
327,176,127,223,671,354,317,0,1,2,p_1.30.24_LL3f_mi,20
328,174,135,226,660,338,322,0,1,2,p_1.30.24_LL3f_mi,20
329,170,133,220,675,330,345,0,1,2,p_1.30.24_LL3f_mi,20
330,174,136,232,639,306,333,0,1,2,p_1.30.24_LL3f_mi,20
331,180,136,228,652,314,338,0,1,2,p_1.30.24_LL3f_mi,20
332,182,140,233,638,310,328,0,1,2,p_1.30.24_LL3f_mi,20
333,169,136,222,670,317,353,0,1,2,p_1.30.24_LL3f_mi,20
334,167,127,220,675,347,328,0,1,2,p_1.30.24_LL3f_mi,20
335,177,134,226,657,318,339,0,1,2,p_1.30.24_LL3f_mi,20
336,170,133,219,672,314,358,0,1,2,p_1.30.24_LL3f_mi,20
337,173,142,221,676,321,355,0,1,2,p_1.30.24_LL3f_mi,20
338,167,128,210,700,319,381,0,1,2,p_1.30.24_LL3f_mi,20
339,179,132,228,654,298,356,0,1,2,p_1.30.24_LL3f_mi,20
340,172,136,223,664,307,357,0,1,2,p_1.30.24_LL3f_mi,20
341,175,136,229,647,298,349,0,1,2,p_1.30.24_LL3f_mi,20
342,175,133,227,657,309,348,0,1,2,p_1.30.24_LL3f_mi,20
343,166,135,219,674,315,359,0,1,2,p_1.30.24_LL3f_mi,20
344,181,131,230,645,306,339,0,1,2,p_1.30.24_LL3f_mi,20
345,178,135,222,670,301,369,0,1,2,p_1.30.24_LL3f_mi,20
346,171,136,227,649,309,340,0,1,2,p_1.30.24_LL3f_mi,20
347,179,134,225,663,321,342,0,1,2,p_1.30.24_LL3f_mi,20
348,176,141,228,654,318,336,0,1,2,p_1.30.24_LL3f_mi,20
349,175,134,224,665,322,343,0,1,2,p_1.30.24_LL3f_mi,20
350,171,130,219,677,316,361,0,1,2,p_1.30.24_LL3f_mi,20
1,5,5,6,598,287,311,0,1,3,p_1.30.24_LL3f_mi,20
2,85,80,111,874,423,451,0,1,3,p_1.30.24_LL3f_mi,20
3,131,109,164,792,389,403,0,1,3,p_1.30.24_LL3f_mi,20
4,157,123,207,713,356,357,0,1,3,p_1.30.24_LL3f_mi,20
5,182,146,230,645,325,320,0,1,3,p_1.30.24_LL3f_mi,20
6,180,138,229,648,331,317,0,1,3,p_1.30.24_LL3f_mi,20
7,179,143,227,650,314,336,0,1,3,p_1.30.24_LL3f_mi,20
8,173,128,223,660,318,342,0,1,3,p_1.30.24_LL3f_mi,20
9,167,131,227,660,316,344,0,1,3,p_1.30.24_LL3f_mi,20
10,177,147,224,664,317,347,0,1,3,p_1.30.24_LL3f_mi,20
11,164,132,217,681,355,326,0,1,3,p_1.30.24_LL3f_mi,20
12,178,130,224,664,343,321,0,1,3,p_1.30.24_LL3f_mi,20
13,171,130,213,687,353,334,0,1,3,p_1.30.24_LL3f_mi,20
14,171,132,222,671,341,330,0,1,3,p_1.30.24_LL3f_mi,20
15,174,136,223,666,326,340,0,1,3,p_1.30.24_LL3f_mi,20
16,176,135,225,658,327,331,0,1,3,p_1.30.24_LL3f_mi,20
17,174,135,221,671,310,361,0,1,3,p_1.30.24_LL3f_mi,20
18,174,133,228,659,300,359,0,1,3,p_1.30.24_LL3f_mi,20
19,176,142,224,662,308,354,0,1,3,p_1.30.24_LL3f_mi,20
20,174,142,224,663,309,354,0,1,3,p_1.30.24_LL3f_mi,20
21,171,139,219,685,320,365,0,1,3,p_1.30.24_LL3f_mi,20
22,179,140,227,653,308,345,0,1,3,p_1.30.24_LL3f_mi,20
23,172,135,223,669,322,347,0,1,3,p_1.30.24_LL3f_mi,20
24,177,139,227,656,312,344,0,1,3,p_1.30.24_LL3f_mi,20
25,175,141,224,670,311,359,0,1,3,p_1.30.24_LL3f_mi,20
26,147,126,193,740,374,366,0,1,3,p_1.30.24_LL3f_mi,20
27,179,134,231,650,324,326,0,1,3,p_1.30.24_LL3f_mi,20
28,183,139,228,651,319,332,0,1,3,p_1.30.24_LL3f_mi,20
29,177,138,231,631,319,312,0,1,3,p_1.30.24_LL3f_mi,20
30,172,137,220,679,334,345,0,1,3,p_1.30.24_LL3f_mi,20
31,178,143,225,667,324,343,0,1,3,p_1.30.24_LL3f_mi,20
32,167,134,219,675,319,356,0,1,3,p_1.30.24_LL3f_mi,20
33,171,135,224,667,323,344,0,1,3,p_1.30.24_LL3f_mi,20
34,174,139,225,664,318,346,0,1,3,p_1.30.24_LL3f_mi,20
35,173,141,223,669,325,344,0,1,3,p_1.30.24_LL3f_mi,20
36,174,136,225,664,343,321,0,1,3,p_1.30.24_LL3f_mi,20
37,177,140,226,664,338,326,0,1,3,p_1.30.24_LL3f_mi,20
38,176,128,228,648,323,325,0,1,3,p_1.30.24_LL3f_mi,20
39,177,134,223,663,322,341,0,1,3,p_1.30.24_LL3f_mi,20
40,178,142,223,669,320,349,0,1,3,p_1.30.24_LL3f_mi,20
41,177,142,218,686,319,367,0,1,3,p_1.30.24_LL3f_mi,20
42,176,148,216,691,310,381,0,1,3,p_1.30.24_LL3f_mi,20
43,169,140,217,683,311,372,0,1,3,p_1.30.24_LL3f_mi,20
44,181,139,225,660,314,346,0,1,3,p_1.30.24_LL3f_mi,20
45,168,139,221,670,326,344,0,1,3,p_1.30.24_LL3f_mi,20
46,167,136,216,687,327,360,0,1,3,p_1.30.24_LL3f_mi,20
47,180,135,229,644,336,308,0,1,3,p_1.30.24_LL3f_mi,20
48,179,142,224,662,339,323,0,1,3,p_1.30.24_LL3f_mi,20
49,168,128,224,669,346,323,0,1,3,p_1.30.24_LL3f_mi,20
50,180,142,232,642,323,319,0,1,3,p_1.30.24_LL3f_mi,20
51,157,125,205,718,375,343,0,1,3,p_1.30.24_LL3f_mi,20
52,170,129,217,685,357,328,0,1,3,p_1.30.24_LL3f_mi,20
53,172,124,229,642,344,298,0,1,3,p_1.30.24_LL3f_mi,20
54,174,139,225,663,335,328,0,1,3,p_1.30.24_LL3f_mi,20
55,181,138,228,649,334,315,0,1,3,p_1.30.24_LL3f_mi,20
56,179,136,226,650,333,317,0,1,3,p_1.30.24_LL3f_mi,20
57,178,135,225,661,332,329,0,1,3,p_1.30.24_LL3f_mi,20
58,172,132,224,666,334,332,0,1,3,p_1.30.24_LL3f_mi,20
59,188,134,232,641,313,328,0,1,3,p_1.30.24_LL3f_mi,20
60,177,131,232,636,310,326,0,1,3,p_1.30.24_LL3f_mi,20
61,176,133,219,681,339,342,0,1,3,p_1.30.24_LL3f_mi,20
62,171,136,225,660,329,331,0,1,3,p_1.30.24_LL3f_mi,20
63,167,137,216,684,353,331,0,1,3,p_1.30.24_LL3f_mi,20
64,172,135,218,679,346,333,0,1,3,p_1.30.24_LL3f_mi,20
65,176,136,226,655,325,330,0,1,3,p_1.30.24_LL3f_mi,20
66,166,128,220,671,327,344,0,1,3,p_1.30.24_LL3f_mi,20
67,175,136,223,662,323,339,0,1,3,p_1.30.24_LL3f_mi,20
68,177,137,219,675,340,335,0,1,3,p_1.30.24_LL3f_mi,20
69,174,135,225,653,315,338,0,1,3,p_1.30.24_LL3f_mi,20
70,175,136,222,665,319,346,0,1,3,p_1.30.24_LL3f_mi,20
71,176,141,222,672,313,359,0,1,3,p_1.30.24_LL3f_mi,20
72,175,137,228,654,296,358,0,1,3,p_1.30.24_LL3f_mi,20
73,180,136,225,667,318,349,0,1,3,p_1.30.24_LL3f_mi,20
74,184,148,233,642,311,331,0,1,3,p_1.30.24_LL3f_mi,20
75,189,143,233,641,318,323,0,1,3,p_1.30.24_LL3f_mi,20
76,161,127,203,724,353,371,0,1,3,p_1.30.24_LL3f_mi,20
77,172,136,221,675,327,348,0,1,3,p_1.30.24_LL3f_mi,20
78,180,144,229,653,336,317,0,1,3,p_1.30.24_LL3f_mi,20
79,181,138,231,636,333,303,0,1,3,p_1.30.24_LL3f_mi,20
80,179,135,227,660,341,319,0,1,3,p_1.30.24_LL3f_mi,20
81,172,134,213,696,364,332,0,1,3,p_1.30.24_LL3f_mi,20
82,171,136,217,683,345,338,0,1,3,p_1.30.24_LL3f_mi,20
83,172,138,223,672,339,333,0,1,3,p_1.30.24_LL3f_mi,20
84,188,144,230,646,321,325,0,1,3,p_1.30.24_LL3f_mi,20
85,175,134,227,664,336,328,0,1,3,p_1.30.24_LL3f_mi,20
86,171,126,211,694,347,347,0,1,3,p_1.30.24_LL3f_mi,20
87,170,139,217,683,331,352,0,1,3,p_1.30.24_LL3f_mi,20
88,168,128,219,681,331,350,0,1,3,p_1.30.24_LL3f_mi,20
89,173,132,229,644,313,331,0,1,3,p_1.30.24_LL3f_mi,20
90,174,130,229,646,324,322,0,1,3,p_1.30.24_LL3f_mi,20
91,178,134,225,669,332,337,0,1,3,p_1.30.24_LL3f_mi,20
92,175,133,230,644,315,329,0,1,3,p_1.30.24_LL3f_mi,20
93,190,145,232,642,308,334,0,1,3,p_1.30.24_LL3f_mi,20
94,178,144,228,652,319,333,0,1,3,p_1.30.24_LL3f_mi,20
95,177,139,229,658,323,335,0,1,3,p_1.30.24_LL3f_mi,20
96,171,137,222,671,340,331,0,1,3,p_1.30.24_LL3f_mi,20
97,167,134,213,691,339,352,0,1,3,p_1.30.24_LL3f_mi,20
98,172,142,219,678,326,352,0,1,3,p_1.30.24_LL3f_mi,20
99,175,127,223,668,334,334,0,1,3,p_1.30.24_LL3f_mi,20
100,152,118,192,655,340,315,0,1,3,p_1.30.24_LL3f_mi,20
101,117,95,151,665,340,325,0,1,3,p_1.30.24_LL3f_mi,20
102,122,101,158,574,294,280,0,1,3,p_1.30.24_LL3f_mi,20
103,114,89,144,524,260,264,0,1,3,p_1.30.24_LL3f_mi,20
104,108,88,137,460,226,234,0,1,3,p_1.30.24_LL3f_mi,20
105,76,66,96,460,224,236,0,1,3,p_1.30.24_LL3f_mi,20
106,69,61,92,392,180,212,0,1,3,p_1.30.24_LL3f_mi,20
107,62,52,81,335,152,183,0,1,3,p_1.30.24_LL3f_mi,20
108,50,44,68,282,131,151,0,1,3,p_1.30.24_LL3f_mi,20
109,40,34,49,239,114,125,0,1,3,p_1.30.24_LL3f_mi,20
110,25,23,31,201,91,110,0,1,3,p_1.30.24_LL3f_mi,20
111,29,25,35,156,69,87,0,1,3,p_1.30.24_LL3f_mi,20
112,30,24,37,148,67,81,0,1,3,p_1.30.24_LL3f_mi,20
113,26,24,34,117,47,70,0,1,3,p_1.30.24_LL3f_mi,20
114,28,24,34,110,47,63,0,1,3,p_1.30.24_LL3f_mi,20
115,26,21,36,111,50,61,0,1,3,p_1.30.24_LL3f_mi,20
116,29,26,34,107,45,62,0,1,3,p_1.30.24_LL3f_mi,20
117,28,22,34,106,43,63,0,1,3,p_1.30.24_LL3f_mi,20
118,25,17,31,94,40,54,0,1,3,p_1.30.24_LL3f_mi,20
119,23,17,29,85,40,45,0,1,3,p_1.30.24_LL3f_mi,20
120,22,19,31,84,44,40,0,1,3,p_1.30.24_LL3f_mi,20
121,25,18,31,90,44,46,0,1,3,p_1.30.24_LL3f_mi,20
122,21,14,28,85,38,47,0,1,3,p_1.30.24_LL3f_mi,20
123,20,16,29,82,31,51,0,1,3,p_1.30.24_LL3f_mi,20
124,24,20,32,82,31,51,0,1,3,p_1.30.24_LL3f_mi,20
125,24,20,35,108,48,60,17,1,3,p_1.30.24_LL3f_mi,20
126,27,23,34,108,45,63,7,1,3,p_1.30.24_LL3f_mi,20
127,27,22,33,103,48,55,4,1,3,p_1.30.24_LL3f_mi,20
128,30,25,35,105,48,57,1,1,3,p_1.30.24_LL3f_mi,20
129,26,23,33,100,46,54,0,1,3,p_1.30.24_LL3f_mi,20
130,24,18,32,106,49,57,0,1,3,p_1.30.24_LL3f_mi,20
131,26,21,34,103,48,55,0,1,3,p_1.30.24_LL3f_mi,20
132,24,18,31,100,52,48,0,1,3,p_1.30.24_LL3f_mi,20
133,25,23,32,98,49,49,0,1,3,p_1.30.24_LL3f_mi,20
134,24,21,34,104,53,51,0,1,3,p_1.30.24_LL3f_mi,20
135,28,22,35,104,52,52,0,1,3,p_1.30.24_LL3f_mi,20
136,28,23,34,104,55,49,0,1,3,p_1.30.24_LL3f_mi,20
137,25,20,34,103,50,53,0,1,3,p_1.30.24_LL3f_mi,20
138,29,24,34,101,43,58,0,1,3,p_1.30.24_LL3f_mi,20
139,27,20,34,103,52,51,0,1,3,p_1.30.24_LL3f_mi,20
140,23,17,37,127,68,59,23,1,3,p_1.30.24_LL3f_mi,20
141,26,15,36,111,63,48,13,1,3,p_1.30.24_LL3f_mi,20
142,27,23,35,107,59,48,6,1,3,p_1.30.24_LL3f_mi,20
143,26,23,33,101,51,50,1,1,3,p_1.30.24_LL3f_mi,20
144,25,22,32,103,54,49,0,1,3,p_1.30.24_LL3f_mi,20
145,28,19,34,99,50,49,0,1,3,p_1.30.24_LL3f_mi,20
146,27,23,36,108,49,59,0,1,3,p_1.30.24_LL3f_mi,20
147,27,19,34,106,54,52,0,1,3,p_1.30.24_LL3f_mi,20
148,26,21,33,102,53,49,0,1,3,p_1.30.24_LL3f_mi,20
149,23,20,31,97,47,50,0,1,3,p_1.30.24_LL3f_mi,20
150,21,17,31,88,45,43,0,1,3,p_1.30.24_LL3f_mi,20
151,50,30,72,97,55,42,0,1,3,p_1.30.24_LL3f_mi,20
152,66,36,92,129,74,55,0,1,3,p_1.30.24_LL3f_mi,20
153,85,57,115,179,92,87,0,1,3,p_1.30.24_LL3f_mi,20
154,105,66,141,242,133,109,0,1,3,p_1.30.24_LL3f_mi,20
155,118,87,160,352,186,166,20,1,3,p_1.30.24_LL3f_mi,20
156,138,104,181,390,204,186,12,1,3,p_1.30.24_LL3f_mi,20
157,156,112,193,456,238,218,7,1,3,p_1.30.24_LL3f_mi,20
158,158,117,206,517,258,259,2,1,3,p_1.30.24_LL3f_mi,20
159,175,133,226,547,270,277,0,1,3,p_1.30.24_LL3f_mi,20
160,183,129,241,602,319,283,0,1,3,p_1.30.24_LL3f_mi,20
161,165,124,224,663,349,314,0,1,3,p_1.30.24_LL3f_mi,20
162,165,132,223,665,353,312,0,1,3,p_1.30.24_LL3f_mi,20
163,178,133,227,658,348,310,0,1,3,p_1.30.24_LL3f_mi,20
164,170,131,216,684,351,333,0,1,3,p_1.30.24_LL3f_mi,20
165,174,139,221,672,343,329,0,1,3,p_1.30.24_LL3f_mi,20
166,177,134,225,659,332,327,0,1,3,p_1.30.24_LL3f_mi,20
167,176,134,223,665,315,350,0,1,3,p_1.30.24_LL3f_mi,20
168,176,138,232,641,296,345,0,1,3,p_1.30.24_LL3f_mi,20
169,169,131,221,673,331,342,0,1,3,p_1.30.24_LL3f_mi,20
170,168,144,212,692,319,373,15,1,3,p_1.30.24_LL3f_mi,20
171,174,144,220,677,332,345,12,1,3,p_1.30.24_LL3f_mi,20
172,171,139,220,673,330,343,4,1,3,p_1.30.24_LL3f_mi,20
173,176,145,224,662,315,347,2,1,3,p_1.30.24_LL3f_mi,20
174,171,138,228,654,319,335,0,1,3,p_1.30.24_LL3f_mi,20
175,181,139,231,639,312,327,0,1,3,p_1.30.24_LL3f_mi,20
176,164,123,213,690,337,353,0,1,3,p_1.30.24_LL3f_mi,20
177,166,128,214,695,339,356,0,1,3,p_1.30.24_LL3f_mi,20
178,177,136,220,674,339,335,0,1,3,p_1.30.24_LL3f_mi,20
179,172,133,227,661,336,325,0,1,3,p_1.30.24_LL3f_mi,20
180,178,139,222,668,323,345,0,1,3,p_1.30.24_LL3f_mi,20
181,173,129,222,671,316,355,0,1,3,p_1.30.24_LL3f_mi,20
182,171,136,220,675,322,353,0,1,3,p_1.30.24_LL3f_mi,20
183,178,136,226,654,306,348,0,1,3,p_1.30.24_LL3f_mi,20
184,175,140,227,652,300,352,0,1,3,p_1.30.24_LL3f_mi,20
185,176,148,222,672,310,362,0,1,3,p_1.30.24_LL3f_mi,20
186,170,138,222,668,300,368,0,1,3,p_1.30.24_LL3f_mi,20
187,167,143,219,682,311,371,0,1,3,p_1.30.24_LL3f_mi,20
188,186,142,228,650,309,341,0,1,3,p_1.30.24_LL3f_mi,20
189,167,132,229,643,316,327,0,1,3,p_1.30.24_LL3f_mi,20
190,174,136,221,672,324,348,0,1,3,p_1.30.24_LL3f_mi,20
191,167,136,217,687,338,349,0,1,3,p_1.30.24_LL3f_mi,20
192,174,133,225,657,321,336,0,1,3,p_1.30.24_LL3f_mi,20
193,170,137,218,681,329,352,0,1,3,p_1.30.24_LL3f_mi,20
194,166,137,220,676,321,355,0,1,3,p_1.30.24_LL3f_mi,20
195,172,137,224,663,327,336,0,1,3,p_1.30.24_LL3f_mi,20
196,178,140,230,644,306,338,0,1,3,p_1.30.24_LL3f_mi,20
197,178,139,227,658,295,363,0,1,3,p_1.30.24_LL3f_mi,20
198,174,134,226,659,300,359,0,1,3,p_1.30.24_LL3f_mi,20
199,172,140,224,665,298,367,0,1,3,p_1.30.24_LL3f_mi,20
200,174,129,218,674,318,356,0,1,3,p_1.30.24_LL3f_mi,20
201,162,133,210,707,345,362,0,1,3,p_1.30.24_LL3f_mi,20
202,174,136,232,635,306,329,0,1,3,p_1.30.24_LL3f_mi,20
203,183,148,228,661,330,331,0,1,3,p_1.30.24_LL3f_mi,20
204,177,146,227,648,320,328,0,1,3,p_1.30.24_LL3f_mi,20
205,175,138,228,659,324,335,0,1,3,p_1.30.24_LL3f_mi,20
206,178,134,226,654,315,339,0,1,3,p_1.30.24_LL3f_mi,20
207,170,126,225,661,323,338,0,1,3,p_1.30.24_LL3f_mi,20
208,178,145,224,663,326,337,0,1,3,p_1.30.24_LL3f_mi,20
209,170,133,226,657,317,340,0,1,3,p_1.30.24_LL3f_mi,20
210,179,142,231,631,315,316,0,1,3,p_1.30.24_LL3f_mi,20
211,171,130,222,666,342,324,0,1,3,p_1.30.24_LL3f_mi,20
212,164,132,214,693,355,338,0,1,3,p_1.30.24_LL3f_mi,20
213,165,127,224,661,341,320,0,1,3,p_1.30.24_LL3f_mi,20
214,170,133,220,669,342,327,0,1,3,p_1.30.24_LL3f_mi,20
215,179,138,230,643,324,319,0,1,3,p_1.30.24_LL3f_mi,20
216,172,134,225,659,333,326,0,1,3,p_1.30.24_LL3f_mi,20
217,187,142,226,655,319,336,0,1,3,p_1.30.24_LL3f_mi,20
218,164,131,220,679,331,348,0,1,3,p_1.30.24_LL3f_mi,20
219,180,143,226,655,338,317,0,1,3,p_1.30.24_LL3f_mi,20
220,174,132,222,672,343,329,0,1,3,p_1.30.24_LL3f_mi,20
221,173,129,222,666,340,326,0,1,3,p_1.30.24_LL3f_mi,20
222,169,131,224,662,317,345,0,1,3,p_1.30.24_LL3f_mi,20
223,176,138,222,672,322,350,0,1,3,p_1.30.24_LL3f_mi,20
224,179,144,229,654,305,349,0,1,3,p_1.30.24_LL3f_mi,20
225,174,134,225,662,312,350,0,1,3,p_1.30.24_LL3f_mi,20
226,161,128,204,713,345,368,0,1,3,p_1.30.24_LL3f_mi,20
227,185,144,229,660,316,344,0,1,3,p_1.30.24_LL3f_mi,20
228,172,131,224,660,334,326,0,1,3,p_1.30.24_LL3f_mi,20
229,178,145,222,663,332,331,0,1,3,p_1.30.24_LL3f_mi,20
230,167,128,220,677,332,345,0,1,3,p_1.30.24_LL3f_mi,20
231,166,131,212,694,349,345,0,1,3,p_1.30.24_LL3f_mi,20
232,169,130,217,683,353,330,0,1,3,p_1.30.24_LL3f_mi,20
233,180,143,230,644,323,321,0,1,3,p_1.30.24_LL3f_mi,20
234,179,138,223,669,334,335,0,1,3,p_1.30.24_LL3f_mi,20
235,177,127,223,673,335,338,0,1,3,p_1.30.24_LL3f_mi,20
236,173,135,220,673,330,343,0,1,3,p_1.30.24_LL3f_mi,20
237,178,143,229,655,333,322,0,1,3,p_1.30.24_LL3f_mi,20
238,171,136,224,667,332,335,0,1,3,p_1.30.24_LL3f_mi,20
239,178,137,229,647,332,315,0,1,3,p_1.30.24_LL3f_mi,20
240,177,137,227,651,328,323,0,1,3,p_1.30.24_LL3f_mi,20
241,178,130,226,663,330,333,0,1,3,p_1.30.24_LL3f_mi,20
242,171,138,213,688,329,359,0,1,3,p_1.30.24_LL3f_mi,20
243,174,136,222,674,331,343,0,1,3,p_1.30.24_LL3f_mi,20
244,176,137,226,658,329,329,0,1,3,p_1.30.24_LL3f_mi,20
245,184,142,229,647,335,312,0,1,3,p_1.30.24_LL3f_mi,20
246,169,137,211,696,345,351,0,1,3,p_1.30.24_LL3f_mi,20
247,179,139,226,656,309,347,0,1,3,p_1.30.24_LL3f_mi,20
248,173,139,228,653,296,357,0,1,3,p_1.30.24_LL3f_mi,20
249,175,139,228,654,297,357,0,1,3,p_1.30.24_LL3f_mi,20
250,175,141,228,656,324,332,0,1,3,p_1.30.24_LL3f_mi,20
251,166,130,206,711,367,344,0,1,3,p_1.30.24_LL3f_mi,20
252,187,143,230,638,341,297,0,1,3,p_1.30.24_LL3f_mi,20
253,171,136,224,658,331,327,0,1,3,p_1.30.24_LL3f_mi,20
254,174,135,226,659,349,310,0,1,3,p_1.30.24_LL3f_mi,20
255,179,133,230,649,334,315,0,1,3,p_1.30.24_LL3f_mi,20
256,177,140,222,675,335,340,0,1,3,p_1.30.24_LL3f_mi,20
257,176,133,227,657,309,348,0,1,3,p_1.30.24_LL3f_mi,20
258,168,138,219,679,321,358,0,1,3,p_1.30.24_LL3f_mi,20
259,177,137,223,669,328,341,0,1,3,p_1.30.24_LL3f_mi,20
260,177,139,226,654,329,325,0,1,3,p_1.30.24_LL3f_mi,20
261,174,139,221,670,333,337,0,1,3,p_1.30.24_LL3f_mi,20
262,165,125,217,684,332,352,0,1,3,p_1.30.24_LL3f_mi,20
263,172,133,218,676,345,331,0,1,3,p_1.30.24_LL3f_mi,20
264,171,136,221,674,335,339,0,1,3,p_1.30.24_LL3f_mi,20
265,170,129,220,669,335,334,0,1,3,p_1.30.24_LL3f_mi,20
266,170,127,219,673,344,329,0,1,3,p_1.30.24_LL3f_mi,20
267,180,136,227,657,346,311,0,1,3,p_1.30.24_LL3f_mi,20
268,177,139,224,669,349,320,0,1,3,p_1.30.24_LL3f_mi,20
269,175,138,224,663,340,323,0,1,3,p_1.30.24_LL3f_mi,20
270,174,134,224,662,327,335,0,1,3,p_1.30.24_LL3f_mi,20
271,165,133,218,686,344,342,0,1,3,p_1.30.24_LL3f_mi,20
272,179,136,220,679,338,341,0,1,3,p_1.30.24_LL3f_mi,20
273,183,143,228,652,316,336,0,1,3,p_1.30.24_LL3f_mi,20
274,178,136,227,657,331,326,0,1,3,p_1.30.24_LL3f_mi,20
275,187,144,230,641,316,325,0,1,3,p_1.30.24_LL3f_mi,20
276,161,132,212,701,348,353,0,1,3,p_1.30.24_LL3f_mi,20
277,169,127,214,692,328,364,0,1,3,p_1.30.24_LL3f_mi,20
278,179,139,227,655,317,338,0,1,3,p_1.30.24_LL3f_mi,20
279,176,140,228,657,311,346,0,1,3,p_1.30.24_LL3f_mi,20
280,169,136,218,685,304,381,0,1,3,p_1.30.24_LL3f_mi,20
281,169,141,218,681,302,379,0,1,3,p_1.30.24_LL3f_mi,20
282,172,135,224,665,320,345,0,1,3,p_1.30.24_LL3f_mi,20
283,165,131,224,659,333,326,0,1,3,p_1.30.24_LL3f_mi,20
284,176,136,229,640,302,338,0,1,3,p_1.30.24_LL3f_mi,20
285,173,129,219,680,327,353,0,1,3,p_1.30.24_LL3f_mi,20
286,175,135,229,649,304,345,0,1,3,p_1.30.24_LL3f_mi,20
287,182,141,225,662,323,339,0,1,3,p_1.30.24_LL3f_mi,20
288,179,146,222,672,330,342,0,1,3,p_1.30.24_LL3f_mi,20
289,179,135,226,659,328,331,0,1,3,p_1.30.24_LL3f_mi,20
290,176,134,223,671,331,340,0,1,3,p_1.30.24_LL3f_mi,20
291,182,140,236,622,300,322,0,1,3,p_1.30.24_LL3f_mi,20
292,177,128,221,664,322,342,0,1,3,p_1.30.24_LL3f_mi,20
293,185,132,229,655,329,326,0,1,3,p_1.30.24_LL3f_mi,20
294,180,140,227,654,324,330,0,1,3,p_1.30.24_LL3f_mi,20
295,172,134,222,671,340,331,0,1,3,p_1.30.24_LL3f_mi,20
296,172,137,218,682,335,347,0,1,3,p_1.30.24_LL3f_mi,20
297,176,152,220,679,334,345,0,1,3,p_1.30.24_LL3f_mi,20
298,179,136,228,656,323,333,0,1,3,p_1.30.24_LL3f_mi,20
299,179,135,227,653,316,337,0,1,3,p_1.30.24_LL3f_mi,20
300,169,136,221,667,353,314,0,1,3,p_1.30.24_LL3f_mi,20
301,164,125,211,699,364,335,0,1,3,p_1.30.24_LL3f_mi,20
302,181,143,226,661,344,317,0,1,3,p_1.30.24_LL3f_mi,20
303,176,138,225,660,342,318,0,1,3,p_1.30.24_LL3f_mi,20
304,174,133,226,662,326,336,0,1,3,p_1.30.24_LL3f_mi,20
305,180,136,227,654,308,346,0,1,3,p_1.30.24_LL3f_mi,20
306,179,143,222,673,322,351,0,1,3,p_1.30.24_LL3f_mi,20
307,173,131,221,669,321,348,0,1,3,p_1.30.24_LL3f_mi,20
308,174,134,225,658,320,338,0,1,3,p_1.30.24_LL3f_mi,20
309,171,134,221,673,323,350,0,1,3,p_1.30.24_LL3f_mi,20
310,172,140,217,678,336,342,0,1,3,p_1.30.24_LL3f_mi,20
311,166,133,218,683,341,342,0,1,3,p_1.30.24_LL3f_mi,20
312,173,139,221,671,343,328,0,1,3,p_1.30.24_LL3f_mi,20
313,173,136,221,672,351,321,0,1,3,p_1.30.24_LL3f_mi,20
314,182,144,227,665,340,325,0,1,3,p_1.30.24_LL3f_mi,20
315,174,132,223,661,330,331,0,1,3,p_1.30.24_LL3f_mi,20
316,164,131,223,661,327,334,0,1,3,p_1.30.24_LL3f_mi,20
317,181,143,227,650,302,348,0,1,3,p_1.30.24_LL3f_mi,20
318,163,130,215,688,335,353,0,1,3,p_1.30.24_LL3f_mi,20
319,168,138,221,669,330,339,0,1,3,p_1.30.24_LL3f_mi,20
320,172,145,220,680,339,341,0,1,3,p_1.30.24_LL3f_mi,20
321,169,134,217,679,342,337,0,1,3,p_1.30.24_LL3f_mi,20
322,183,148,224,662,326,336,0,1,3,p_1.30.24_LL3f_mi,20
323,175,140,218,679,348,331,0,1,3,p_1.30.24_LL3f_mi,20
324,170,124,217,682,345,337,0,1,3,p_1.30.24_LL3f_mi,20
325,172,140,216,685,345,340,0,1,3,p_1.30.24_LL3f_mi,20
326,156,131,200,732,352,380,0,1,3,p_1.30.24_LL3f_mi,20
327,173,133,227,656,317,339,0,1,3,p_1.30.24_LL3f_mi,20
328,175,140,222,672,335,337,0,1,3,p_1.30.24_LL3f_mi,20
329,174,125,222,673,334,339,0,1,3,p_1.30.24_LL3f_mi,20
330,173,135,225,664,328,336,0,1,3,p_1.30.24_LL3f_mi,20
331,172,137,231,644,334,310,0,1,3,p_1.30.24_LL3f_mi,20
332,172,131,227,654,343,311,0,1,3,p_1.30.24_LL3f_mi,20
333,182,133,230,656,338,318,0,1,3,p_1.30.24_LL3f_mi,20
334,186,147,232,633,331,302,0,1,3,p_1.30.24_LL3f_mi,20
335,179,142,229,648,353,295,0,1,3,p_1.30.24_LL3f_mi,20
336,161,124,218,679,373,306,0,1,3,p_1.30.24_LL3f_mi,20
337,168,126,221,674,363,311,0,1,3,p_1.30.24_LL3f_mi,20
338,174,141,225,660,348,312,0,1,3,p_1.30.24_LL3f_mi,20
339,181,137,231,639,345,294,0,1,3,p_1.30.24_LL3f_mi,20
340,171,129,223,668,343,325,0,1,3,p_1.30.24_LL3f_mi,20
341,174,134,222,664,349,315,0,1,3,p_1.30.24_LL3f_mi,20
342,178,146,225,664,328,336,0,1,3,p_1.30.24_LL3f_mi,20
343,174,132,219,676,347,329,0,1,3,p_1.30.24_LL3f_mi,20
344,179,139,229,653,330,323,0,1,3,p_1.30.24_LL3f_mi,20
345,176,136,224,666,327,339,0,1,3,p_1.30.24_LL3f_mi,20
346,176,135,225,659,314,345,0,1,3,p_1.30.24_LL3f_mi,20
347,177,148,223,669,311,358,0,1,3,p_1.30.24_LL3f_mi,20
348,178,144,224,663,310,353,0,1,3,p_1.30.24_LL3f_mi,20
349,171,131,223,661,318,343,0,1,3,p_1.30.24_LL3f_mi,20
350,175,138,223,669,319,350,0,1,3,p_1.30.24_LL3f_mi,20
1,0,0,0,635,301,334,0,1,4,p_1.30.24_LL3f_mi,20
2,107,92,125,856,421,435,0,1,4,p_1.30.24_LL3f_mi,20
3,129,114,166,793,391,402,0,1,4,p_1.30.24_LL3f_mi,20
4,161,128,199,729,358,371,0,1,4,p_1.30.24_LL3f_mi,20
5,165,131,222,671,344,327,0,1,4,p_1.30.24_LL3f_mi,20
6,180,136,229,645,338,307,0,1,4,p_1.30.24_LL3f_mi,20
7,183,136,237,613,318,295,0,1,4,p_1.30.24_LL3f_mi,20
8,178,139,225,662,341,321,0,1,4,p_1.30.24_LL3f_mi,20
9,182,135,227,654,345,309,0,1,4,p_1.30.24_LL3f_mi,20
10,178,137,221,674,350,324,0,1,4,p_1.30.24_LL3f_mi,20
11,170,137,219,677,354,323,0,1,4,p_1.30.24_LL3f_mi,20
12,172,125,225,660,355,305,0,1,4,p_1.30.24_LL3f_mi,20
13,174,142,225,656,329,327,0,1,4,p_1.30.24_LL3f_mi,20
14,171,139,222,670,330,340,0,1,4,p_1.30.24_LL3f_mi,20
15,179,136,221,678,334,344,0,1,4,p_1.30.24_LL3f_mi,20
16,172,129,223,667,332,335,0,1,4,p_1.30.24_LL3f_mi,20
17,168,137,223,667,328,339,0,1,4,p_1.30.24_LL3f_mi,20
18,165,132,217,679,317,362,0,1,4,p_1.30.24_LL3f_mi,20
19,170,134,221,668,326,342,0,1,4,p_1.30.24_LL3f_mi,20
20,176,142,227,656,319,337,0,1,4,p_1.30.24_LL3f_mi,20
21,179,137,227,650,331,319,0,1,4,p_1.30.24_LL3f_mi,20
22,169,132,220,677,363,314,0,1,4,p_1.30.24_LL3f_mi,20
23,175,130,228,652,334,318,0,1,4,p_1.30.24_LL3f_mi,20
24,168,135,221,679,356,323,0,1,4,p_1.30.24_LL3f_mi,20
25,177,138,226,657,343,314,0,1,4,p_1.30.24_LL3f_mi,20
26,163,142,202,719,369,350,0,1,4,p_1.30.24_LL3f_mi,20
27,158,123,211,700,363,337,0,1,4,p_1.30.24_LL3f_mi,20
28,173,141,222,668,333,335,0,1,4,p_1.30.24_LL3f_mi,20
29,179,132,233,644,315,329,0,1,4,p_1.30.24_LL3f_mi,20
30,181,139,228,642,301,341,0,1,4,p_1.30.24_LL3f_mi,20
31,176,134,222,666,326,340,0,1,4,p_1.30.24_LL3f_mi,20
32,176,135,224,664,335,329,0,1,4,p_1.30.24_LL3f_mi,20
33,173,136,223,662,335,327,0,1,4,p_1.30.24_LL3f_mi,20
34,172,133,225,664,342,322,0,1,4,p_1.30.24_LL3f_mi,20
35,164,132,213,691,356,335,0,1,4,p_1.30.24_LL3f_mi,20
36,168,130,222,665,342,323,0,1,4,p_1.30.24_LL3f_mi,20
37,176,137,222,663,335,328,0,1,4,p_1.30.24_LL3f_mi,20
38,172,139,223,669,334,335,0,1,4,p_1.30.24_LL3f_mi,20
39,174,135,225,666,318,348,0,1,4,p_1.30.24_LL3f_mi,20
40,171,133,223,663,317,346,0,1,4,p_1.30.24_LL3f_mi,20
41,178,126,220,674,334,340,0,1,4,p_1.30.24_LL3f_mi,20
42,172,130,224,661,336,325,0,1,4,p_1.30.24_LL3f_mi,20
43,176,134,225,665,324,341,0,1,4,p_1.30.24_LL3f_mi,20
44,172,135,225,662,320,342,0,1,4,p_1.30.24_LL3f_mi,20
45,166,131,220,679,329,350,0,1,4,p_1.30.24_LL3f_mi,20
46,178,135,228,646,324,322,0,1,4,p_1.30.24_LL3f_mi,20
47,173,139,222,679,324,355,0,1,4,p_1.30.24_LL3f_mi,20
48,168,133,220,677,329,348,0,1,4,p_1.30.24_LL3f_mi,20
49,161,122,206,714,350,364,0,1,4,p_1.30.24_LL3f_mi,20
50,170,137,216,691,352,339,0,1,4,p_1.30.24_LL3f_mi,20
51,158,118,206,706,352,354,0,1,4,p_1.30.24_LL3f_mi,20
52,173,135,221,669,321,348,0,1,4,p_1.30.24_LL3f_mi,20
53,171,136,225,658,326,332,0,1,4,p_1.30.24_LL3f_mi,20
54,171,135,222,664,332,332,0,1,4,p_1.30.24_LL3f_mi,20
55,174,133,225,660,334,326,0,1,4,p_1.30.24_LL3f_mi,20
56,171,124,223,663,363,300,0,1,4,p_1.30.24_LL3f_mi,20
57,170,135,221,674,356,318,0,1,4,p_1.30.24_LL3f_mi,20
58,166,129,214,691,352,339,0,1,4,p_1.30.24_LL3f_mi,20
59,182,140,222,666,321,345,0,1,4,p_1.30.24_LL3f_mi,20
60,168,133,215,687,324,363,0,1,4,p_1.30.24_LL3f_mi,20
61,178,142,228,649,311,338,0,1,4,p_1.30.24_LL3f_mi,20
62,186,145,237,627,325,302,0,1,4,p_1.30.24_LL3f_mi,20
63,172,132,219,677,347,330,0,1,4,p_1.30.24_LL3f_mi,20
64,178,142,226,661,332,329,0,1,4,p_1.30.24_LL3f_mi,20
65,168,135,218,679,326,353,0,1,4,p_1.30.24_LL3f_mi,20
66,172,136,223,667,325,342,0,1,4,p_1.30.24_LL3f_mi,20
67,175,136,222,674,325,349,0,1,4,p_1.30.24_LL3f_mi,20
68,180,137,230,645,321,324,0,1,4,p_1.30.24_LL3f_mi,20
69,184,145,223,671,341,330,0,1,4,p_1.30.24_LL3f_mi,20
70,174,134,225,667,333,334,0,1,4,p_1.30.24_LL3f_mi,20
71,169,132,224,667,339,328,0,1,4,p_1.30.24_LL3f_mi,20
72,172,127,224,662,326,336,0,1,4,p_1.30.24_LL3f_mi,20
73,175,139,226,662,329,333,0,1,4,p_1.30.24_LL3f_mi,20
74,183,138,233,638,316,322,0,1,4,p_1.30.24_LL3f_mi,20
75,175,142,221,670,318,352,0,1,4,p_1.30.24_LL3f_mi,20
76,161,133,210,706,342,364,0,1,4,p_1.30.24_LL3f_mi,20
77,171,142,222,660,326,334,0,1,4,p_1.30.24_LL3f_mi,20
78,178,137,229,644,310,334,0,1,4,p_1.30.24_LL3f_mi,20
79,179,135,230,646,317,329,0,1,4,p_1.30.24_LL3f_mi,20
80,180,140,229,647,317,330,0,1,4,p_1.30.24_LL3f_mi,20
81,162,129,216,679,348,331,0,1,4,p_1.30.24_LL3f_mi,20
82,162,131,216,690,342,348,0,1,4,p_1.30.24_LL3f_mi,20
83,177,138,226,661,352,309,0,1,4,p_1.30.24_LL3f_mi,20
84,171,131,221,671,345,326,0,1,4,p_1.30.24_LL3f_mi,20
85,172,138,224,668,323,345,0,1,4,p_1.30.24_LL3f_mi,20
86,170,140,222,672,333,339,0,1,4,p_1.30.24_LL3f_mi,20
87,170,139,222,660,333,327,0,1,4,p_1.30.24_LL3f_mi,20
88,187,140,230,644,321,323,0,1,4,p_1.30.24_LL3f_mi,20
89,179,134,229,650,301,349,0,1,4,p_1.30.24_LL3f_mi,20
90,182,146,225,660,309,351,0,1,4,p_1.30.24_LL3f_mi,20
91,169,133,218,682,311,371,0,1,4,p_1.30.24_LL3f_mi,20
92,173,142,222,669,313,356,0,1,4,p_1.30.24_LL3f_mi,20
93,162,132,215,685,326,359,0,1,4,p_1.30.24_LL3f_mi,20
94,177,136,222,667,326,341,0,1,4,p_1.30.24_LL3f_mi,20
95,165,130,217,684,343,341,0,1,4,p_1.30.24_LL3f_mi,20
96,165,130,217,684,335,349,0,1,4,p_1.30.24_LL3f_mi,20
97,179,144,226,658,330,328,0,1,4,p_1.30.24_LL3f_mi,20
98,172,137,221,676,341,335,0,1,4,p_1.30.24_LL3f_mi,20
99,188,133,226,661,349,312,0,1,4,p_1.30.24_LL3f_mi,20
100,149,116,198,650,331,319,0,1,4,p_1.30.24_LL3f_mi,20
101,102,93,130,698,343,355,0,1,4,p_1.30.24_LL3f_mi,20
102,135,110,174,533,271,262,0,1,4,p_1.30.24_LL3f_mi,20
103,115,88,148,510,250,260,0,1,4,p_1.30.24_LL3f_mi,20
104,101,82,130,473,222,251,0,1,4,p_1.30.24_LL3f_mi,20
105,91,75,116,426,204,222,0,1,4,p_1.30.24_LL3f_mi,20
106,70,56,89,399,204,195,0,1,4,p_1.30.24_LL3f_mi,20
107,52,43,68,359,187,172,0,1,4,p_1.30.24_LL3f_mi,20
108,50,38,63,288,152,136,0,1,4,p_1.30.24_LL3f_mi,20
109,40,39,54,232,126,106,0,1,4,p_1.30.24_LL3f_mi,20
110,28,23,36,196,90,106,0,1,4,p_1.30.24_LL3f_mi,20
111,29,26,37,159,69,90,0,1,4,p_1.30.24_LL3f_mi,20
112,29,24,38,144,59,85,0,1,4,p_1.30.24_LL3f_mi,20
113,30,26,36,119,44,75,0,1,4,p_1.30.24_LL3f_mi,20
114,29,22,36,117,50,67,0,1,4,p_1.30.24_LL3f_mi,20
115,30,28,35,110,48,62,0,1,4,p_1.30.24_LL3f_mi,20
116,26,19,33,108,46,62,0,1,4,p_1.30.24_LL3f_mi,20
117,28,21,34,102,44,58,0,1,4,p_1.30.24_LL3f_mi,20
118,26,21,32,96,49,47,0,1,4,p_1.30.24_LL3f_mi,20
119,27,20,33,102,53,49,0,1,4,p_1.30.24_LL3f_mi,20
120,27,24,34,105,54,51,0,1,4,p_1.30.24_LL3f_mi,20
121,26,23,33,103,55,48,0,1,4,p_1.30.24_LL3f_mi,20
122,27,19,34,107,63,44,0,1,4,p_1.30.24_LL3f_mi,20
123,25,21,33,102,63,39,0,1,4,p_1.30.24_LL3f_mi,20
124,27,22,34,106,64,42,0,1,4,p_1.30.24_LL3f_mi,20
125,25,20,37,128,63,65,19,1,4,p_1.30.24_LL3f_mi,20
126,28,22,36,116,56,60,6,1,4,p_1.30.24_LL3f_mi,20
127,24,21,35,120,52,68,4,1,4,p_1.30.24_LL3f_mi,20
128,30,23,36,109,49,60,0,1,4,p_1.30.24_LL3f_mi,20
129,27,21,34,108,51,57,0,1,4,p_1.30.24_LL3f_mi,20
130,28,23,36,114,53,61,0,1,4,p_1.30.24_LL3f_mi,20
131,26,21,31,98,54,44,0,1,4,p_1.30.24_LL3f_mi,20
132,25,19,31,86,44,42,0,1,4,p_1.30.24_LL3f_mi,20
133,25,18,32,87,44,43,0,1,4,p_1.30.24_LL3f_mi,20
134,21,17,31,88,45,43,0,1,4,p_1.30.24_LL3f_mi,20
135,28,23,33,94,50,44,0,1,4,p_1.30.24_LL3f_mi,20
136,25,20,33,94,54,40,0,1,4,p_1.30.24_LL3f_mi,20
137,23,20,30,92,49,43,0,1,4,p_1.30.24_LL3f_mi,20
138,24,16,30,93,50,43,0,1,4,p_1.30.24_LL3f_mi,20
139,29,23,33,94,48,46,0,1,4,p_1.30.24_LL3f_mi,20
140,23,19,37,115,57,58,16,1,4,p_1.30.24_LL3f_mi,20
141,26,20,35,110,53,57,11,1,4,p_1.30.24_LL3f_mi,20
142,27,20,35,105,49,56,4,1,4,p_1.30.24_LL3f_mi,20
143,26,21,33,104,54,50,2,1,4,p_1.30.24_LL3f_mi,20
144,25,20,33,105,57,48,2,1,4,p_1.30.24_LL3f_mi,20
145,27,23,34,110,59,51,0,1,4,p_1.30.24_LL3f_mi,20
146,27,23,35,111,49,62,0,1,4,p_1.30.24_LL3f_mi,20
147,26,21,34,101,44,57,0,1,4,p_1.30.24_LL3f_mi,20
148,25,20,34,100,50,50,0,1,4,p_1.30.24_LL3f_mi,20
149,22,16,32,100,44,56,0,1,4,p_1.30.24_LL3f_mi,20
150,26,18,33,101,50,51,0,1,4,p_1.30.24_LL3f_mi,20
151,52,38,78,114,58,56,0,1,4,p_1.30.24_LL3f_mi,20
152,77,46,103,161,88,73,0,1,4,p_1.30.24_LL3f_mi,20
153,89,65,123,207,103,104,0,1,4,p_1.30.24_LL3f_mi,20
154,110,83,146,281,141,140,0,1,4,p_1.30.24_LL3f_mi,20
155,121,84,160,362,177,185,20,1,4,p_1.30.24_LL3f_mi,20
156,141,94,178,387,194,193,11,1,4,p_1.30.24_LL3f_mi,20
157,155,118,195,436,215,221,4,1,4,p_1.30.24_LL3f_mi,20
158,164,122,211,499,230,269,0,1,4,p_1.30.24_LL3f_mi,20
159,169,130,222,566,264,302,0,1,4,p_1.30.24_LL3f_mi,20
160,190,144,247,568,267,301,0,1,4,p_1.30.24_LL3f_mi,20
161,178,144,230,655,304,351,0,1,4,p_1.30.24_LL3f_mi,20
162,174,142,219,679,322,357,0,1,4,p_1.30.24_LL3f_mi,20
163,173,131,214,685,332,353,0,1,4,p_1.30.24_LL3f_mi,20
164,168,135,219,676,328,348,0,1,4,p_1.30.24_LL3f_mi,20
165,170,132,221,673,334,339,0,1,4,p_1.30.24_LL3f_mi,20
166,185,138,230,649,306,343,0,1,4,p_1.30.24_LL3f_mi,20
167,177,140,227,648,308,340,0,1,4,p_1.30.24_LL3f_mi,20
168,181,141,224,662,308,354,0,1,4,p_1.30.24_LL3f_mi,20
169,188,142,228,649,309,340,0,1,4,p_1.30.24_LL3f_mi,20
170,170,129,222,667,334,333,15,1,4,p_1.30.24_LL3f_mi,20
171,168,127,220,672,345,327,10,1,4,p_1.30.24_LL3f_mi,20
172,171,130,215,689,362,327,9,1,4,p_1.30.24_LL3f_mi,20
173,180,134,227,663,337,326,3,1,4,p_1.30.24_LL3f_mi,20
174,174,137,226,656,331,325,0,1,4,p_1.30.24_LL3f_mi,20
175,180,142,223,669,326,343,0,1,4,p_1.30.24_LL3f_mi,20
176,166,134,210,702,340,362,0,1,4,p_1.30.24_LL3f_mi,20
177,172,136,219,680,324,356,0,1,4,p_1.30.24_LL3f_mi,20
178,179,141,226,656,302,354,0,1,4,p_1.30.24_LL3f_mi,20
179,183,152,227,657,290,367,0,1,4,p_1.30.24_LL3f_mi,20
180,177,144,226,665,308,357,0,1,4,p_1.30.24_LL3f_mi,20
181,170,138,219,680,323,357,0,1,4,p_1.30.24_LL3f_mi,20
182,172,130,216,687,332,355,0,1,4,p_1.30.24_LL3f_mi,20
183,177,136,227,650,331,319,0,1,4,p_1.30.24_LL3f_mi,20
184,170,133,216,690,330,360,0,1,4,p_1.30.24_LL3f_mi,20
185,172,135,222,668,335,333,0,1,4,p_1.30.24_LL3f_mi,20
186,179,132,228,650,334,316,0,1,4,p_1.30.24_LL3f_mi,20
187,172,129,225,651,336,315,0,1,4,p_1.30.24_LL3f_mi,20
188,179,137,226,668,340,328,0,1,4,p_1.30.24_LL3f_mi,20
189,164,130,213,693,343,350,0,1,4,p_1.30.24_LL3f_mi,20
190,175,136,225,658,325,333,0,1,4,p_1.30.24_LL3f_mi,20
191,180,143,224,662,328,334,0,1,4,p_1.30.24_LL3f_mi,20
192,177,134,233,636,311,325,0,1,4,p_1.30.24_LL3f_mi,20
193,172,138,225,659,331,328,0,1,4,p_1.30.24_LL3f_mi,20
194,180,141,228,651,328,323,0,1,4,p_1.30.24_LL3f_mi,20
195,178,144,230,646,329,317,0,1,4,p_1.30.24_LL3f_mi,20
196,167,129,222,669,338,331,0,1,4,p_1.30.24_LL3f_mi,20
197,169,135,220,678,340,338,0,1,4,p_1.30.24_LL3f_mi,20
198,174,139,223,666,352,314,0,1,4,p_1.30.24_LL3f_mi,20
199,164,128,214,691,361,330,0,1,4,p_1.30.24_LL3f_mi,20
200,162,130,214,686,350,336,0,1,4,p_1.30.24_LL3f_mi,20
201,156,129,210,702,340,362,0,1,4,p_1.30.24_LL3f_mi,20
202,170,132,217,676,327,349,0,1,4,p_1.30.24_LL3f_mi,20
203,175,143,223,670,322,348,0,1,4,p_1.30.24_LL3f_mi,20
204,177,137,229,648,319,329,0,1,4,p_1.30.24_LL3f_mi,20
205,168,130,222,673,351,322,0,1,4,p_1.30.24_LL3f_mi,20
206,177,138,226,661,348,313,0,1,4,p_1.30.24_LL3f_mi,20
207,166,136,218,680,356,324,0,1,4,p_1.30.24_LL3f_mi,20
208,175,126,224,662,338,324,0,1,4,p_1.30.24_LL3f_mi,20
209,180,132,230,647,327,320,0,1,4,p_1.30.24_LL3f_mi,20
210,174,130,223,664,341,323,0,1,4,p_1.30.24_LL3f_mi,20
211,169,135,223,671,335,336,0,1,4,p_1.30.24_LL3f_mi,20
212,175,131,228,652,319,333,0,1,4,p_1.30.24_LL3f_mi,20
213,187,141,237,625,306,319,0,1,4,p_1.30.24_LL3f_mi,20
214,172,133,223,662,319,343,0,1,4,p_1.30.24_LL3f_mi,20
215,167,130,219,685,341,344,0,1,4,p_1.30.24_LL3f_mi,20
216,176,139,225,660,331,329,0,1,4,p_1.30.24_LL3f_mi,20
217,169,138,220,670,337,333,0,1,4,p_1.30.24_LL3f_mi,20
218,183,134,233,628,311,317,0,1,4,p_1.30.24_LL3f_mi,20
219,174,143,224,662,325,337,0,1,4,p_1.30.24_LL3f_mi,20
220,168,130,216,683,309,374,0,1,4,p_1.30.24_LL3f_mi,20
221,170,137,221,667,307,360,0,1,4,p_1.30.24_LL3f_mi,20
222,173,138,218,683,321,362,0,1,4,p_1.30.24_LL3f_mi,20
223,174,135,219,675,317,358,0,1,4,p_1.30.24_LL3f_mi,20
224,174,134,225,662,315,347,0,1,4,p_1.30.24_LL3f_mi,20
225,172,136,224,666,323,343,0,1,4,p_1.30.24_LL3f_mi,20
226,165,128,208,707,328,379,0,1,4,p_1.30.24_LL3f_mi,20
227,164,134,217,687,323,364,0,1,4,p_1.30.24_LL3f_mi,20
228,173,125,225,662,323,339,0,1,4,p_1.30.24_LL3f_mi,20
229,173,132,222,674,355,319,0,1,4,p_1.30.24_LL3f_mi,20
230,179,127,232,636,335,301,0,1,4,p_1.30.24_LL3f_mi,20
231,174,133,232,646,332,314,0,1,4,p_1.30.24_LL3f_mi,20
232,174,131,225,664,331,333,0,1,4,p_1.30.24_LL3f_mi,20
233,172,135,219,679,344,335,0,1,4,p_1.30.24_LL3f_mi,20
234,185,141,227,655,331,324,0,1,4,p_1.30.24_LL3f_mi,20
235,169,134,218,678,336,342,0,1,4,p_1.30.24_LL3f_mi,20
236,177,137,220,679,358,321,0,1,4,p_1.30.24_LL3f_mi,20
237,170,139,226,662,348,314,0,1,4,p_1.30.24_LL3f_mi,20
238,173,129,217,687,365,322,0,1,4,p_1.30.24_LL3f_mi,20
239,174,129,221,670,358,312,0,1,4,p_1.30.24_LL3f_mi,20
240,179,137,230,642,338,304,0,1,4,p_1.30.24_LL3f_mi,20
241,178,148,226,663,331,332,0,1,4,p_1.30.24_LL3f_mi,20
242,180,138,228,651,318,333,0,1,4,p_1.30.24_LL3f_mi,20
243,176,133,230,640,314,326,0,1,4,p_1.30.24_LL3f_mi,20
244,175,134,228,654,328,326,0,1,4,p_1.30.24_LL3f_mi,20
245,177,140,221,673,331,342,0,1,4,p_1.30.24_LL3f_mi,20
246,169,129,224,668,342,326,0,1,4,p_1.30.24_LL3f_mi,20
247,170,135,223,666,329,337,0,1,4,p_1.30.24_LL3f_mi,20
248,169,125,217,685,360,325,0,1,4,p_1.30.24_LL3f_mi,20
249,170,136,220,674,357,317,0,1,4,p_1.30.24_LL3f_mi,20
250,168,136,218,685,342,343,0,1,4,p_1.30.24_LL3f_mi,20
251,156,134,202,723,365,358,0,1,4,p_1.30.24_LL3f_mi,20
252,176,132,230,650,317,333,0,1,4,p_1.30.24_LL3f_mi,20
253,181,138,229,656,322,334,0,1,4,p_1.30.24_LL3f_mi,20
254,171,130,231,642,315,327,0,1,4,p_1.30.24_LL3f_mi,20
255,185,147,228,646,311,335,0,1,4,p_1.30.24_LL3f_mi,20
256,183,142,231,649,304,345,0,1,4,p_1.30.24_LL3f_mi,20
257,175,138,222,678,322,356,0,1,4,p_1.30.24_LL3f_mi,20
258,176,126,231,641,306,335,0,1,4,p_1.30.24_LL3f_mi,20
259,172,130,223,667,326,341,0,1,4,p_1.30.24_LL3f_mi,20
260,182,139,229,651,317,334,0,1,4,p_1.30.24_LL3f_mi,20
261,179,132,223,668,330,338,0,1,4,p_1.30.24_LL3f_mi,20
262,174,136,223,668,337,331,0,1,4,p_1.30.24_LL3f_mi,20
263,166,127,218,679,349,330,0,1,4,p_1.30.24_LL3f_mi,20
264,177,144,227,651,350,301,0,1,4,p_1.30.24_LL3f_mi,20
265,179,126,228,652,362,290,0,1,4,p_1.30.24_LL3f_mi,20
266,177,134,224,663,355,308,0,1,4,p_1.30.24_LL3f_mi,20
267,165,121,224,670,353,317,0,1,4,p_1.30.24_LL3f_mi,20
268,171,127,215,684,362,322,0,1,4,p_1.30.24_LL3f_mi,20
269,183,135,230,651,334,317,0,1,4,p_1.30.24_LL3f_mi,20
270,173,131,228,651,332,319,0,1,4,p_1.30.24_LL3f_mi,20
271,183,146,229,642,326,316,0,1,4,p_1.30.24_LL3f_mi,20
272,172,136,220,671,351,320,0,1,4,p_1.30.24_LL3f_mi,20
273,181,134,226,653,339,314,0,1,4,p_1.30.24_LL3f_mi,20
274,170,133,223,664,338,326,0,1,4,p_1.30.24_LL3f_mi,20
275,180,133,228,651,340,311,0,1,4,p_1.30.24_LL3f_mi,20
276,170,133,214,693,359,334,0,1,4,p_1.30.24_LL3f_mi,20
277,186,145,232,643,317,326,0,1,4,p_1.30.24_LL3f_mi,20
278,177,130,227,655,331,324,0,1,4,p_1.30.24_LL3f_mi,20
279,187,143,230,654,326,328,0,1,4,p_1.30.24_LL3f_mi,20
280,182,140,230,649,318,331,0,1,4,p_1.30.24_LL3f_mi,20
281,165,136,217,679,350,329,0,1,4,p_1.30.24_LL3f_mi,20
282,170,132,217,678,350,328,0,1,4,p_1.30.24_LL3f_mi,20
283,184,141,231,648,337,311,0,1,4,p_1.30.24_LL3f_mi,20
284,183,138,230,640,332,308,0,1,4,p_1.30.24_LL3f_mi,20
285,177,138,228,651,332,319,0,1,4,p_1.30.24_LL3f_mi,20
286,173,129,224,659,332,327,0,1,4,p_1.30.24_LL3f_mi,20
287,176,137,225,658,318,340,0,1,4,p_1.30.24_LL3f_mi,20
288,179,135,232,640,313,327,0,1,4,p_1.30.24_LL3f_mi,20
289,177,138,226,658,330,328,0,1,4,p_1.30.24_LL3f_mi,20
290,179,133,224,667,340,327,0,1,4,p_1.30.24_LL3f_mi,20
291,173,137,223,668,335,333,0,1,4,p_1.30.24_LL3f_mi,20
292,175,142,222,666,328,338,0,1,4,p_1.30.24_LL3f_mi,20
293,164,133,213,694,343,351,0,1,4,p_1.30.24_LL3f_mi,20
294,170,128,226,657,341,316,0,1,4,p_1.30.24_LL3f_mi,20
295,180,141,224,661,344,317,0,1,4,p_1.30.24_LL3f_mi,20
296,178,133,223,663,344,319,0,1,4,p_1.30.24_LL3f_mi,20
297,172,129,219,673,343,330,0,1,4,p_1.30.24_LL3f_mi,20
298,170,136,219,670,333,337,0,1,4,p_1.30.24_LL3f_mi,20
299,173,131,228,657,326,331,0,1,4,p_1.30.24_LL3f_mi,20
300,172,125,227,652,315,337,0,1,4,p_1.30.24_LL3f_mi,20
301,154,129,200,726,363,363,0,1,4,p_1.30.24_LL3f_mi,20
302,177,134,219,678,340,338,0,1,4,p_1.30.24_LL3f_mi,20
303,181,131,233,631,317,314,0,1,4,p_1.30.24_LL3f_mi,20
304,177,127,231,642,326,316,0,1,4,p_1.30.24_LL3f_mi,20
305,180,146,227,658,324,334,0,1,4,p_1.30.24_LL3f_mi,20
306,171,139,226,657,322,335,0,1,4,p_1.30.24_LL3f_mi,20
307,167,136,214,691,343,348,0,1,4,p_1.30.24_LL3f_mi,20
308,176,130,220,674,340,334,0,1,4,p_1.30.24_LL3f_mi,20
309,166,131,222,668,335,333,0,1,4,p_1.30.24_LL3f_mi,20
310,177,141,229,648,336,312,0,1,4,p_1.30.24_LL3f_mi,20
311,182,131,223,664,343,321,0,1,4,p_1.30.24_LL3f_mi,20
312,173,135,224,668,345,323,0,1,4,p_1.30.24_LL3f_mi,20
313,174,131,227,662,334,328,0,1,4,p_1.30.24_LL3f_mi,20
314,172,141,214,691,367,324,0,1,4,p_1.30.24_LL3f_mi,20
315,168,128,219,676,377,299,0,1,4,p_1.30.24_LL3f_mi,20
316,171,127,219,674,372,302,0,1,4,p_1.30.24_LL3f_mi,20
317,172,131,218,676,336,340,0,1,4,p_1.30.24_LL3f_mi,20
318,169,128,224,662,323,339,0,1,4,p_1.30.24_LL3f_mi,20
319,165,133,217,681,326,355,0,1,4,p_1.30.24_LL3f_mi,20
320,173,141,222,670,310,360,0,1,4,p_1.30.24_LL3f_mi,20
321,180,146,226,661,295,366,0,1,4,p_1.30.24_LL3f_mi,20
322,172,135,219,674,305,369,0,1,4,p_1.30.24_LL3f_mi,20
323,173,128,221,682,337,345,0,1,4,p_1.30.24_LL3f_mi,20
324,161,134,218,679,335,344,0,1,4,p_1.30.24_LL3f_mi,20
325,176,140,221,672,326,346,0,1,4,p_1.30.24_LL3f_mi,20
326,153,125,200,724,351,373,0,1,4,p_1.30.24_LL3f_mi,20
327,168,130,221,675,317,358,0,1,4,p_1.30.24_LL3f_mi,20
328,173,134,229,644,294,350,0,1,4,p_1.30.24_LL3f_mi,20
329,181,139,231,648,305,343,0,1,4,p_1.30.24_LL3f_mi,20
330,176,137,230,648,312,336,0,1,4,p_1.30.24_LL3f_mi,20
331,171,133,220,678,335,343,0,1,4,p_1.30.24_LL3f_mi,20
332,182,135,231,649,319,330,0,1,4,p_1.30.24_LL3f_mi,20
333,182,138,231,647,331,316,0,1,4,p_1.30.24_LL3f_mi,20
334,164,131,218,682,335,347,0,1,4,p_1.30.24_LL3f_mi,20
335,172,141,219,677,351,326,0,1,4,p_1.30.24_LL3f_mi,20
336,171,140,220,672,358,314,0,1,4,p_1.30.24_LL3f_mi,20
337,179,143,226,659,342,317,0,1,4,p_1.30.24_LL3f_mi,20
338,168,125,212,701,368,333,0,1,4,p_1.30.24_LL3f_mi,20
339,175,137,227,652,327,325,0,1,4,p_1.30.24_LL3f_mi,20
340,177,131,229,654,331,323,0,1,4,p_1.30.24_LL3f_mi,20
341,178,143,221,676,342,334,0,1,4,p_1.30.24_LL3f_mi,20
342,173,142,223,670,323,347,0,1,4,p_1.30.24_LL3f_mi,20
343,175,139,226,654,340,314,0,1,4,p_1.30.24_LL3f_mi,20
344,176,131,234,632,321,311,0,1,4,p_1.30.24_LL3f_mi,20
345,179,135,233,643,337,306,0,1,4,p_1.30.24_LL3f_mi,20
346,173,137,219,675,336,339,0,1,4,p_1.30.24_LL3f_mi,20
347,178,142,219,673,330,343,0,1,4,p_1.30.24_LL3f_mi,20
348,173,136,230,643,310,333,0,1,4,p_1.30.24_LL3f_mi,20
349,167,140,224,663,337,326,0,1,4,p_1.30.24_LL3f_mi,20
350,171,135,223,668,345,323,0,1,4,p_1.30.24_LL3f_mi,20
1,4,4,5,654,339,315,0,1,5,p_1.30.24_LL3f_mi,20
2,114,102,139,832,417,415,0,1,5,p_1.30.24_LL3f_mi,20
3,127,113,169,784,390,394,0,1,5,p_1.30.24_LL3f_mi,20
4,164,131,217,683,340,343,0,1,5,p_1.30.24_LL3f_mi,20
5,180,141,230,640,316,324,0,1,5,p_1.30.24_LL3f_mi,20
6,179,136,226,654,325,329,0,1,5,p_1.30.24_LL3f_mi,20
7,176,137,224,660,332,328,0,1,5,p_1.30.24_LL3f_mi,20
8,173,140,223,672,329,343,0,1,5,p_1.30.24_LL3f_mi,20
9,179,148,224,663,323,340,0,1,5,p_1.30.24_LL3f_mi,20
10,176,139,222,673,323,350,0,1,5,p_1.30.24_LL3f_mi,20
11,173,131,226,661,319,342,0,1,5,p_1.30.24_LL3f_mi,20
12,168,135,222,671,316,355,0,1,5,p_1.30.24_LL3f_mi,20
13,173,129,216,694,330,364,0,1,5,p_1.30.24_LL3f_mi,20
14,171,139,222,670,321,349,0,1,5,p_1.30.24_LL3f_mi,20
15,172,142,218,685,331,354,0,1,5,p_1.30.24_LL3f_mi,20
16,173,134,221,666,321,345,0,1,5,p_1.30.24_LL3f_mi,20
17,177,139,224,664,321,343,0,1,5,p_1.30.24_LL3f_mi,20
18,176,137,225,668,330,338,0,1,5,p_1.30.24_LL3f_mi,20
19,172,132,225,661,330,331,0,1,5,p_1.30.24_LL3f_mi,20
20,174,134,218,675,320,355,0,1,5,p_1.30.24_LL3f_mi,20
21,171,136,223,663,316,347,0,1,5,p_1.30.24_LL3f_mi,20
22,178,138,224,656,319,337,0,1,5,p_1.30.24_LL3f_mi,20
23,176,141,225,658,307,351,0,1,5,p_1.30.24_LL3f_mi,20
24,172,130,227,661,306,355,0,1,5,p_1.30.24_LL3f_mi,20
25,179,136,227,656,312,344,0,1,5,p_1.30.24_LL3f_mi,20
26,156,126,203,714,340,374,0,1,5,p_1.30.24_LL3f_mi,20
27,167,127,219,677,329,348,0,1,5,p_1.30.24_LL3f_mi,20
28,176,136,221,670,328,342,0,1,5,p_1.30.24_LL3f_mi,20
29,184,138,231,639,318,321,0,1,5,p_1.30.24_LL3f_mi,20
30,178,136,227,653,318,335,0,1,5,p_1.30.24_LL3f_mi,20
31,174,140,221,668,328,340,0,1,5,p_1.30.24_LL3f_mi,20
32,180,141,228,648,312,336,0,1,5,p_1.30.24_LL3f_mi,20
33,180,144,219,674,321,353,0,1,5,p_1.30.24_LL3f_mi,20
34,173,142,226,656,312,344,0,1,5,p_1.30.24_LL3f_mi,20
35,178,132,229,644,317,327,0,1,5,p_1.30.24_LL3f_mi,20
36,185,147,228,649,316,333,0,1,5,p_1.30.24_LL3f_mi,20
37,173,137,223,670,338,332,0,1,5,p_1.30.24_LL3f_mi,20
38,168,132,225,660,335,325,0,1,5,p_1.30.24_LL3f_mi,20
39,172,129,222,667,338,329,0,1,5,p_1.30.24_LL3f_mi,20
40,169,136,219,682,346,336,0,1,5,p_1.30.24_LL3f_mi,20
41,175,138,223,662,348,314,0,1,5,p_1.30.24_LL3f_mi,20
42,168,136,221,672,355,317,0,1,5,p_1.30.24_LL3f_mi,20
43,178,139,223,666,348,318,0,1,5,p_1.30.24_LL3f_mi,20
44,172,129,225,658,340,318,0,1,5,p_1.30.24_LL3f_mi,20
45,175,128,223,670,336,334,0,1,5,p_1.30.24_LL3f_mi,20
46,169,140,222,673,337,336,0,1,5,p_1.30.24_LL3f_mi,20
47,179,130,226,653,337,316,0,1,5,p_1.30.24_LL3f_mi,20
48,171,135,224,668,341,327,0,1,5,p_1.30.24_LL3f_mi,20
49,171,130,220,682,349,333,0,1,5,p_1.30.24_LL3f_mi,20
50,173,125,225,660,331,329,0,1,5,p_1.30.24_LL3f_mi,20
51,165,132,207,712,361,351,0,1,5,p_1.30.24_LL3f_mi,20
52,183,135,233,635,312,323,0,1,5,p_1.30.24_LL3f_mi,20
53,175,139,233,634,304,330,0,1,5,p_1.30.24_LL3f_mi,20
54,175,136,227,658,315,343,0,1,5,p_1.30.24_LL3f_mi,20
55,173,134,222,667,322,345,0,1,5,p_1.30.24_LL3f_mi,20
56,176,144,221,677,318,359,0,1,5,p_1.30.24_LL3f_mi,20
57,175,138,223,667,319,348,0,1,5,p_1.30.24_LL3f_mi,20
58,173,132,223,665,344,321,0,1,5,p_1.30.24_LL3f_mi,20
59,170,127,214,692,341,351,0,1,5,p_1.30.24_LL3f_mi,20
60,177,139,226,650,326,324,0,1,5,p_1.30.24_LL3f_mi,20
61,173,132,229,651,331,320,0,1,5,p_1.30.24_LL3f_mi,20
62,169,128,216,693,343,350,0,1,5,p_1.30.24_LL3f_mi,20
63,175,140,224,665,307,358,0,1,5,p_1.30.24_LL3f_mi,20
64,173,128,223,663,316,347,0,1,5,p_1.30.24_LL3f_mi,20
65,186,143,228,650,322,328,0,1,5,p_1.30.24_LL3f_mi,20
66,176,133,222,671,346,325,0,1,5,p_1.30.24_LL3f_mi,20
67,164,126,208,703,381,322,0,1,5,p_1.30.24_LL3f_mi,20
68,168,125,222,668,358,310,0,1,5,p_1.30.24_LL3f_mi,20
69,178,140,227,656,340,316,0,1,5,p_1.30.24_LL3f_mi,20
70,171,133,219,674,342,332,0,1,5,p_1.30.24_LL3f_mi,20
71,182,147,231,646,332,314,0,1,5,p_1.30.24_LL3f_mi,20
72,181,139,228,642,320,322,0,1,5,p_1.30.24_LL3f_mi,20
73,169,125,214,690,335,355,0,1,5,p_1.30.24_LL3f_mi,20
74,172,136,223,674,323,351,0,1,5,p_1.30.24_LL3f_mi,20
75,178,138,232,635,299,336,0,1,5,p_1.30.24_LL3f_mi,20
76,163,138,208,704,328,376,0,1,5,p_1.30.24_LL3f_mi,20
77,166,137,218,686,311,375,0,1,5,p_1.30.24_LL3f_mi,20
78,173,144,217,681,302,379,0,1,5,p_1.30.24_LL3f_mi,20
79,178,142,222,670,308,362,0,1,5,p_1.30.24_LL3f_mi,20
80,178,134,225,661,314,347,0,1,5,p_1.30.24_LL3f_mi,20
81,166,129,218,681,327,354,0,1,5,p_1.30.24_LL3f_mi,20
82,174,138,230,651,313,338,0,1,5,p_1.30.24_LL3f_mi,20
83,172,131,223,668,324,344,0,1,5,p_1.30.24_LL3f_mi,20
84,172,136,225,667,333,334,0,1,5,p_1.30.24_LL3f_mi,20
85,170,127,220,675,355,320,0,1,5,p_1.30.24_LL3f_mi,20
86,170,131,224,663,331,332,0,1,5,p_1.30.24_LL3f_mi,20
87,185,137,226,656,316,340,0,1,5,p_1.30.24_LL3f_mi,20
88,180,143,222,663,307,356,0,1,5,p_1.30.24_LL3f_mi,20
89,179,146,222,669,309,360,0,1,5,p_1.30.24_LL3f_mi,20
90,176,141,218,681,313,368,0,1,5,p_1.30.24_LL3f_mi,20
91,182,141,230,649,313,336,0,1,5,p_1.30.24_LL3f_mi,20
92,179,145,226,657,317,340,0,1,5,p_1.30.24_LL3f_mi,20
93,176,127,227,657,327,330,0,1,5,p_1.30.24_LL3f_mi,20
94,181,131,229,648,339,309,0,1,5,p_1.30.24_LL3f_mi,20
95,182,136,228,656,331,325,0,1,5,p_1.30.24_LL3f_mi,20
96,176,133,227,651,328,323,0,1,5,p_1.30.24_LL3f_mi,20
97,178,129,228,651,326,325,0,1,5,p_1.30.24_LL3f_mi,20
98,163,128,223,668,311,357,0,1,5,p_1.30.24_LL3f_mi,20
99,172,131,218,681,334,347,0,1,5,p_1.30.24_LL3f_mi,20
100,143,118,194,661,321,340,0,1,5,p_1.30.24_LL3f_mi,20
101,117,103,147,671,330,341,0,1,5,p_1.30.24_LL3f_mi,20
102,118,98,149,591,296,295,0,1,5,p_1.30.24_LL3f_mi,20
103,109,89,142,522,263,259,0,1,5,p_1.30.24_LL3f_mi,20
104,110,88,142,444,223,221,0,1,5,p_1.30.24_LL3f_mi,20
105,78,68,100,455,225,230,0,1,5,p_1.30.24_LL3f_mi,20
106,66,55,85,400,195,205,0,1,5,p_1.30.24_LL3f_mi,20
107,60,48,80,333,177,156,0,1,5,p_1.30.24_LL3f_mi,20
108,52,39,66,287,153,134,0,1,5,p_1.30.24_LL3f_mi,20
109,17,16,21,278,149,129,0,1,5,p_1.30.24_LL3f_mi,20
110,27,24,38,182,93,89,0,1,5,p_1.30.24_LL3f_mi,20
111,29,23,36,168,83,85,0,1,5,p_1.30.24_LL3f_mi,20
112,28,23,37,137,71,66,0,1,5,p_1.30.24_LL3f_mi,20
113,29,20,37,123,70,53,0,1,5,p_1.30.24_LL3f_mi,20
114,26,20,34,119,65,54,0,1,5,p_1.30.24_LL3f_mi,20
115,27,22,34,114,57,57,0,1,5,p_1.30.24_LL3f_mi,20
116,27,22,34,102,47,55,0,1,5,p_1.30.24_LL3f_mi,20
117,26,20,34,106,48,58,0,1,5,p_1.30.24_LL3f_mi,20
118,26,24,32,99,46,53,0,1,5,p_1.30.24_LL3f_mi,20
119,28,23,35,103,46,57,0,1,5,p_1.30.24_LL3f_mi,20
120,28,21,36,116,54,62,0,1,5,p_1.30.24_LL3f_mi,20
121,26,23,35,114,52,62,0,1,5,p_1.30.24_LL3f_mi,20
122,27,22,35,112,54,58,0,1,5,p_1.30.24_LL3f_mi,20
123,25,22,34,106,52,54,0,1,5,p_1.30.24_LL3f_mi,20
124,27,21,32,102,54,48,0,1,5,p_1.30.24_LL3f_mi,20
125,25,17,37,122,60,62,20,1,5,p_1.30.24_LL3f_mi,20
126,28,18,36,128,69,59,10,1,5,p_1.30.24_LL3f_mi,20
127,30,21,37,117,64,53,4,1,5,p_1.30.24_LL3f_mi,20
128,32,27,37,122,64,58,1,1,5,p_1.30.24_LL3f_mi,20
129,26,19,37,124,59,65,0,1,5,p_1.30.24_LL3f_mi,20
130,32,22,37,115,61,54,0,1,5,p_1.30.24_LL3f_mi,20
131,26,22,36,113,59,54,0,1,5,p_1.30.24_LL3f_mi,20
132,29,22,36,115,60,55,0,1,5,p_1.30.24_LL3f_mi,20
133,28,22,34,106,50,56,0,1,5,p_1.30.24_LL3f_mi,20
134,26,24,34,101,53,48,0,1,5,p_1.30.24_LL3f_mi,20
135,30,25,35,102,49,53,0,1,5,p_1.30.24_LL3f_mi,20
136,27,19,34,106,52,54,0,1,5,p_1.30.24_LL3f_mi,20
137,26,22,35,108,49,59,0,1,5,p_1.30.24_LL3f_mi,20
138,27,21,34,105,45,60,0,1,5,p_1.30.24_LL3f_mi,20
139,26,21,33,99,46,53,0,1,5,p_1.30.24_LL3f_mi,20
140,25,18,36,127,68,59,19,1,5,p_1.30.24_LL3f_mi,20
141,29,25,35,116,56,60,8,1,5,p_1.30.24_LL3f_mi,20
142,28,22,34,108,54,54,3,1,5,p_1.30.24_LL3f_mi,20
143,31,26,37,105,53,52,1,1,5,p_1.30.24_LL3f_mi,20
144,26,20,33,106,54,52,0,1,5,p_1.30.24_LL3f_mi,20
145,26,20,34,102,53,49,0,1,5,p_1.30.24_LL3f_mi,20
146,27,21,35,106,54,52,0,1,5,p_1.30.24_LL3f_mi,20
147,25,22,34,96,44,52,0,1,5,p_1.30.24_LL3f_mi,20
148,27,23,33,104,42,62,0,1,5,p_1.30.24_LL3f_mi,20
149,26,23,32,95,40,55,0,1,5,p_1.30.24_LL3f_mi,20
150,25,20,31,98,42,56,0,1,5,p_1.30.24_LL3f_mi,20
151,47,32,70,111,47,64,0,1,5,p_1.30.24_LL3f_mi,20
152,66,41,97,146,68,78,0,1,5,p_1.30.24_LL3f_mi,20
153,91,62,122,202,102,100,0,1,5,p_1.30.24_LL3f_mi,20
154,109,76,145,260,131,129,0,1,5,p_1.30.24_LL3f_mi,20
155,129,88,162,336,176,160,16,1,5,p_1.30.24_LL3f_mi,20
156,134,97,179,399,207,192,11,1,5,p_1.30.24_LL3f_mi,20
157,155,110,196,440,232,208,5,1,5,p_1.30.24_LL3f_mi,20
158,156,120,207,523,267,256,3,1,5,p_1.30.24_LL3f_mi,20
159,179,132,227,545,265,280,1,1,5,p_1.30.24_LL3f_mi,20
160,191,141,240,601,282,319,1,1,5,p_1.30.24_LL3f_mi,20
161,182,150,230,639,283,356,0,1,5,p_1.30.24_LL3f_mi,20
162,184,142,228,655,307,348,0,1,5,p_1.30.24_LL3f_mi,20
163,166,137,214,689,340,349,0,1,5,p_1.30.24_LL3f_mi,20
164,174,141,223,664,324,340,0,1,5,p_1.30.24_LL3f_mi,20
165,182,136,230,644,330,314,0,1,5,p_1.30.24_LL3f_mi,20
166,179,140,230,645,328,317,0,1,5,p_1.30.24_LL3f_mi,20
167,177,135,226,665,353,312,0,1,5,p_1.30.24_LL3f_mi,20
168,178,146,220,676,352,324,0,1,5,p_1.30.24_LL3f_mi,20
169,174,142,223,668,334,334,0,1,5,p_1.30.24_LL3f_mi,20
170,179,139,227,656,318,338,17,1,5,p_1.30.24_LL3f_mi,20
171,176,138,221,670,333,337,11,1,5,p_1.30.24_LL3f_mi,20
172,169,132,221,671,337,334,6,1,5,p_1.30.24_LL3f_mi,20
173,166,131,218,682,341,341,5,1,5,p_1.30.24_LL3f_mi,20
174,174,141,226,654,332,322,2,1,5,p_1.30.24_LL3f_mi,20
175,178,140,230,647,339,308,0,1,5,p_1.30.24_LL3f_mi,20
176,162,128,206,708,369,339,0,1,5,p_1.30.24_LL3f_mi,20
177,178,134,228,654,321,333,0,1,5,p_1.30.24_LL3f_mi,20
178,186,134,233,634,326,308,0,1,5,p_1.30.24_LL3f_mi,20
179,177,133,220,677,333,344,0,1,5,p_1.30.24_LL3f_mi,20
180,172,133,221,674,346,328,0,1,5,p_1.30.24_LL3f_mi,20
181,163,131,215,688,355,333,0,1,5,p_1.30.24_LL3f_mi,20
182,172,134,226,663,327,336,0,1,5,p_1.30.24_LL3f_mi,20
183,183,137,231,645,312,333,0,1,5,p_1.30.24_LL3f_mi,20
184,170,137,218,682,322,360,0,1,5,p_1.30.24_LL3f_mi,20
185,171,140,213,693,323,370,0,1,5,p_1.30.24_LL3f_mi,20
186,173,137,222,677,302,375,0,1,5,p_1.30.24_LL3f_mi,20
187,174,143,221,674,304,370,0,1,5,p_1.30.24_LL3f_mi,20
188,170,123,218,682,329,353,0,1,5,p_1.30.24_LL3f_mi,20
189,176,130,228,651,311,340,0,1,5,p_1.30.24_LL3f_mi,20
190,181,141,223,666,314,352,0,1,5,p_1.30.24_LL3f_mi,20
191,176,145,226,665,307,358,0,1,5,p_1.30.24_LL3f_mi,20
192,167,125,219,681,319,362,0,1,5,p_1.30.24_LL3f_mi,20
193,175,138,226,660,319,341,0,1,5,p_1.30.24_LL3f_mi,20
194,182,139,229,647,333,314,0,1,5,p_1.30.24_LL3f_mi,20
195,178,135,229,646,325,321,0,1,5,p_1.30.24_LL3f_mi,20
196,177,136,225,663,316,347,0,1,5,p_1.30.24_LL3f_mi,20
197,177,136,227,661,313,348,0,1,5,p_1.30.24_LL3f_mi,20
198,172,137,223,662,313,349,0,1,5,p_1.30.24_LL3f_mi,20
199,183,138,223,665,315,350,0,1,5,p_1.30.24_LL3f_mi,20
200,185,144,227,653,326,327,0,1,5,p_1.30.24_LL3f_mi,20
201,169,135,217,682,330,352,0,1,5,p_1.30.24_LL3f_mi,20
202,172,131,224,665,337,328,0,1,5,p_1.30.24_LL3f_mi,20
203,179,141,227,653,337,316,0,1,5,p_1.30.24_LL3f_mi,20
204,176,132,226,661,337,324,0,1,5,p_1.30.24_LL3f_mi,20
205,169,134,219,674,355,319,0,1,5,p_1.30.24_LL3f_mi,20
206,174,134,218,688,350,338,0,1,5,p_1.30.24_LL3f_mi,20
207,171,133,222,673,330,343,0,1,5,p_1.30.24_LL3f_mi,20
208,180,140,230,647,316,331,0,1,5,p_1.30.24_LL3f_mi,20
209,178,139,231,644,312,332,0,1,5,p_1.30.24_LL3f_mi,20
210,175,145,225,667,325,342,0,1,5,p_1.30.24_LL3f_mi,20
211,174,136,221,674,329,345,0,1,5,p_1.30.24_LL3f_mi,20
212,169,134,220,678,332,346,0,1,5,p_1.30.24_LL3f_mi,20
213,179,132,229,650,314,336,0,1,5,p_1.30.24_LL3f_mi,20
214,172,133,223,667,318,349,0,1,5,p_1.30.24_LL3f_mi,20
215,166,144,221,671,327,344,0,1,5,p_1.30.24_LL3f_mi,20
216,173,136,226,657,335,322,0,1,5,p_1.30.24_LL3f_mi,20
217,167,127,217,684,334,350,0,1,5,p_1.30.24_LL3f_mi,20
218,169,131,226,654,329,325,0,1,5,p_1.30.24_LL3f_mi,20
219,182,133,229,651,336,315,0,1,5,p_1.30.24_LL3f_mi,20
220,176,134,223,665,334,331,0,1,5,p_1.30.24_LL3f_mi,20
221,167,130,209,707,369,338,0,1,5,p_1.30.24_LL3f_mi,20
222,178,141,225,664,356,308,0,1,5,p_1.30.24_LL3f_mi,20
223,171,136,225,661,345,316,0,1,5,p_1.30.24_LL3f_mi,20
224,178,143,232,634,316,318,0,1,5,p_1.30.24_LL3f_mi,20
225,188,144,228,650,322,328,0,1,5,p_1.30.24_LL3f_mi,20
226,160,130,203,718,351,367,0,1,5,p_1.30.24_LL3f_mi,20
227,170,137,223,672,337,335,0,1,5,p_1.30.24_LL3f_mi,20
228,176,134,226,659,335,324,0,1,5,p_1.30.24_LL3f_mi,20
229,178,134,228,652,335,317,0,1,5,p_1.30.24_LL3f_mi,20
230,169,131,224,664,321,343,0,1,5,p_1.30.24_LL3f_mi,20
231,170,135,225,666,313,353,0,1,5,p_1.30.24_LL3f_mi,20
232,177,137,220,670,325,345,0,1,5,p_1.30.24_LL3f_mi,20
233,171,138,218,684,335,349,0,1,5,p_1.30.24_LL3f_mi,20
234,175,132,224,662,332,330,0,1,5,p_1.30.24_LL3f_mi,20
235,175,136,224,667,350,317,0,1,5,p_1.30.24_LL3f_mi,20
236,179,135,226,659,336,323,0,1,5,p_1.30.24_LL3f_mi,20
237,175,137,223,665,340,325,0,1,5,p_1.30.24_LL3f_mi,20
238,175,131,229,650,318,332,0,1,5,p_1.30.24_LL3f_mi,20
239,177,139,228,655,308,347,0,1,5,p_1.30.24_LL3f_mi,20
240,168,131,222,669,322,347,0,1,5,p_1.30.24_LL3f_mi,20
241,167,137,221,671,334,337,0,1,5,p_1.30.24_LL3f_mi,20
242,179,134,223,673,348,325,0,1,5,p_1.30.24_LL3f_mi,20
243,168,132,218,680,336,344,0,1,5,p_1.30.24_LL3f_mi,20
244,172,136,221,675,325,350,0,1,5,p_1.30.24_LL3f_mi,20
245,172,144,219,675,324,351,0,1,5,p_1.30.24_LL3f_mi,20
246,173,138,225,656,329,327,0,1,5,p_1.30.24_LL3f_mi,20
247,171,131,225,659,335,324,0,1,5,p_1.30.24_LL3f_mi,20
248,172,133,218,681,340,341,0,1,5,p_1.30.24_LL3f_mi,20
249,176,143,228,652,326,326,0,1,5,p_1.30.24_LL3f_mi,20
250,170,134,224,664,324,340,0,1,5,p_1.30.24_LL3f_mi,20
251,166,133,216,689,351,338,0,1,5,p_1.30.24_LL3f_mi,20
252,181,132,223,667,329,338,0,1,5,p_1.30.24_LL3f_mi,20
253,169,138,216,688,359,329,0,1,5,p_1.30.24_LL3f_mi,20
254,174,125,227,659,356,303,0,1,5,p_1.30.24_LL3f_mi,20
255,171,123,218,677,363,314,0,1,5,p_1.30.24_LL3f_mi,20
256,176,137,225,660,348,312,0,1,5,p_1.30.24_LL3f_mi,20
257,169,129,223,666,347,319,0,1,5,p_1.30.24_LL3f_mi,20
258,175,135,224,661,329,332,0,1,5,p_1.30.24_LL3f_mi,20
259,176,138,229,650,323,327,0,1,5,p_1.30.24_LL3f_mi,20
260,176,140,227,665,331,334,0,1,5,p_1.30.24_LL3f_mi,20
261,174,138,225,664,332,332,0,1,5,p_1.30.24_LL3f_mi,20
262,166,134,215,690,341,349,0,1,5,p_1.30.24_LL3f_mi,20
263,166,132,220,682,326,356,0,1,5,p_1.30.24_LL3f_mi,20
264,182,143,228,658,313,345,0,1,5,p_1.30.24_LL3f_mi,20
265,176,140,224,668,323,345,0,1,5,p_1.30.24_LL3f_mi,20
266,178,138,228,651,336,315,0,1,5,p_1.30.24_LL3f_mi,20
267,178,142,232,642,339,303,0,1,5,p_1.30.24_LL3f_mi,20
268,174,141,225,660,340,320,0,1,5,p_1.30.24_LL3f_mi,20
269,175,138,230,643,323,320,0,1,5,p_1.30.24_LL3f_mi,20
270,176,136,224,668,327,341,0,1,5,p_1.30.24_LL3f_mi,20
271,175,135,225,665,329,336,0,1,5,p_1.30.24_LL3f_mi,20
272,169,129,220,677,347,330,0,1,5,p_1.30.24_LL3f_mi,20
273,170,131,222,669,327,342,0,1,5,p_1.30.24_LL3f_mi,20
274,177,130,222,670,344,326,0,1,5,p_1.30.24_LL3f_mi,20
275,179,135,218,680,341,339,0,1,5,p_1.30.24_LL3f_mi,20
276,163,130,210,703,344,359,0,1,5,p_1.30.24_LL3f_mi,20
277,178,142,228,651,320,331,0,1,5,p_1.30.24_LL3f_mi,20
278,173,136,222,674,321,353,0,1,5,p_1.30.24_LL3f_mi,20
279,175,137,223,666,328,338,0,1,5,p_1.30.24_LL3f_mi,20
280,181,138,227,661,343,318,0,1,5,p_1.30.24_LL3f_mi,20
281,180,138,228,656,337,319,0,1,5,p_1.30.24_LL3f_mi,20
282,182,145,228,653,337,316,0,1,5,p_1.30.24_LL3f_mi,20
283,177,138,225,659,326,333,0,1,5,p_1.30.24_LL3f_mi,20
284,170,135,221,676,331,345,0,1,5,p_1.30.24_LL3f_mi,20
285,173,134,219,674,340,334,0,1,5,p_1.30.24_LL3f_mi,20
286,179,137,225,657,338,319,0,1,5,p_1.30.24_LL3f_mi,20
287,168,132,223,665,323,342,0,1,5,p_1.30.24_LL3f_mi,20
288,167,134,221,673,313,360,0,1,5,p_1.30.24_LL3f_mi,20
289,170,131,222,673,314,359,0,1,5,p_1.30.24_LL3f_mi,20
290,179,150,225,661,306,355,0,1,5,p_1.30.24_LL3f_mi,20
291,182,135,232,642,293,349,0,1,5,p_1.30.24_LL3f_mi,20
292,174,132,227,658,323,335,0,1,5,p_1.30.24_LL3f_mi,20
293,176,145,227,660,324,336,0,1,5,p_1.30.24_LL3f_mi,20
294,181,139,230,649,321,328,0,1,5,p_1.30.24_LL3f_mi,20
295,170,135,222,671,346,325,0,1,5,p_1.30.24_LL3f_mi,20
296,173,129,227,656,339,317,0,1,5,p_1.30.24_LL3f_mi,20
297,178,128,231,637,328,309,0,1,5,p_1.30.24_LL3f_mi,20
298,176,138,227,660,333,327,0,1,5,p_1.30.24_LL3f_mi,20
299,172,138,223,663,322,341,0,1,5,p_1.30.24_LL3f_mi,20
300,176,135,222,670,323,347,0,1,5,p_1.30.24_LL3f_mi,20
301,160,128,207,712,331,381,0,1,5,p_1.30.24_LL3f_mi,20
302,169,133,220,675,324,351,0,1,5,p_1.30.24_LL3f_mi,20
303,172,140,221,679,324,355,0,1,5,p_1.30.24_LL3f_mi,20
304,166,123,215,683,333,350,0,1,5,p_1.30.24_LL3f_mi,20
305,171,139,216,683,337,346,0,1,5,p_1.30.24_LL3f_mi,20
306,170,137,224,665,327,338,0,1,5,p_1.30.24_LL3f_mi,20
307,170,133,221,667,346,321,0,1,5,p_1.30.24_LL3f_mi,20
308,168,128,224,666,347,319,0,1,5,p_1.30.24_LL3f_mi,20
309,175,135,222,675,348,327,0,1,5,p_1.30.24_LL3f_mi,20
310,170,130,219,673,350,323,0,1,5,p_1.30.24_LL3f_mi,20
311,161,133,208,711,372,339,0,1,5,p_1.30.24_LL3f_mi,20
312,181,141,228,651,318,333,0,1,5,p_1.30.24_LL3f_mi,20
313,176,141,229,645,315,330,0,1,5,p_1.30.24_LL3f_mi,20
314,180,147,227,654,319,335,0,1,5,p_1.30.24_LL3f_mi,20
315,182,135,229,645,311,334,0,1,5,p_1.30.24_LL3f_mi,20
316,166,127,216,684,351,333,0,1,5,p_1.30.24_LL3f_mi,20
317,177,136,218,683,346,337,0,1,5,p_1.30.24_LL3f_mi,20
318,170,132,223,662,355,307,0,1,5,p_1.30.24_LL3f_mi,20
319,166,123,215,691,381,310,0,1,5,p_1.30.24_LL3f_mi,20
320,178,134,223,669,352,317,0,1,5,p_1.30.24_LL3f_mi,20
321,176,132,226,665,343,322,0,1,5,p_1.30.24_LL3f_mi,20
322,182,138,235,631,324,307,0,1,5,p_1.30.24_LL3f_mi,20
323,183,139,228,652,333,319,0,1,5,p_1.30.24_LL3f_mi,20
324,179,133,228,648,338,310,0,1,5,p_1.30.24_LL3f_mi,20
325,173,135,222,676,341,335,0,1,5,p_1.30.24_LL3f_mi,20
326,166,130,211,702,349,353,0,1,5,p_1.30.24_LL3f_mi,20
327,182,137,228,652,331,321,0,1,5,p_1.30.24_LL3f_mi,20
328,168,127,220,667,350,317,0,1,5,p_1.30.24_LL3f_mi,20
329,174,131,221,672,343,329,0,1,5,p_1.30.24_LL3f_mi,20
330,179,131,227,658,334,324,0,1,5,p_1.30.24_LL3f_mi,20
331,171,137,215,689,339,350,0,1,5,p_1.30.24_LL3f_mi,20
332,176,138,220,680,347,333,0,1,5,p_1.30.24_LL3f_mi,20
333,170,131,224,666,337,329,0,1,5,p_1.30.24_LL3f_mi,20
334,184,143,226,669,334,335,0,1,5,p_1.30.24_LL3f_mi,20
335,171,139,223,671,334,337,0,1,5,p_1.30.24_LL3f_mi,20
336,167,133,221,668,339,329,0,1,5,p_1.30.24_LL3f_mi,20
337,165,132,215,689,339,350,0,1,5,p_1.30.24_LL3f_mi,20
338,175,134,220,674,334,340,0,1,5,p_1.30.24_LL3f_mi,20
339,173,132,226,660,323,337,0,1,5,p_1.30.24_LL3f_mi,20
340,185,146,225,661,338,323,0,1,5,p_1.30.24_LL3f_mi,20
341,174,141,225,659,339,320,0,1,5,p_1.30.24_LL3f_mi,20
342,182,144,226,652,327,325,0,1,5,p_1.30.24_LL3f_mi,20
343,169,135,214,691,352,339,0,1,5,p_1.30.24_LL3f_mi,20
344,177,140,227,652,311,341,0,1,5,p_1.30.24_LL3f_mi,20
345,175,141,223,672,328,344,0,1,5,p_1.30.24_LL3f_mi,20
346,167,139,222,667,312,355,0,1,5,p_1.30.24_LL3f_mi,20
347,178,146,226,660,322,338,0,1,5,p_1.30.24_LL3f_mi,20
348,178,139,228,651,321,330,0,1,5,p_1.30.24_LL3f_mi,20
349,170,133,217,681,336,345,0,1,5,p_1.30.24_LL3f_mi,20
350,173,141,220,674,327,347,0,1,5,p_1.30.24_LL3f_mi,20
